File generated with the 3DMorph Toolkit, by Sylvain Tertois.
#N1007
#P-0.9241 0.0645 -0.0028 1.0000 0.6588 0.0000
#P-0.9241 0.0516 -0.0028 1.0000 0.6588 0.0000
#P-0.9241 -0.0775 -0.0028 1.0000 0.6588 0.0000
#P-0.9241 -0.0904 -0.0028 1.0000 0.6588 0.0000
#P-0.9114 0.0904 -0.0028 1.0000 0.6588 0.0000
#P-0.9114 0.0775 -0.0028 1.0000 0.6588 0.0000
#P-0.9114 0.0645 0.0660 1.0000 0.6588 0.0000
#P-0.9114 0.0516 -0.0028 1.0000 0.6588 0.0000
#P-0.9114 -0.0775 -0.0028 1.0000 0.6588 0.0000
#P-0.9114 -0.0904 0.0660 1.0000 0.6588 0.0000
#P-0.9114 -0.1033 -0.0028 1.0000 0.6588 0.0000
#P-0.9114 -0.1162 -0.0028 1.0000 0.6588 0.0000
#P-0.8987 0.1033 -0.0028 1.0000 0.6588 0.0000
#P-0.8987 0.0904 0.0660 1.0000 0.6588 0.0000
#P-0.8987 0.0775 0.0660 1.0000 0.6588 0.0000
#P-0.8987 0.0645 0.0660 1.0000 0.6588 0.0000
#P-0.8987 0.0516 -0.0028 1.0000 0.6588 0.0000
#P-0.8987 -0.0775 -0.0028 1.0000 0.6588 0.0000
#P-0.8987 -0.0904 0.0660 1.0000 0.6588 0.0000
#P-0.8987 -0.1033 0.0660 1.0000 0.6588 0.0000
#P-0.8987 -0.1162 0.0660 1.0000 0.6588 0.0000
#P-0.8987 -0.1291 -0.0028 1.0000 0.6588 0.0000
#P-0.8861 0.1033 -0.0028 1.0000 0.6588 0.0000
#P-0.8861 0.0904 0.0660 1.0000 0.6588 0.0000
#P-0.8861 0.0775 0.0660 1.0000 0.6588 0.0000
#P-0.8861 0.0645 -0.0028 1.0000 0.6588 0.0000
#P-0.8861 -0.0904 -0.0028 1.0000 0.6588 0.0000
#P-0.8861 -0.1033 0.0660 1.0000 0.6588 0.0000
#P-0.8861 -0.1162 0.0660 1.0000 0.6588 0.0000
#P-0.8861 -0.1291 -0.0028 1.0000 0.6588 0.0000
#P-0.8734 0.1162 -0.0028 1.0000 0.6588 0.0000
#P-0.8734 0.1033 0.0660 1.0000 0.6588 0.0000
#P-0.8734 0.0904 0.0660 1.0000 0.6588 0.0000
#P-0.8734 0.0775 -0.0028 1.0000 0.6588 0.0000
#P-0.8734 -0.1033 -0.0028 1.0000 0.6588 0.0000
#P-0.8734 -0.1162 0.0660 1.0000 0.6588 0.0000
#P-0.8734 -0.1291 0.0660 1.0000 0.6588 0.0000
#P-0.8734 -0.1420 -0.0028 1.0000 0.6588 0.0000
#P-0.8608 0.1162 -0.0028 1.0000 0.6588 0.0000
#P-0.8608 0.1033 0.0660 1.0000 0.6588 0.0000
#P-0.8608 0.0904 -0.0028 1.0000 0.6588 0.0000
#P-0.8608 -0.1162 -0.0028 1.0000 0.6588 0.0000
#P-0.8608 -0.1291 0.0660 1.0000 0.6588 0.0000
#P-0.8608 -0.1420 -0.0028 1.0000 0.6588 0.0000
#P-0.8481 0.1162 -0.0028 1.0000 0.6588 0.0000
#P-0.8481 0.1033 0.0660 1.0000 0.6588 0.0000
#P-0.8481 0.0904 -0.0028 1.0000 0.6588 0.0000
#P-0.8481 0.0000 -0.0028 1.0000 0.6588 0.0000
#P-0.8481 -0.0129 -0.0028 1.0000 0.6588 0.0000
#P-0.8481 -0.1162 -0.0028 1.0000 0.6588 0.0000
#P-0.8481 -0.1291 0.0660 1.0000 0.6588 0.0000
#P-0.8481 -0.1420 -0.0028 1.0000 0.6588 0.0000
#P-0.8354 0.1162 -0.0028 1.0000 0.6588 0.0000
#P-0.8354 0.1033 0.0660 1.0000 0.6588 0.0000
#P-0.8354 0.0904 -0.0028 1.0000 0.6588 0.0000
#P-0.8354 0.0000 -0.0028 1.0000 0.6588 0.0000
#P-0.8354 -0.0129 -0.0028 1.0000 0.6588 0.0000
#P-0.8354 -0.1162 -0.0028 1.0000 0.6588 0.0000
#P-0.8354 -0.1291 0.0660 1.0000 0.6588 0.0000
#P-0.8354 -0.1420 -0.0028 1.0000 0.6588 0.0000
#P-0.8228 0.1162 -0.0028 1.0000 0.6588 0.0000
#P-0.8228 0.1033 0.0660 1.0000 0.6588 0.0000
#P-0.8228 0.0904 -0.0028 1.0000 0.6588 0.0000
#P-0.8228 0.0000 -0.0028 1.0000 0.6588 0.0000
#P-0.8228 -0.0129 -0.0028 1.0000 0.6588 0.0000
#P-0.8228 -0.1162 -0.0028 1.0000 0.6588 0.0000
#P-0.8228 -0.1291 0.0660 1.0000 0.6588 0.0000
#P-0.8228 -0.1420 -0.0028 1.0000 0.6588 0.0000
#P-0.8101 0.1162 -0.0028 1.0000 0.6588 0.0000
#P-0.8101 0.1033 0.0660 1.0000 0.6588 0.0000
#P-0.8101 0.0904 -0.0028 1.0000 0.6588 0.0000
#P-0.8101 0.0000 -0.0028 1.0000 0.6588 0.0000
#P-0.8101 -0.0129 -0.0028 1.0000 0.6588 0.0000
#P-0.8101 -0.1162 -0.0028 1.0000 0.6588 0.0000
#P-0.8101 -0.1291 0.0660 1.0000 0.6588 0.0000
#P-0.8101 -0.1420 -0.0028 1.0000 0.6588 0.0000
#P-0.7975 0.1162 -0.0028 1.0000 0.6588 0.0000
#P-0.7975 0.1033 0.0660 1.0000 0.6588 0.0000
#P-0.7975 0.0904 -0.0028 1.0000 0.6588 0.0000
#P-0.7975 0.0000 -0.0028 1.0000 0.6588 0.0000
#P-0.7975 -0.0129 -0.0028 1.0000 0.6588 0.0000
#P-0.7975 -0.1162 -0.0028 1.0000 0.6588 0.0000
#P-0.7975 -0.1291 0.0660 1.0000 0.6588 0.0000
#P-0.7975 -0.1420 -0.0028 1.0000 0.6588 0.0000
#P-0.7848 0.1162 -0.0028 1.0000 0.6588 0.0000
#P-0.7848 0.1033 0.0660 1.0000 0.6588 0.0000
#P-0.7848 0.0904 0.0660 1.0000 0.6588 0.0000
#P-0.7848 0.0775 -0.0028 1.0000 0.6588 0.0000
#P-0.7848 0.0129 -0.0028 1.0000 0.6588 0.0000
#P-0.7848 0.0000 0.0660 1.0000 0.6588 0.0000
#P-0.7848 -0.0129 0.0660 1.0000 0.6588 0.0000
#P-0.7848 -0.0258 -0.0028 1.0000 0.6588 0.0000
#P-0.7848 -0.1033 -0.0028 1.0000 0.6588 0.0000
#P-0.7848 -0.1162 0.0660 1.0000 0.6588 0.0000
#P-0.7848 -0.1291 0.0660 1.0000 0.6588 0.0000
#P-0.7848 -0.1420 -0.0028 1.0000 0.6588 0.0000
#P-0.7722 0.1033 -0.0028 1.0000 0.6588 0.0000
#P-0.7722 0.0904 0.0660 1.0000 0.6588 0.0000
#P-0.7722 0.0775 0.0660 1.0000 0.6588 0.0000
#P-0.7722 0.0645 -0.0028 1.0000 0.6588 0.0000
#P-0.7722 0.0129 -0.0028 1.0000 0.6588 0.0000
#P-0.7722 0.0000 0.0660 1.0000 0.6588 0.0000
#P-0.7722 -0.0129 0.0660 1.0000 0.6588 0.0000
#P-0.7722 -0.0258 0.0660 1.0000 0.6588 0.0000
#P-0.7722 -0.0387 -0.0028 1.0000 0.6588 0.0000
#P-0.7722 -0.0904 -0.0028 1.0000 0.6588 0.0000
#P-0.7722 -0.1033 0.0660 1.0000 0.6588 0.0000
#P-0.7722 -0.1162 0.0660 1.0000 0.6588 0.0000
#P-0.7722 -0.1291 -0.0028 1.0000 0.6588 0.0000
#P-0.7595 0.1033 -0.0028 1.0000 0.6588 0.0000
#P-0.7595 0.0904 0.0660 1.0000 0.6588 0.0000
#P-0.7595 0.0775 0.0660 1.0000 0.6588 0.0000
#P-0.7595 0.0645 0.0660 1.0000 0.6588 0.0000
#P-0.7595 0.0516 -0.0028 1.0000 0.6588 0.0000
#P-0.7595 0.0387 -0.0028 1.0000 0.6588 0.0000
#P-0.7595 0.0258 -0.0028 1.0000 0.6588 0.0000
#P-0.7595 0.0129 0.0660 1.0000 0.6588 0.0000
#P-0.7595 0.0000 0.0660 1.0000 0.6588 0.0000
#P-0.7595 -0.0129 0.0660 1.0000 0.6588 0.0000
#P-0.7595 -0.0258 0.0660 1.0000 0.6588 0.0000
#P-0.7595 -0.0387 0.0660 1.0000 0.6588 0.0000
#P-0.7595 -0.0516 -0.0028 1.0000 0.6588 0.0000
#P-0.7595 -0.0645 -0.0028 1.0000 0.6588 0.0000
#P-0.7595 -0.0775 -0.0028 1.0000 0.6588 0.0000
#P-0.7595 -0.0904 0.0660 1.0000 0.6588 0.0000
#P-0.7595 -0.1033 0.0660 1.0000 0.6588 0.0000
#P-0.7595 -0.1162 0.0660 1.0000 0.6588 0.0000
#P-0.7595 -0.1291 -0.0028 1.0000 0.6588 0.0000
#P-0.7468 0.0904 -0.0028 1.0000 0.6588 0.0000
#P-0.7468 0.0775 -0.0028 1.0000 0.6588 0.0000
#P-0.7468 0.0645 0.0660 1.0000 0.6588 0.0000
#P-0.7468 0.0516 0.0660 1.0000 0.6588 0.0000
#P-0.7468 0.0387 0.0660 1.0000 0.6588 0.0000
#P-0.7468 0.0258 0.0660 1.0000 0.6588 0.0000
#P-0.7468 0.0129 -0.0028 1.0000 0.6588 0.0000
#P-0.7468 0.0000 -0.0028 1.0000 0.6588 0.0000
#P-0.7468 -0.0129 -0.0028 1.0000 0.6588 0.0000
#P-0.7468 -0.0258 -0.0028 1.0000 0.6588 0.0000
#P-0.7468 -0.0387 0.0660 1.0000 0.6588 0.0000
#P-0.7468 -0.0516 0.0660 1.0000 0.6588 0.0000
#P-0.7468 -0.0645 0.0660 1.0000 0.6588 0.0000
#P-0.7468 -0.0775 0.0660 1.0000 0.6588 0.0000
#P-0.7468 -0.0904 0.0660 1.0000 0.6588 0.0000
#P-0.7468 -0.1033 -0.0028 1.0000 0.6588 0.0000
#P-0.7468 -0.1162 -0.0028 1.0000 0.6588 0.0000
#P-0.7342 0.0645 -0.0028 1.0000 0.6588 0.0000
#P-0.7342 0.0516 -0.0028 1.0000 0.6588 0.0000
#P-0.7342 0.0387 -0.0028 1.0000 0.6588 0.0000
#P-0.7342 0.0258 -0.0028 1.0000 0.6588 0.0000
#P-0.7342 -0.0387 -0.0028 1.0000 0.6588 0.0000
#P-0.7342 -0.0516 -0.0028 1.0000 0.6588 0.0000
#P-0.7342 -0.0645 -0.0028 1.0000 0.6588 0.0000
#P-0.7342 -0.0775 -0.0028 1.0000 0.6588 0.0000
#P-0.7342 -0.0904 -0.0028 1.0000 0.6588 0.0000
#P-0.6835 0.1162 -0.0028 1.0000 0.6588 0.0000
#P-0.6835 0.1033 -0.0028 1.0000 0.6588 0.0000
#P-0.6835 0.0904 -0.0028 1.0000 0.6588 0.0000
#P-0.6835 0.0775 -0.0028 1.0000 0.6588 0.0000
#P-0.6835 0.0645 -0.0028 1.0000 0.6588 0.0000
#P-0.6835 0.0516 -0.0028 1.0000 0.6588 0.0000
#P-0.6835 0.0387 -0.0028 1.0000 0.6588 0.0000
#P-0.6835 0.0258 -0.0028 1.0000 0.6588 0.0000
#P-0.6835 0.0129 -0.0028 1.0000 0.6588 0.0000
#P-0.6835 0.0000 -0.0028 1.0000 0.6588 0.0000
#P-0.6835 -0.0129 -0.0028 1.0000 0.6588 0.0000
#P-0.6835 -0.0258 -0.0028 1.0000 0.6588 0.0000
#P-0.6835 -0.0387 -0.0028 1.0000 0.6588 0.0000
#P-0.6835 -0.0516 -0.0028 1.0000 0.6588 0.0000
#P-0.6835 -0.0645 -0.0028 1.0000 0.6588 0.0000
#P-0.6835 -0.0775 -0.0028 1.0000 0.6588 0.0000
#P-0.6835 -0.0904 -0.0028 1.0000 0.6588 0.0000
#P-0.6835 -0.1033 -0.0028 1.0000 0.6588 0.0000
#P-0.6835 -0.1162 -0.0028 1.0000 0.6588 0.0000
#P-0.6835 -0.1291 -0.0028 1.0000 0.6588 0.0000
#P-0.6835 -0.1420 -0.0028 1.0000 0.6588 0.0000
#P-0.6709 0.1162 -0.0028 1.0000 0.6588 0.0000
#P-0.6709 0.1033 0.0660 1.0000 0.6588 0.0000
#P-0.6709 0.0904 0.0660 1.0000 0.6588 0.0000
#P-0.6709 0.0775 0.0660 1.0000 0.6588 0.0000
#P-0.6709 0.0645 0.0660 1.0000 0.6588 0.0000
#P-0.6709 0.0516 0.0660 1.0000 0.6588 0.0000
#P-0.6709 0.0387 0.0660 1.0000 0.6588 0.0000
#P-0.6709 0.0258 0.0660 1.0000 0.6588 0.0000
#P-0.6709 0.0129 0.0660 1.0000 0.6588 0.0000
#P-0.6709 0.0000 0.0660 1.0000 0.6588 0.0000
#P-0.6709 -0.0129 0.0660 1.0000 0.6588 0.0000
#P-0.6709 -0.0258 0.0660 1.0000 0.6588 0.0000
#P-0.6709 -0.0387 0.0660 1.0000 0.6588 0.0000
#P-0.6709 -0.0516 0.0660 1.0000 0.6588 0.0000
#P-0.6709 -0.0645 0.0660 1.0000 0.6588 0.0000
#P-0.6709 -0.0775 0.0660 1.0000 0.6588 0.0000
#P-0.6709 -0.0904 0.0660 1.0000 0.6588 0.0000
#P-0.6709 -0.1033 0.0660 1.0000 0.6588 0.0000
#P-0.6709 -0.1162 0.0660 1.0000 0.6588 0.0000
#P-0.6709 -0.1291 0.0660 1.0000 0.6588 0.0000
#P-0.6709 -0.1420 -0.0028 1.0000 0.6588 0.0000
#P-0.6582 0.1162 -0.0028 1.0000 0.6588 0.0000
#P-0.6582 0.1033 0.0660 1.0000 0.6588 0.0000
#P-0.6582 0.0904 -0.0028 1.0000 0.6588 0.0000
#P-0.6582 0.0775 -0.0028 1.0000 0.6588 0.0000
#P-0.6582 0.0645 -0.0028 1.0000 0.6588 0.0000
#P-0.6582 0.0516 -0.0028 1.0000 0.6588 0.0000
#P-0.6582 0.0387 -0.0028 1.0000 0.6588 0.0000
#P-0.6582 0.0258 -0.0028 1.0000 0.6588 0.0000
#P-0.6582 0.0129 -0.0028 1.0000 0.6588 0.0000
#P-0.6582 0.0000 -0.0028 1.0000 0.6588 0.0000
#P-0.6582 -0.0129 -0.0028 1.0000 0.6588 0.0000
#P-0.6582 -0.0258 -0.0028 1.0000 0.6588 0.0000
#P-0.6582 -0.0387 -0.0028 1.0000 0.6588 0.0000
#P-0.6582 -0.0516 -0.0028 1.0000 0.6588 0.0000
#P-0.6582 -0.0645 -0.0028 1.0000 0.6588 0.0000
#P-0.6582 -0.0775 -0.0028 1.0000 0.6588 0.0000
#P-0.6582 -0.0904 -0.0028 1.0000 0.6588 0.0000
#P-0.6582 -0.1033 -0.0028 1.0000 0.6588 0.0000
#P-0.6582 -0.1162 -0.0028 1.0000 0.6588 0.0000
#P-0.6582 -0.1291 0.0660 1.0000 0.6588 0.0000
#P-0.6582 -0.1420 -0.0028 1.0000 0.6588 0.0000
#P-0.6456 0.1162 -0.0028 1.0000 0.6588 0.0000
#P-0.6456 0.1033 0.0660 1.0000 0.6588 0.0000
#P-0.6456 0.0904 -0.0028 1.0000 0.6588 0.0000
#P-0.6456 -0.1162 -0.0028 1.0000 0.6588 0.0000
#P-0.6456 -0.1291 0.0660 1.0000 0.6588 0.0000
#P-0.6456 -0.1420 -0.0028 1.0000 0.6588 0.0000
#P-0.6329 0.1162 -0.0028 1.0000 0.6588 0.0000
#P-0.6329 0.1033 0.0660 1.0000 0.6588 0.0000
#P-0.6329 0.0904 -0.0028 1.0000 0.6588 0.0000
#P-0.6329 -0.1162 -0.0028 1.0000 0.6588 0.0000
#P-0.6329 -0.1291 0.0660 1.0000 0.6588 0.0000
#P-0.6329 -0.1420 -0.0028 1.0000 0.6588 0.0000
#P-0.6203 0.1162 -0.0028 1.0000 0.6588 0.0000
#P-0.6203 0.1033 0.0660 1.0000 0.6588 0.0000
#P-0.6203 0.0904 -0.0028 1.0000 0.6588 0.0000
#P-0.6203 -0.1162 -0.0028 1.0000 0.6588 0.0000
#P-0.6203 -0.1291 0.0660 1.0000 0.6588 0.0000
#P-0.6203 -0.1420 -0.0028 1.0000 0.6588 0.0000
#P-0.6076 0.1162 -0.0028 1.0000 0.6588 0.0000
#P-0.6076 0.1033 0.0660 1.0000 0.6588 0.0000
#P-0.6076 0.0904 -0.0028 1.0000 0.6588 0.0000
#P-0.6076 -0.1162 -0.0028 1.0000 0.6588 0.0000
#P-0.6076 -0.1291 0.0660 1.0000 0.6588 0.0000
#P-0.6076 -0.1420 -0.0028 1.0000 0.6588 0.0000
#P-0.5949 0.1162 -0.0028 1.0000 0.6588 0.0000
#P-0.5949 0.1033 0.0660 1.0000 0.6588 0.0000
#P-0.5949 0.0904 -0.0028 1.0000 0.6588 0.0000
#P-0.5949 -0.1162 -0.0028 1.0000 0.6588 0.0000
#P-0.5949 -0.1291 0.0660 1.0000 0.6588 0.0000
#P-0.5949 -0.1420 -0.0028 1.0000 0.6588 0.0000
#P-0.5823 0.1162 -0.0028 1.0000 0.6588 0.0000
#P-0.5823 0.1033 0.0660 1.0000 0.6588 0.0000
#P-0.5823 0.0904 -0.0028 1.0000 0.6588 0.0000
#P-0.5823 -0.1162 -0.0028 1.0000 0.6588 0.0000
#P-0.5823 -0.1291 0.0660 1.0000 0.6588 0.0000
#P-0.5823 -0.1420 -0.0028 1.0000 0.6588 0.0000
#P-0.5696 0.1162 -0.0028 1.0000 0.6588 0.0000
#P-0.5696 0.1033 0.0660 1.0000 0.6588 0.0000
#P-0.5696 0.0904 -0.0028 1.0000 0.6588 0.0000
#P-0.5696 -0.1162 -0.0028 1.0000 0.6588 0.0000
#P-0.5696 -0.1291 0.0660 1.0000 0.6588 0.0000
#P-0.5696 -0.1420 -0.0028 1.0000 0.6588 0.0000
#P-0.5570 0.1162 -0.0028 1.0000 0.6588 0.0000
#P-0.5570 0.1033 0.0660 1.0000 0.6588 0.0000
#P-0.5570 0.0904 -0.0028 1.0000 0.6588 0.0000
#P-0.5570 -0.1162 -0.0028 1.0000 0.6588 0.0000
#P-0.5570 -0.1291 0.0660 1.0000 0.6588 0.0000
#P-0.5570 -0.1420 -0.0028 1.0000 0.6588 0.0000
#P-0.5443 0.1162 -0.0028 1.0000 0.6588 0.0000
#P-0.5443 0.1033 0.0660 1.0000 0.6588 0.0000
#P-0.5443 0.0904 0.0660 1.0000 0.6588 0.0000
#P-0.5443 0.0775 -0.0028 1.0000 0.6588 0.0000
#P-0.5443 -0.1033 -0.0028 1.0000 0.6588 0.0000
#P-0.5443 -0.1162 0.0660 1.0000 0.6588 0.0000
#P-0.5443 -0.1291 0.0660 1.0000 0.6588 0.0000
#P-0.5443 -0.1420 -0.0028 1.0000 0.6588 0.0000
#P-0.5316 0.1033 -0.0028 1.0000 0.6588 0.0000
#P-0.5316 0.0904 0.0660 1.0000 0.6588 0.0000
#P-0.5316 0.0775 0.0660 1.0000 0.6588 0.0000
#P-0.5316 0.0645 -0.0028 1.0000 0.6588 0.0000
#P-0.5316 -0.0904 -0.0028 1.0000 0.6588 0.0000
#P-0.5316 -0.1033 0.0660 1.0000 0.6588 0.0000
#P-0.5316 -0.1162 0.0660 1.0000 0.6588 0.0000
#P-0.5316 -0.1291 -0.0028 1.0000 0.6588 0.0000
#P-0.5190 0.1033 -0.0028 1.0000 0.6588 0.0000
#P-0.5190 0.0904 0.0660 1.0000 0.6588 0.0000
#P-0.5190 0.0775 0.0660 1.0000 0.6588 0.0000
#P-0.5190 0.0645 0.0660 1.0000 0.6588 0.0000
#P-0.5190 0.0516 -0.0028 1.0000 0.6588 0.0000
#P-0.5190 0.0387 -0.0028 1.0000 0.6588 0.0000
#P-0.5190 0.0258 -0.0028 1.0000 0.6588 0.0000
#P-0.5190 0.0129 -0.0028 1.0000 0.6588 0.0000
#P-0.5190 0.0000 -0.0028 1.0000 0.6588 0.0000
#P-0.5190 -0.0129 -0.0028 1.0000 0.6588 0.0000
#P-0.5190 -0.0258 -0.0028 1.0000 0.6588 0.0000
#P-0.5190 -0.0387 -0.0028 1.0000 0.6588 0.0000
#P-0.5190 -0.0516 -0.0028 1.0000 0.6588 0.0000
#P-0.5190 -0.0645 -0.0028 1.0000 0.6588 0.0000
#P-0.5190 -0.0775 -0.0028 1.0000 0.6588 0.0000
#P-0.5190 -0.0904 0.0660 1.0000 0.6588 0.0000
#P-0.5190 -0.1033 0.0660 1.0000 0.6588 0.0000
#P-0.5190 -0.1162 0.0660 1.0000 0.6588 0.0000
#P-0.5190 -0.1291 -0.0028 1.0000 0.6588 0.0000
#P-0.5063 0.0904 -0.0028 1.0000 0.6588 0.0000
#P-0.5063 0.0775 -0.0028 1.0000 0.6588 0.0000
#P-0.5063 0.0645 0.0660 1.0000 0.6588 0.0000
#P-0.5063 0.0516 0.0660 1.0000 0.6588 0.0000
#P-0.5063 0.0387 0.0660 1.0000 0.6588 0.0000
#P-0.5063 0.0258 0.0660 1.0000 0.6588 0.0000
#P-0.5063 0.0129 0.0660 1.0000 0.6588 0.0000
#P-0.5063 0.0000 0.0660 1.0000 0.6588 0.0000
#P-0.5063 -0.0129 0.0660 1.0000 0.6588 0.0000
#P-0.5063 -0.0258 0.0660 1.0000 0.6588 0.0000
#P-0.5063 -0.0387 0.0660 1.0000 0.6588 0.0000
#P-0.5063 -0.0516 0.0660 1.0000 0.6588 0.0000
#P-0.5063 -0.0645 0.0660 1.0000 0.6588 0.0000
#P-0.5063 -0.0775 0.0660 1.0000 0.6588 0.0000
#P-0.5063 -0.0904 0.0660 1.0000 0.6588 0.0000
#P-0.5063 -0.1033 -0.0028 1.0000 0.6588 0.0000
#P-0.5063 -0.1162 -0.0028 1.0000 0.6588 0.0000
#P-0.4937 0.0645 -0.0028 1.0000 0.6588 0.0000
#P-0.4937 0.0516 -0.0028 1.0000 0.6588 0.0000
#P-0.4937 0.0387 -0.0028 1.0000 0.6588 0.0000
#P-0.4937 0.0258 -0.0028 1.0000 0.6588 0.0000
#P-0.4937 0.0129 -0.0028 1.0000 0.6588 0.0000
#P-0.4937 0.0000 -0.0028 1.0000 0.6588 0.0000
#P-0.4937 -0.0129 -0.0028 1.0000 0.6588 0.0000
#P-0.4937 -0.0258 -0.0028 1.0000 0.6588 0.0000
#P-0.4937 -0.0387 -0.0028 1.0000 0.6588 0.0000
#P-0.4937 -0.0516 -0.0028 1.0000 0.6588 0.0000
#P-0.4937 -0.0645 -0.0028 1.0000 0.6588 0.0000
#P-0.4937 -0.0775 -0.0028 1.0000 0.6588 0.0000
#P-0.4937 -0.0904 -0.0028 1.0000 0.6588 0.0000
#P-0.2025 0.1162 -0.0028 1.0000 0.6588 0.0000
#P-0.2025 0.1033 -0.0028 1.0000 0.6588 0.0000
#P-0.2025 0.0904 -0.0028 1.0000 0.6588 0.0000
#P-0.2025 0.0775 -0.0028 1.0000 0.6588 0.0000
#P-0.2025 0.0645 -0.0028 1.0000 0.6588 0.0000
#P-0.2025 0.0516 -0.0028 1.0000 0.6588 0.0000
#P-0.2025 0.0387 -0.0028 1.0000 0.6588 0.0000
#P-0.2025 0.0258 -0.0028 1.0000 0.6588 0.0000
#P-0.2025 0.0129 -0.0028 1.0000 0.6588 0.0000
#P-0.2025 0.0000 -0.0028 1.0000 0.6588 0.0000
#P-0.2025 -0.0129 -0.0028 1.0000 0.6588 0.0000
#P-0.2025 -0.0258 -0.0028 1.0000 0.6588 0.0000
#P-0.2025 -0.0387 -0.0028 1.0000 0.6588 0.0000
#P-0.2025 -0.0516 -0.0028 1.0000 0.6588 0.0000
#P-0.2025 -0.0645 -0.0028 1.0000 0.6588 0.0000
#P-0.2025 -0.0775 -0.0028 1.0000 0.6588 0.0000
#P-0.2025 -0.0904 -0.0028 1.0000 0.6588 0.0000
#P-0.2025 -0.1033 -0.0028 1.0000 0.6588 0.0000
#P-0.2025 -0.1162 -0.0028 1.0000 0.6588 0.0000
#P-0.2025 -0.1291 -0.0028 1.0000 0.6588 0.0000
#P-0.2025 -0.1420 -0.0028 1.0000 0.6588 0.0000
#P-0.1899 0.1162 -0.0028 1.0000 0.6549 0.0000
#P-0.1899 0.1033 0.0660 1.0000 0.6549 0.0000
#P-0.1899 0.0904 0.0660 1.0000 0.6549 0.0000
#P-0.1899 0.0775 0.0660 1.0000 0.6549 0.0000
#P-0.1899 0.0645 0.0660 1.0000 0.6549 0.0000
#P-0.1899 0.0516 0.0660 1.0000 0.6549 0.0000
#P-0.1899 0.0387 0.0660 1.0000 0.6549 0.0000
#P-0.1899 0.0258 0.0660 1.0000 0.6549 0.0000
#P-0.1899 0.0129 0.0660 1.0000 0.6549 0.0000
#P-0.1899 0.0000 0.0660 1.0000 0.6549 0.0000
#P-0.1899 -0.0129 0.0660 1.0000 0.6549 0.0000
#P-0.1899 -0.0258 0.0660 1.0000 0.6549 0.0000
#P-0.1899 -0.0387 0.0660 1.0000 0.6549 0.0000
#P-0.1899 -0.0516 0.0660 1.0000 0.6549 0.0000
#P-0.1899 -0.0645 0.0660 1.0000 0.6549 0.0000
#P-0.1899 -0.0775 0.0660 1.0000 0.6549 0.0000
#P-0.1899 -0.0904 0.0660 1.0000 0.6549 0.0000
#P-0.1899 -0.1033 0.0660 1.0000 0.6549 0.0000
#P-0.1899 -0.1162 0.0660 1.0000 0.6549 0.0000
#P-0.1899 -0.1291 0.0660 1.0000 0.6549 0.0000
#P-0.1899 -0.1420 -0.0028 1.0000 0.6549 0.0000
#P-0.1772 0.1162 -0.0028 0.9961 0.6510 0.0000
#P-0.1772 0.1033 0.0660 0.9961 0.6510 0.0000
#P-0.1772 0.0904 0.0660 0.9961 0.6510 0.0000
#P-0.1772 0.0775 0.0660 0.9961 0.6510 0.0000
#P-0.1772 0.0645 0.0660 0.9961 0.6510 0.0000
#P-0.1772 0.0516 -0.0028 0.9961 0.6510 0.0000
#P-0.1772 0.0387 -0.0028 0.9961 0.6471 0.0000
#P-0.1772 0.0258 -0.0028 0.9961 0.6471 0.0000
#P-0.1772 0.0129 -0.0028 0.9961 0.6471 0.0000
#P-0.1772 0.0000 -0.0028 0.9961 0.6471 0.0000
#P-0.1772 -0.0129 -0.0028 0.9961 0.6471 0.0000
#P-0.1772 -0.0258 -0.0028 0.9961 0.6471 0.0000
#P-0.1772 -0.0387 -0.0028 0.9961 0.6471 0.0000
#P-0.1772 -0.0516 -0.0028 0.9961 0.6471 0.0000
#P-0.1772 -0.0645 -0.0028 0.9961 0.6471 0.0000
#P-0.1772 -0.0775 -0.0028 0.9961 0.6471 0.0000
#P-0.1772 -0.0904 -0.0028 0.9961 0.6471 0.0000
#P-0.1772 -0.1033 -0.0028 0.9961 0.6471 0.0000
#P-0.1772 -0.1162 -0.0028 0.9961 0.6471 0.0000
#P-0.1772 -0.1291 -0.0028 0.9961 0.6471 0.0000
#P-0.1772 -0.1420 -0.0028 0.9961 0.6471 0.0000
#P-0.1646 0.1033 -0.0028 0.9922 0.6431 0.0000
#P-0.1646 0.0904 0.0660 0.9922 0.6431 0.0000
#P-0.1646 0.0775 0.0660 0.9922 0.6431 0.0000
#P-0.1646 0.0645 0.0660 0.9922 0.6431 0.0000
#P-0.1646 0.0516 -0.0028 0.9922 0.6431 0.0000
#P-0.1519 0.0904 -0.0028 0.9922 0.6353 0.0000
#P-0.1519 0.0775 -0.0028 0.9922 0.6353 0.0000
#P-0.1519 0.0645 0.0660 0.9922 0.6353 0.0000
#P-0.1519 0.0516 0.0660 0.9922 0.6353 0.0000
#P-0.1519 0.0387 -0.0028 0.9922 0.6353 0.0000
#P-0.1392 0.0645 -0.0028 0.9882 0.6275 0.0000
#P-0.1392 0.0516 0.0660 0.9882 0.6275 0.0000
#P-0.1392 0.0387 0.0660 0.9882 0.6275 0.0000
#P-0.1392 0.0258 -0.0028 0.9882 0.6275 0.0000
#P-0.1266 0.0516 -0.0028 0.9843 0.6235 0.0000
#P-0.1266 0.0387 0.0660 0.9843 0.6235 0.0000
#P-0.1266 0.0258 0.0660 0.9843 0.6235 0.0000
#P-0.1266 0.0129 -0.0028 0.9843 0.6235 0.0000
#P-0.1266 0.0000 -0.0028 0.9843 0.6235 0.0000
#P-0.1266 -0.0129 -0.0028 0.9843 0.6235 0.0000
#P-0.1266 -0.0258 -0.0028 0.9843 0.6235 0.0000
#P-0.1139 0.0387 -0.0028 0.9804 0.6157 0.0000
#P-0.1139 0.0258 0.0660 0.9804 0.6157 0.0000
#P-0.1139 0.0129 0.0660 0.9804 0.6157 0.0000
#P-0.1139 0.0000 0.0660 0.9804 0.6157 0.0000
#P-0.1139 -0.0129 0.0660 0.9804 0.6157 0.0000
#P-0.1139 -0.0258 -0.0028 0.9804 0.6157 0.0000
#P-0.1013 0.0516 -0.0028 0.9804 0.6078 0.0000
#P-0.1013 0.0387 0.0660 0.9804 0.6078 0.0000
#P-0.1013 0.0258 0.0660 0.9804 0.6078 0.0000
#P-0.1013 0.0129 -0.0028 0.9804 0.6078 0.0000
#P-0.1013 0.0000 -0.0028 0.9804 0.6078 0.0000
#P-0.1013 -0.0129 -0.0028 0.9804 0.6078 0.0000
#P-0.1013 -0.0258 -0.0028 0.9804 0.6078 0.0000
#P-0.0886 0.0645 -0.0028 0.9765 0.6039 0.0000
#P-0.0886 0.0516 0.0660 0.9765 0.6039 0.0000
#P-0.0886 0.0387 0.0660 0.9765 0.6039 0.0000
#P-0.0886 0.0258 -0.0028 0.9765 0.6039 0.0000
#P-0.0759 0.0904 -0.0028 0.9725 0.5961 0.0000
#P-0.0759 0.0775 -0.0028 0.9725 0.5961 0.0000
#P-0.0759 0.0645 0.0660 0.9725 0.5961 0.0000
#P-0.0759 0.0516 0.0660 0.9725 0.5961 0.0000
#P-0.0759 0.0387 -0.0028 0.9725 0.5961 0.0000
#P-0.0633 0.1033 -0.0028 0.9725 0.5882 0.0000
#P-0.0633 0.0904 0.0660 0.9725 0.5882 0.0000
#P-0.0633 0.0775 0.0660 0.9725 0.5882 0.0000
#P-0.0633 0.0645 0.0660 0.9725 0.5882 0.0000
#P-0.0633 0.0516 -0.0028 0.9725 0.5882 0.0000
#P-0.0506 0.1162 -0.0028 0.9686 0.5843 0.0000
#P-0.0506 0.1033 0.0660 0.9686 0.5843 0.0000
#P-0.0506 0.0904 0.0660 0.9686 0.5843 0.0000
#P-0.0506 0.0775 0.0660 0.9686 0.5843 0.0000
#P-0.0506 0.0645 0.0660 0.9686 0.5843 0.0000
#P-0.0506 0.0516 -0.0028 0.9686 0.5843 0.0000
#P-0.0506 0.0387 -0.0028 0.9686 0.5843 0.0000
#P-0.0506 0.0258 -0.0028 0.9686 0.5843 0.0000
#P-0.0506 0.0129 -0.0028 0.9686 0.5843 0.0000
#P-0.0506 0.0000 -0.0028 0.9686 0.5843 0.0000
#P-0.0506 -0.0129 -0.0028 0.9686 0.5804 0.0000
#P-0.0506 -0.0258 -0.0028 0.9686 0.5804 0.0000
#P-0.0506 -0.0387 -0.0028 0.9686 0.5804 0.0000
#P-0.0506 -0.0516 -0.0028 0.9686 0.5804 0.0000
#P-0.0506 -0.0645 -0.0028 0.9686 0.5804 0.0000
#P-0.0506 -0.0775 -0.0028 0.9686 0.5804 0.0000
#P-0.0506 -0.0904 -0.0028 0.9686 0.5804 0.0000
#P-0.0506 -0.1033 -0.0028 0.9686 0.5804 0.0000
#P-0.0506 -0.1162 -0.0028 0.9686 0.5804 0.0000
#P-0.0506 -0.1291 -0.0028 0.9686 0.5804 0.0000
#P-0.0506 -0.1420 -0.0028 0.9686 0.5804 0.0000
#P-0.0380 0.1162 -0.0028 0.9647 0.5765 0.0000
#P-0.0380 0.1033 0.0660 0.9647 0.5765 0.0000
#P-0.0380 0.0904 0.0660 0.9647 0.5765 0.0000
#P-0.0380 0.0775 0.0660 0.9647 0.5765 0.0000
#P-0.0380 0.0645 0.0660 0.9647 0.5765 0.0000
#P-0.0380 0.0516 0.0660 0.9647 0.5765 0.0000
#P-0.0380 0.0387 0.0660 0.9647 0.5765 0.0000
#P-0.0380 0.0258 0.0660 0.9647 0.5765 0.0000
#P-0.0380 0.0129 0.0660 0.9647 0.5765 0.0000
#P-0.0380 0.0000 0.0660 0.9647 0.5765 0.0000
#P-0.0380 -0.0129 0.0660 0.9647 0.5765 0.0000
#P-0.0380 -0.0258 0.0660 0.9647 0.5765 0.0000
#P-0.0380 -0.0387 0.0660 0.9647 0.5765 0.0000
#P-0.0380 -0.0516 0.0660 0.9647 0.5765 0.0000
#P-0.0380 -0.0645 0.0660 0.9647 0.5765 0.0000
#P-0.0380 -0.0775 0.0660 0.9647 0.5765 0.0000
#P-0.0380 -0.0904 0.0660 0.9647 0.5765 0.0000
#P-0.0380 -0.1033 0.0660 0.9647 0.5725 0.0000
#P-0.0380 -0.1162 0.0660 0.9647 0.5725 0.0000
#P-0.0380 -0.1291 0.0660 0.9647 0.5725 0.0000
#P-0.0380 -0.1420 -0.0028 0.9647 0.5725 0.0000
#P-0.0253 0.1162 -0.0028 0.9608 0.5686 0.0000
#P-0.0253 0.1033 -0.0028 0.9608 0.5686 0.0000
#P-0.0253 0.0904 -0.0028 0.9608 0.5686 0.0000
#P-0.0253 0.0775 -0.0028 0.9608 0.5686 0.0000
#P-0.0253 0.0645 -0.0028 0.9608 0.5686 0.0000
#P-0.0253 0.0516 -0.0028 0.9608 0.5686 0.0000
#P-0.0253 0.0387 -0.0028 0.9608 0.5686 0.0000
#P-0.0253 0.0258 -0.0028 0.9608 0.5686 0.0000
#P-0.0253 0.0129 -0.0028 0.9608 0.5686 0.0000
#P-0.0253 0.0000 -0.0028 0.9608 0.5686 0.0000
#P-0.0253 -0.0129 -0.0028 0.9608 0.5686 0.0000
#P-0.0253 -0.0258 -0.0028 0.9608 0.5686 0.0000
#P-0.0253 -0.0387 -0.0028 0.9608 0.5686 0.0000
#P-0.0253 -0.0516 -0.0028 0.9608 0.5686 0.0000
#P-0.0253 -0.0645 -0.0028 0.9608 0.5686 0.0000
#P-0.0253 -0.0775 -0.0028 0.9608 0.5686 0.0000
#P-0.0253 -0.0904 -0.0028 0.9608 0.5686 0.0000
#P-0.0253 -0.1033 -0.0028 0.9608 0.5686 0.0000
#P-0.0253 -0.1162 -0.0028 0.9608 0.5686 0.0000
#P-0.0253 -0.1291 -0.0028 0.9608 0.5686 0.0000
#P-0.0253 -0.1420 -0.0028 0.9608 0.5686 0.0000
#P0.0253 -0.0129 -0.0028 0.9490 0.5373 0.0000
#P0.0253 -0.0258 -0.0028 0.9451 0.5373 0.0000
#P0.0253 -0.0387 -0.0028 0.9451 0.5373 0.0000
#P0.0253 -0.0516 -0.0028 0.9451 0.5333 0.0000
#P0.0253 -0.0645 -0.0028 0.9451 0.5333 0.0000
#P0.0253 -0.0775 -0.0028 0.9451 0.5333 0.0000
#P0.0253 -0.0904 -0.0028 0.9451 0.5333 0.0000
#P0.0380 0.0129 -0.0028 0.9451 0.5294 0.0000
#P0.0380 0.0000 -0.0028 0.9451 0.5294 0.0000
#P0.0380 -0.0129 0.0660 0.9451 0.5294 0.0000
#P0.0380 -0.0258 0.0660 0.9451 0.5294 0.0000
#P0.0380 -0.0387 0.0660 0.9451 0.5294 0.0000
#P0.0380 -0.0516 0.0660 0.9451 0.5294 0.0000
#P0.0380 -0.0645 0.0660 0.9451 0.5294 0.0000
#P0.0380 -0.0775 0.0660 0.9451 0.5294 0.0000
#P0.0380 -0.0904 0.0660 0.9451 0.5294 0.0000
#P0.0380 -0.1033 -0.0028 0.9451 0.5255 0.0000
#P0.0380 -0.1162 -0.0028 0.9451 0.5255 0.0000
#P0.0506 0.0258 -0.0028 0.9412 0.5216 0.0000
#P0.0506 0.0129 0.0660 0.9412 0.5216 0.0000
#P0.0506 0.0000 0.0660 0.9412 0.5216 0.0000
#P0.0506 -0.0129 -0.0028 0.9412 0.5216 0.0000
#P0.0506 -0.0258 -0.0028 0.9412 0.5216 0.0000
#P0.0506 -0.0387 -0.0028 0.9412 0.5216 0.0000
#P0.0506 -0.0516 -0.0028 0.9412 0.5216 0.0000
#P0.0506 -0.0645 -0.0028 0.9412 0.5216 0.0000
#P0.0506 -0.0775 -0.0028 0.9412 0.5216 0.0000
#P0.0506 -0.0904 0.0660 0.9412 0.5216 0.0000
#P0.0506 -0.1033 0.0660 0.9412 0.5216 0.0000
#P0.0506 -0.1162 0.0660 0.9412 0.5216 0.0000
#P0.0506 -0.1291 -0.0028 0.9412 0.5216 0.0000
#P0.0633 0.0258 -0.0028 0.9373 0.5176 0.0000
#P0.0633 0.0129 0.0660 0.9373 0.5176 0.0000
#P0.0633 0.0000 0.0660 0.9373 0.5176 0.0000
#P0.0633 -0.0904 -0.0028 0.9373 0.5137 0.0000
#P0.0633 -0.1033 0.0660 0.9373 0.5137 0.0000
#P0.0633 -0.1162 0.0660 0.9373 0.5137 0.0000
#P0.0633 -0.1291 -0.0028 0.9373 0.5137 0.0000
#P0.0759 0.0387 -0.0028 0.9373 0.5098 0.0000
#P0.0759 0.0258 0.0660 0.9373 0.5098 0.0000
#P0.0759 0.0129 0.0660 0.9373 0.5098 0.0000
#P0.0759 0.0000 -0.0028 0.9373 0.5098 0.0000
#P0.0759 -0.1033 -0.0028 0.9333 0.5059 0.0000
#P0.0759 -0.1162 0.0660 0.9333 0.5059 0.0000
#P0.0759 -0.1291 0.0660 0.9333 0.5059 0.0000
#P0.0759 -0.1420 -0.0028 0.9333 0.5059 0.0000
#P0.0886 0.0387 -0.0028 0.9333 0.5020 0.0000
#P0.0886 0.0258 0.0660 0.9333 0.5020 0.0000
#P0.0886 0.0129 -0.0028 0.9333 0.5020 0.0000
#P0.0886 -0.1162 -0.0028 0.9333 0.5020 0.0000
#P0.0886 -0.1291 0.0660 0.9333 0.5020 0.0000
#P0.0886 -0.1420 -0.0028 0.9294 0.5020 0.0000
#P0.1013 0.0387 -0.0028 0.9294 0.4980 0.0000
#P0.1013 0.0258 0.0660 0.9294 0.4980 0.0000
#P0.1013 0.0129 -0.0028 0.9294 0.4980 0.0000
#P0.1013 -0.1162 -0.0028 0.9294 0.4941 0.0000
#P0.1013 -0.1291 0.0660 0.9294 0.4941 0.0000
#P0.1013 -0.1420 -0.0028 0.9294 0.4941 0.0000
#P0.1139 0.0387 -0.0028 0.9255 0.4902 0.0000
#P0.1139 0.0258 0.0660 0.9255 0.4902 0.0000
#P0.1139 0.0129 -0.0028 0.9255 0.4902 0.0000
#P0.1139 -0.1162 -0.0028 0.9255 0.4863 0.0000
#P0.1139 -0.1291 0.0660 0.9255 0.4863 0.0000
#P0.1139 -0.1420 -0.0028 0.9255 0.4863 0.0000
#P0.1266 0.0387 -0.0028 0.9255 0.4824 0.0000
#P0.1266 0.0258 0.0660 0.9255 0.4824 0.0000
#P0.1266 0.0129 -0.0028 0.9255 0.4824 0.0000
#P0.1266 -0.1162 -0.0028 0.9216 0.4784 0.0000
#P0.1266 -0.1291 0.0660 0.9216 0.4784 0.0000
#P0.1266 -0.1420 -0.0028 0.9216 0.4784 0.0000
#P0.1392 0.0387 -0.0028 0.9216 0.4784 0.0000
#P0.1392 0.0258 0.0660 0.9216 0.4784 0.0000
#P0.1392 0.0129 -0.0028 0.9216 0.4784 0.0000
#P0.1392 -0.1162 -0.0028 0.9216 0.4745 0.0000
#P0.1392 -0.1291 0.0660 0.9216 0.4745 0.0000
#P0.1392 -0.1420 -0.0028 0.9176 0.4745 0.0000
#P0.1519 0.0387 -0.0028 0.9176 0.4706 0.0000
#P0.1519 0.0258 0.0660 0.9176 0.4706 0.0000
#P0.1519 0.0129 -0.0028 0.9176 0.4706 0.0000
#P0.1519 -0.1162 -0.0028 0.9176 0.4667 0.0000
#P0.1519 -0.1291 0.0660 0.9176 0.4667 0.0000
#P0.1519 -0.1420 -0.0028 0.9176 0.4667 0.0000
#P0.1646 0.0387 -0.0028 0.9137 0.4627 0.0000
#P0.1646 0.0258 0.0660 0.9137 0.4627 0.0000
#P0.1646 0.0129 0.0660 0.9137 0.4627 0.0000
#P0.1646 0.0000 -0.0028 0.9137 0.4627 0.0000
#P0.1646 -0.1033 -0.0028 0.9137 0.4588 0.0000
#P0.1646 -0.1162 0.0660 0.9137 0.4588 0.0000
#P0.1646 -0.1291 0.0660 0.9137 0.4588 0.0000
#P0.1646 -0.1420 -0.0028 0.9137 0.4588 0.0000
#P0.1772 0.0258 -0.0028 0.9137 0.4549 0.0000
#P0.1772 0.0129 0.0660 0.9137 0.4549 0.0000
#P0.1772 0.0000 0.0660 0.9137 0.4549 0.0000
#P0.1772 -0.0904 -0.0028 0.9098 0.4549 0.0000
#P0.1772 -0.1033 0.0660 0.9098 0.4510 0.0000
#P0.1772 -0.1162 0.0660 0.9098 0.4510 0.0000
#P0.1772 -0.1291 -0.0028 0.9098 0.4510 0.0000
#P0.1899 0.0258 -0.0028 0.9098 0.4510 0.0000
#P0.1899 0.0129 0.0660 0.9098 0.4510 0.0000
#P0.1899 0.0000 0.0660 0.9098 0.4510 0.0000
#P0.1899 -0.0129 -0.0028 0.9098 0.4471 0.0000
#P0.1899 -0.0258 -0.0028 0.9098 0.4471 0.0000
#P0.1899 -0.0387 -0.0028 0.9098 0.4471 0.0000
#P0.1899 -0.0516 -0.0028 0.9098 0.4471 0.0000
#P0.1899 -0.0645 -0.0028 0.9098 0.4471 0.0000
#P0.1899 -0.0775 -0.0028 0.9098 0.4471 0.0000
#P0.1899 -0.0904 0.0660 0.9098 0.4471 0.0000
#P0.1899 -0.1033 0.0660 0.9098 0.4471 0.0000
#P0.1899 -0.1162 0.0660 0.9098 0.4471 0.0000
#P0.1899 -0.1291 -0.0028 0.9098 0.4471 0.0000
#P0.2025 0.0129 -0.0028 0.9059 0.4431 0.0000
#P0.2025 0.0000 -0.0028 0.9059 0.4431 0.0000
#P0.2025 -0.0129 0.0660 0.9059 0.4431 0.0000
#P0.2025 -0.0258 0.0660 0.9059 0.4431 0.0000
#P0.2025 -0.0387 0.0660 0.9059 0.4431 0.0000
#P0.2025 -0.0516 0.0660 0.9059 0.4392 0.0000
#P0.2025 -0.0645 0.0660 0.9059 0.4392 0.0000
#P0.2025 -0.0775 0.0660 0.9059 0.4392 0.0000
#P0.2025 -0.0904 0.0660 0.9059 0.4392 0.0000
#P0.2025 -0.1033 -0.0028 0.9059 0.4392 0.0000
#P0.2025 -0.1162 -0.0028 0.9059 0.4392 0.0000
#P0.2152 -0.0129 -0.0028 0.9020 0.4353 0.0000
#P0.2152 -0.0258 -0.0028 0.9020 0.4353 0.0000
#P0.2152 -0.0387 -0.0028 0.9020 0.4353 0.0000
#P0.2152 -0.0516 -0.0028 0.9020 0.4353 0.0000
#P0.2152 -0.0645 -0.0028 0.9020 0.4353 0.0000
#P0.2152 -0.0775 -0.0028 0.9020 0.4353 0.0000
#P0.2152 -0.0904 -0.0028 0.9020 0.4353 0.0000
#P0.2658 0.0387 -0.0028 0.8902 0.4118 0.0000
#P0.2658 0.0258 -0.0028 0.8902 0.4118 0.0000
#P0.2658 0.0129 -0.0028 0.8902 0.4118 0.0000
#P0.2658 0.0000 -0.0028 0.8902 0.4118 0.0000
#P0.2658 -0.0129 -0.0028 0.8902 0.4078 0.0000
#P0.2658 -0.0258 -0.0028 0.8902 0.4078 0.0000
#P0.2658 -0.0387 -0.0028 0.8902 0.4078 0.0000
#P0.2658 -0.0516 -0.0028 0.8902 0.4078 0.0000
#P0.2658 -0.0645 -0.0028 0.8902 0.4078 0.0000
#P0.2658 -0.0775 -0.0028 0.8902 0.4078 0.0000
#P0.2658 -0.0904 -0.0028 0.8902 0.4078 0.0000
#P0.2658 -0.1033 -0.0028 0.8902 0.4039 0.0000
#P0.2658 -0.1162 -0.0028 0.8902 0.4039 0.0000
#P0.2658 -0.1291 -0.0028 0.8902 0.4039 0.0000
#P0.2658 -0.1420 -0.0028 0.8902 0.4039 0.0000
#P0.2785 0.0387 -0.0028 0.8902 0.4039 0.0000
#P0.2785 0.0258 0.0660 0.8902 0.4039 0.0000
#P0.2785 0.0129 0.0660 0.8902 0.4039 0.0000
#P0.2785 0.0000 0.0660 0.8902 0.4039 0.0000
#P0.2785 -0.0129 0.0660 0.8902 0.4039 0.0000
#P0.2785 -0.0258 0.0660 0.8863 0.4039 0.0000
#P0.2785 -0.0387 0.0660 0.8863 0.4039 0.0000
#P0.2785 -0.0516 0.0660 0.8863 0.4000 0.0000
#P0.2785 -0.0645 0.0660 0.8863 0.4000 0.0000
#P0.2785 -0.0775 0.0660 0.8863 0.4000 0.0000
#P0.2785 -0.0904 0.0660 0.8863 0.4000 0.0000
#P0.2785 -0.1033 0.0660 0.8863 0.4000 0.0000
#P0.2785 -0.1162 0.0660 0.8863 0.4000 0.0000
#P0.2785 -0.1291 0.0660 0.8863 0.4000 0.0000
#P0.2785 -0.1420 -0.0028 0.8863 0.4000 0.0000
#P0.2911 0.0387 -0.0028 0.8863 0.3961 0.0000
#P0.2911 0.0258 -0.0028 0.8863 0.3961 0.0000
#P0.2911 0.0129 -0.0028 0.8863 0.3961 0.0000
#P0.2911 0.0000 0.0660 0.8863 0.3961 0.0000
#P0.2911 -0.0129 0.0660 0.8863 0.3961 0.0000
#P0.2911 -0.0258 -0.0028 0.8863 0.3961 0.0000
#P0.2911 -0.0387 -0.0028 0.8863 0.3961 0.0000
#P0.2911 -0.0516 -0.0028 0.8863 0.3922 0.0000
#P0.2911 -0.0645 -0.0028 0.8863 0.3922 0.0000
#P0.2911 -0.0775 -0.0028 0.8863 0.3922 0.0000
#P0.2911 -0.0904 -0.0028 0.8863 0.3922 0.0000
#P0.2911 -0.1033 -0.0028 0.8863 0.3922 0.0000
#P0.2911 -0.1162 -0.0028 0.8863 0.3922 0.0000
#P0.2911 -0.1291 -0.0028 0.8863 0.3922 0.0000
#P0.2911 -0.1420 -0.0028 0.8824 0.3922 0.0000
#P0.3038 0.0129 -0.0028 0.8824 0.3922 0.0000
#P0.3038 0.0000 0.0660 0.8824 0.3922 0.0000
#P0.3038 -0.0129 -0.0028 0.8824 0.3882 0.0000
#P0.3165 0.0258 -0.0028 0.8824 0.3843 0.0000
#P0.3165 0.0129 0.0660 0.8824 0.3843 0.0000
#P0.3165 0.0000 0.0660 0.8824 0.3843 0.0000
#P0.3291 0.0258 -0.0028 0.8784 0.3765 0.0000
#P0.3291 0.0129 0.0660 0.8784 0.3765 0.0000
#P0.3291 0.0000 -0.0028 0.8784 0.3765 0.0000
#P0.3418 0.0387 -0.0028 0.8745 0.3686 0.0000
#P0.3418 0.0258 0.0660 0.8745 0.3686 0.0000
#P0.3418 0.0129 0.0660 0.8745 0.3686 0.0000
#P0.3418 0.0000 -0.0028 0.8745 0.3686 0.0000
#P0.3544 0.0387 -0.0028 0.8706 0.3647 0.0000
#P0.3544 0.0258 0.0660 0.8706 0.3647 0.0000
#P0.3544 0.0129 -0.0028 0.8706 0.3647 0.0000
#P0.3671 0.0387 -0.0028 0.8706 0.3569 0.0000
#P0.3671 0.0258 0.0660 0.8706 0.3569 0.0000
#P0.3671 0.0129 -0.0028 0.8706 0.3569 0.0000
#P0.3797 0.0387 -0.0028 0.8667 0.3490 0.0000
#P0.3797 0.0258 0.0660 0.8667 0.3490 0.0000
#P0.3797 0.0129 -0.0028 0.8667 0.3490 0.0000
#P0.3924 0.0387 -0.0028 0.8627 0.3451 0.0000
#P0.3924 0.0258 0.0660 0.8627 0.3451 0.0000
#P0.3924 0.0129 -0.0028 0.8627 0.3451 0.0000
#P0.4051 0.0387 -0.0028 0.8588 0.3373 0.0000
#P0.4051 0.0258 0.0660 0.8588 0.3373 0.0000
#P0.4051 0.0129 0.0660 0.8588 0.3373 0.0000
#P0.4051 0.0000 -0.0028 0.8588 0.3373 0.0000
#P0.4177 0.0258 -0.0028 0.8588 0.3294 0.0000
#P0.4177 0.0129 0.0660 0.8588 0.3294 0.0000
#P0.4177 0.0000 0.0660 0.8588 0.3294 0.0000
#P0.4304 0.0129 -0.0028 0.8549 0.3255 0.0000
#P0.4304 0.0000 0.0660 0.8549 0.3255 0.0000
#P0.4304 -0.0129 -0.0028 0.8549 0.3216 0.0000
#P0.4304 -0.0258 -0.0028 0.8510 0.3216 0.0000
#P0.4430 0.0000 -0.0028 0.8510 0.3176 0.0000
#P0.4430 -0.0129 0.0660 0.8510 0.3137 0.0000
#P0.4430 -0.0258 -0.0028 0.8510 0.3137 0.0000
#P0.4557 -0.0129 -0.0028 0.8471 0.3098 0.0000
#P0.4557 -0.0258 -0.0028 0.8471 0.3098 0.0000
#P0.5063 0.0387 -0.0028 0.8353 0.2824 0.0000
#P0.5063 0.0258 -0.0028 0.8353 0.2824 0.0000
#P0.5063 0.0129 -0.0028 0.8353 0.2824 0.0000
#P0.5063 0.0000 -0.0028 0.8353 0.2824 0.0000
#P0.5063 -0.0129 -0.0028 0.8353 0.2824 0.0000
#P0.5063 -0.0258 -0.0028 0.8353 0.2824 0.0000
#P0.5063 -0.0387 -0.0028 0.8353 0.2824 0.0000
#P0.5063 -0.0516 -0.0028 0.8353 0.2784 0.0000
#P0.5063 -0.0645 -0.0028 0.8353 0.2784 0.0000
#P0.5063 -0.0775 -0.0028 0.8353 0.2784 0.0000
#P0.5063 -0.0904 -0.0028 0.8353 0.2784 0.0000
#P0.5063 -0.1033 -0.0028 0.8353 0.2784 0.0000
#P0.5063 -0.1162 -0.0028 0.8353 0.2784 0.0000
#P0.5063 -0.1291 -0.0028 0.8353 0.2784 0.0000
#P0.5063 -0.1420 -0.0028 0.8314 0.2784 0.0000
#P0.5063 -0.1549 -0.0028 0.8314 0.2745 0.0000
#P0.5063 -0.1678 -0.0028 0.8314 0.2745 0.0000
#P0.5063 -0.1807 -0.0028 0.8314 0.2745 0.0000
#P0.5063 -0.1936 -0.0028 0.8314 0.2745 0.0000
#P0.5063 -0.2066 -0.0028 0.8314 0.2706 0.0000
#P0.5063 -0.2195 -0.0028 0.8314 0.2706 0.0000
#P0.5190 0.0387 -0.0028 0.8353 0.2784 0.0000
#P0.5190 0.0258 0.0660 0.8353 0.2784 0.0000
#P0.5190 0.0129 0.0660 0.8353 0.2784 0.0000
#P0.5190 0.0000 0.0660 0.8353 0.2784 0.0000
#P0.5190 -0.0129 0.0660 0.8353 0.2745 0.0000
#P0.5190 -0.0258 0.0660 0.8314 0.2745 0.0000
#P0.5190 -0.0387 0.0660 0.8314 0.2745 0.0000
#P0.5190 -0.0516 0.0660 0.8314 0.2745 0.0000
#P0.5190 -0.0645 0.0660 0.8314 0.2745 0.0000
#P0.5190 -0.0775 0.0660 0.8314 0.2745 0.0000
#P0.5190 -0.0904 0.0660 0.8314 0.2745 0.0000
#P0.5190 -0.1033 0.0660 0.8314 0.2706 0.0000
#P0.5190 -0.1162 0.0660 0.8314 0.2706 0.0000
#P0.5190 -0.1291 0.0660 0.8314 0.2706 0.0000
#P0.5190 -0.1420 0.0660 0.8275 0.2706 0.0000
#P0.5190 -0.1549 0.0660 0.8275 0.2667 0.0000
#P0.5190 -0.1678 0.0660 0.8275 0.2667 0.0000
#P0.5190 -0.1807 0.0660 0.8275 0.2667 0.0000
#P0.5190 -0.1936 0.0660 0.8275 0.2667 0.0000
#P0.5190 -0.2066 0.0660 0.8275 0.2667 0.0000
#P0.5190 -0.2195 -0.0028 0.8275 0.2667 0.0000
#P0.5316 0.0387 -0.0028 0.8314 0.2706 0.0000
#P0.5316 0.0258 0.0660 0.8314 0.2706 0.0000
#P0.5316 0.0129 -0.0028 0.8314 0.2706 0.0000
#P0.5316 0.0000 -0.0028 0.8314 0.2706 0.0000
#P0.5316 -0.0129 -0.0028 0.8314 0.2667 0.0000
#P0.5316 -0.0258 -0.0028 0.8275 0.2667 0.0000
#P0.5316 -0.0387 -0.0028 0.8275 0.2667 0.0000
#P0.5316 -0.0516 -0.0028 0.8275 0.2667 0.0000
#P0.5316 -0.0645 -0.0028 0.8275 0.2667 0.0000
#P0.5316 -0.0775 -0.0028 0.8275 0.2667 0.0000
#P0.5316 -0.0904 -0.0028 0.8275 0.2667 0.0000
#P0.5316 -0.1033 -0.0028 0.8275 0.2627 0.0000
#P0.5316 -0.1162 -0.0028 0.8275 0.2627 0.0000
#P0.5316 -0.1291 0.0660 0.8275 0.2627 0.0000
#P0.5316 -0.1420 -0.0028 0.8275 0.2627 0.0000
#P0.5316 -0.1549 -0.0028 0.8275 0.2627 0.0000
#P0.5316 -0.1678 -0.0028 0.8275 0.2627 0.0000
#P0.5316 -0.1807 -0.0028 0.8275 0.2627 0.0000
#P0.5316 -0.1936 -0.0028 0.8275 0.2627 0.0000
#P0.5316 -0.2066 -0.0028 0.8275 0.2588 0.0000
#P0.5316 -0.2195 -0.0028 0.8275 0.2588 0.0000
#P0.5443 0.0387 -0.0028 0.8275 0.2627 0.0000
#P0.5443 0.0258 0.0660 0.8275 0.2627 0.0000
#P0.5443 0.0129 -0.0028 0.8275 0.2627 0.0000
#P0.5443 -0.1162 -0.0028 0.8275 0.2588 0.0000
#P0.5443 -0.1291 0.0660 0.8275 0.2588 0.0000
#P0.5443 -0.1420 -0.0028 0.8235 0.2588 0.0000
#P0.5570 0.0387 -0.0028 0.8235 0.2588 0.0000
#P0.5570 0.0258 0.0660 0.8235 0.2588 0.0000
#P0.5570 0.0129 -0.0028 0.8235 0.2588 0.0000
#P0.5570 -0.1162 -0.0028 0.8235 0.2510 0.0000
#P0.5570 -0.1291 0.0660 0.8235 0.2510 0.0000
#P0.5570 -0.1420 -0.0028 0.8196 0.2510 0.0000
#P0.5696 0.0387 -0.0028 0.8235 0.2510 0.0000
#P0.5696 0.0258 0.0660 0.8235 0.2510 0.0000
#P0.5696 0.0129 -0.0028 0.8235 0.2510 0.0000
#P0.5696 -0.1162 -0.0028 0.8196 0.2431 0.0000
#P0.5696 -0.1291 0.0660 0.8196 0.2431 0.0000
#P0.5696 -0.1420 -0.0028 0.8157 0.2431 0.0000
#P0.5823 0.0387 -0.0028 0.8196 0.2431 0.0000
#P0.5823 0.0258 0.0660 0.8196 0.2431 0.0000
#P0.5823 0.0129 -0.0028 0.8196 0.2431 0.0000
#P0.5823 -0.1162 -0.0028 0.8157 0.2353 0.0000
#P0.5823 -0.1291 0.0660 0.8157 0.2353 0.0000
#P0.5823 -0.1420 -0.0028 0.8157 0.2353 0.0000
#P0.5949 0.0387 -0.0028 0.8157 0.2392 0.0000
#P0.5949 0.0258 0.0660 0.8157 0.2392 0.0000
#P0.5949 0.0129 -0.0028 0.8157 0.2392 0.0000
#P0.5949 -0.1162 -0.0028 0.8157 0.2314 0.0000
#P0.5949 -0.1291 0.0660 0.8157 0.2314 0.0000
#P0.5949 -0.1420 -0.0028 0.8118 0.2314 0.0000
#P0.6076 0.0387 -0.0028 0.8118 0.2314 0.0000
#P0.6076 0.0258 0.0660 0.8118 0.2314 0.0000
#P0.6076 0.0129 -0.0028 0.8118 0.2314 0.0000
#P0.6076 -0.1162 -0.0028 0.8118 0.2235 0.0000
#P0.6076 -0.1291 0.0660 0.8118 0.2235 0.0000
#P0.6076 -0.1420 -0.0028 0.8078 0.2235 0.0000
#P0.6203 0.0387 -0.0028 0.8118 0.2235 0.0000
#P0.6203 0.0258 0.0660 0.8118 0.2235 0.0000
#P0.6203 0.0129 -0.0028 0.8118 0.2235 0.0000
#P0.6203 -0.1162 -0.0028 0.8078 0.2157 0.0000
#P0.6203 -0.1291 0.0660 0.8078 0.2157 0.0000
#P0.6203 -0.1420 -0.0028 0.8039 0.2157 0.0000
#P0.6329 0.0387 -0.0028 0.8078 0.2196 0.0000
#P0.6329 0.0258 0.0660 0.8078 0.2196 0.0000
#P0.6329 0.0129 -0.0028 0.8078 0.2196 0.0000
#P0.6329 -0.1162 -0.0028 0.8039 0.2078 0.0000
#P0.6329 -0.1291 0.0660 0.8039 0.2078 0.0000
#P0.6329 -0.1420 -0.0028 0.8039 0.2078 0.0000
#P0.6456 0.0387 -0.0028 0.8039 0.2118 0.0000
#P0.6456 0.0258 0.0660 0.8039 0.2118 0.0000
#P0.6456 0.0129 0.0660 0.8039 0.2118 0.0000
#P0.6456 0.0000 -0.0028 0.8039 0.2118 0.0000
#P0.6456 -0.1033 -0.0028 0.8039 0.2039 0.0000
#P0.6456 -0.1162 0.0660 0.8039 0.2039 0.0000
#P0.6456 -0.1291 0.0660 0.8039 0.2039 0.0000
#P0.6456 -0.1420 -0.0028 0.8000 0.2039 0.0000
#P0.6582 0.0258 -0.0028 0.8039 0.2039 0.0000
#P0.6582 0.0129 0.0660 0.8039 0.2039 0.0000
#P0.6582 0.0000 0.0660 0.8039 0.2039 0.0000
#P0.6582 -0.0904 -0.0028 0.8000 0.2000 0.0000
#P0.6582 -0.1033 0.0660 0.8000 0.1961 0.0000
#P0.6582 -0.1162 0.0660 0.8000 0.1961 0.0000
#P0.6582 -0.1291 -0.0028 0.8000 0.1961 0.0000
#P0.6709 0.0258 -0.0028 0.8000 0.1961 0.0000
#P0.6709 0.0129 0.0660 0.8000 0.1961 0.0000
#P0.6709 0.0000 0.0660 0.8000 0.1961 0.0000
#P0.6709 -0.0129 -0.0028 0.8000 0.1961 0.0000
#P0.6709 -0.0258 -0.0028 0.7961 0.1961 0.0000
#P0.6709 -0.0387 -0.0028 0.7961 0.1961 0.0000
#P0.6709 -0.0516 -0.0028 0.7961 0.1922 0.0000
#P0.6709 -0.0645 -0.0028 0.7961 0.1922 0.0000
#P0.6709 -0.0775 -0.0028 0.7961 0.1922 0.0000
#P0.6709 -0.0904 0.0660 0.7961 0.1922 0.0000
#P0.6709 -0.1033 0.0660 0.7961 0.1882 0.0000
#P0.6709 -0.1162 0.0660 0.7961 0.1882 0.0000
#P0.6709 -0.1291 -0.0028 0.7961 0.1882 0.0000
#P0.6835 0.0129 -0.0028 0.7961 0.1922 0.0000
#P0.6835 0.0000 -0.0028 0.7961 0.1922 0.0000
#P0.6835 -0.0129 0.0660 0.7961 0.1882 0.0000
#P0.6835 -0.0258 0.0660 0.7922 0.1882 0.0000
#P0.6835 -0.0387 0.0660 0.7922 0.1882 0.0000
#P0.6835 -0.0516 0.0660 0.7922 0.1843 0.0000
#P0.6835 -0.0645 0.0660 0.7922 0.1843 0.0000
#P0.6835 -0.0775 0.0660 0.7922 0.1843 0.0000
#P0.6835 -0.0904 0.0660 0.7922 0.1843 0.0000
#P0.6835 -0.1033 -0.0028 0.7922 0.1843 0.0000
#P0.6835 -0.1162 -0.0028 0.7922 0.1843 0.0000
#P0.6962 -0.0129 -0.0028 0.7922 0.1804 0.0000
#P0.6962 -0.0258 -0.0028 0.7922 0.1804 0.0000
#P0.6962 -0.0387 -0.0028 0.7922 0.1804 0.0000
#P0.6962 -0.0516 -0.0028 0.7922 0.1804 0.0000
#P0.6962 -0.0645 -0.0028 0.7922 0.1804 0.0000
#P0.6962 -0.0775 -0.0028 0.7922 0.1804 0.0000
#P0.6962 -0.0904 -0.0028 0.7922 0.1804 0.0000
#P0.7468 0.1162 -0.0028 0.7843 0.1647 0.0000
#P0.7468 0.1033 -0.0028 0.7843 0.1647 0.0000
#P0.7468 0.0904 -0.0028 0.7843 0.1608 0.0000
#P0.7468 0.0775 -0.0028 0.7804 0.1608 0.0000
#P0.7468 0.0645 -0.0028 0.7804 0.1608 0.0000
#P0.7468 0.0516 -0.0028 0.7804 0.1608 0.0000
#P0.7468 0.0387 -0.0028 0.7804 0.1569 0.0000
#P0.7468 0.0258 -0.0028 0.7804 0.1569 0.0000
#P0.7468 0.0129 -0.0028 0.7804 0.1569 0.0000
#P0.7468 0.0000 -0.0028 0.7804 0.1569 0.0000
#P0.7468 -0.0129 -0.0028 0.7804 0.1569 0.0000
#P0.7468 -0.0258 -0.0028 0.7804 0.1569 0.0000
#P0.7468 -0.0387 -0.0028 0.7804 0.1569 0.0000
#P0.7468 -0.0516 -0.0028 0.7804 0.1529 0.0000
#P0.7468 -0.0645 -0.0028 0.7804 0.1529 0.0000
#P0.7468 -0.0775 -0.0028 0.7804 0.1529 0.0000
#P0.7468 -0.0904 -0.0028 0.7804 0.1529 0.0000
#P0.7468 -0.1033 -0.0028 0.7804 0.1490 0.0000
#P0.7468 -0.1162 -0.0028 0.7804 0.1490 0.0000
#P0.7468 -0.1291 -0.0028 0.7804 0.1490 0.0000
#P0.7468 -0.1420 -0.0028 0.7765 0.1490 0.0000
#P0.7595 0.1162 -0.0028 0.7804 0.1569 0.0000
#P0.7595 0.1033 0.0660 0.7804 0.1569 0.0000
#P0.7595 0.0904 0.0660 0.7804 0.1529 0.0000
#P0.7595 0.0775 0.0660 0.7804 0.1529 0.0000
#P0.7595 0.0645 0.0660 0.7804 0.1529 0.0000
#P0.7595 0.0516 0.0660 0.7804 0.1529 0.0000
#P0.7595 0.0387 0.0660 0.7804 0.1529 0.0000
#P0.7595 0.0258 0.0660 0.7804 0.1529 0.0000
#P0.7595 0.0129 0.0660 0.7804 0.1529 0.0000
#P0.7595 0.0000 0.0660 0.7804 0.1529 0.0000
#P0.7595 -0.0129 0.0660 0.7804 0.1490 0.0000
#P0.7595 -0.0258 0.0660 0.7765 0.1490 0.0000
#P0.7595 -0.0387 0.0660 0.7765 0.1490 0.0000
#P0.7595 -0.0516 0.0660 0.7765 0.1451 0.0000
#P0.7595 -0.0645 0.0660 0.7765 0.1451 0.0000
#P0.7595 -0.0775 0.0660 0.7765 0.1451 0.0000
#P0.7595 -0.0904 0.0660 0.7765 0.1451 0.0000
#P0.7595 -0.1033 0.0660 0.7765 0.1412 0.0000
#P0.7595 -0.1162 0.0660 0.7765 0.1412 0.0000
#P0.7595 -0.1291 0.0660 0.7765 0.1412 0.0000
#P0.7595 -0.1420 -0.0028 0.7725 0.1412 0.0000
#P0.7722 0.1162 -0.0028 0.7804 0.1529 0.0000
#P0.7722 0.1033 -0.0028 0.7804 0.1529 0.0000
#P0.7722 0.0904 -0.0028 0.7804 0.1490 0.0000
#P0.7722 0.0775 -0.0028 0.7765 0.1490 0.0000
#P0.7722 0.0645 -0.0028 0.7765 0.1490 0.0000
#P0.7722 0.0516 -0.0028 0.7765 0.1490 0.0000
#P0.7722 0.0387 -0.0028 0.7765 0.1451 0.0000
#P0.7722 0.0258 0.0660 0.7765 0.1451 0.0000
#P0.7722 0.0129 -0.0028 0.7765 0.1451 0.0000
#P0.7722 0.0000 -0.0028 0.7765 0.1451 0.0000
#P0.7722 -0.0129 -0.0028 0.7765 0.1412 0.0000
#P0.7722 -0.0258 -0.0028 0.7725 0.1412 0.0000
#P0.7722 -0.0387 -0.0028 0.7725 0.1412 0.0000
#P0.7722 -0.0516 -0.0028 0.7725 0.1373 0.0000
#P0.7722 -0.0645 -0.0028 0.7725 0.1373 0.0000
#P0.7722 -0.0775 -0.0028 0.7725 0.1373 0.0000
#P0.7722 -0.0904 -0.0028 0.7725 0.1373 0.0000
#P0.7722 -0.1033 -0.0028 0.7725 0.1373 0.0000
#P0.7722 -0.1162 -0.0028 0.7725 0.1373 0.0000
#P0.7722 -0.1291 -0.0028 0.7725 0.1373 0.0000
#P0.7722 -0.1420 -0.0028 0.7686 0.1373 0.0000
#P0.7848 0.0387 -0.0028 0.7725 0.1373 0.0000
#P0.7848 0.0258 0.0660 0.7725 0.1373 0.0000
#P0.7848 0.0129 -0.0028 0.7725 0.1373 0.0000
#P0.7975 0.0387 -0.0028 0.7686 0.1333 0.0000
#P0.7975 0.0258 0.0660 0.7686 0.1333 0.0000
#P0.7975 0.0129 -0.0028 0.7686 0.1333 0.0000
#P0.8101 0.0387 -0.0028 0.7686 0.1255 0.0000
#P0.8101 0.0258 0.0660 0.7686 0.1255 0.0000
#P0.8101 0.0129 -0.0028 0.7686 0.1255 0.0000
#P0.8228 0.0387 -0.0028 0.7647 0.1176 0.0000
#P0.8228 0.0258 0.0660 0.7647 0.1176 0.0000
#P0.8228 0.0129 -0.0028 0.7647 0.1176 0.0000
#P0.8354 0.0387 -0.0028 0.7608 0.1098 0.0000
#P0.8354 0.0258 0.0660 0.7608 0.1098 0.0000
#P0.8354 0.0129 -0.0028 0.7608 0.1098 0.0000
#P0.8481 0.0387 -0.0028 0.7569 0.1059 0.0000
#P0.8481 0.0258 0.0660 0.7569 0.1059 0.0000
#P0.8481 0.0129 -0.0028 0.7569 0.1059 0.0000
#P0.8608 0.0387 -0.0028 0.7569 0.0980 0.0000
#P0.8608 0.0258 0.0660 0.7569 0.0980 0.0000
#P0.8608 0.0129 -0.0028 0.7569 0.0980 0.0000
#P0.8734 0.0387 -0.0028 0.7529 0.0902 0.0000
#P0.8734 0.0258 0.0660 0.7529 0.0902 0.0000
#P0.8734 0.0129 -0.0028 0.7529 0.0902 0.0000
#P0.8861 0.0387 -0.0028 0.7490 0.0863 0.0000
#P0.8861 0.0258 0.0660 0.7490 0.0863 0.0000
#P0.8861 0.0129 0.0660 0.7490 0.0863 0.0000
#P0.8861 0.0000 -0.0028 0.7490 0.0863 0.0000
#P0.8987 0.0258 -0.0028 0.7451 0.0784 0.0000
#P0.8987 0.0129 0.0660 0.7451 0.0784 0.0000
#P0.8987 0.0000 0.0660 0.7451 0.0784 0.0000
#P0.9114 0.0258 -0.0028 0.7451 0.0706 0.0000
#P0.9114 0.0129 0.0660 0.7451 0.0706 0.0000
#P0.9114 0.0000 0.0660 0.7451 0.0706 0.0000
#P0.9114 -0.0129 -0.0028 0.7451 0.0667 0.0000
#P0.9114 -0.0258 -0.0028 0.7412 0.0667 0.0000
#P0.9114 -0.0387 -0.0028 0.7412 0.0667 0.0000
#P0.9114 -0.0516 -0.0028 0.7412 0.0627 0.0000
#P0.9114 -0.0645 -0.0028 0.7412 0.0627 0.0000
#P0.9114 -0.0775 -0.0028 0.7412 0.0627 0.0000
#P0.9114 -0.0904 -0.0028 0.7412 0.0627 0.0000
#P0.9114 -0.1033 -0.0028 0.7412 0.0627 0.0000
#P0.9114 -0.1162 -0.0028 0.7412 0.0627 0.0000
#P0.9114 -0.1291 -0.0028 0.7412 0.0627 0.0000
#P0.9114 -0.1420 -0.0028 0.7373 0.0627 0.0000
#P0.9241 0.0129 -0.0028 0.7412 0.0667 0.0000
#P0.9241 0.0000 -0.0028 0.7412 0.0667 0.0000
#P0.9241 -0.0129 0.0660 0.7412 0.0627 0.0000
#P0.9241 -0.0258 0.0660 0.7373 0.0627 0.0000
#P0.9241 -0.0387 0.0660 0.7373 0.0627 0.0000
#P0.9241 -0.0516 0.0660 0.7373 0.0588 0.0000
#P0.9241 -0.0645 0.0660 0.7373 0.0588 0.0000
#P0.9241 -0.0775 0.0660 0.7373 0.0588 0.0000
#P0.9241 -0.0904 0.0660 0.7373 0.0588 0.0000
#P0.9241 -0.1033 0.0660 0.7373 0.0549 0.0000
#P0.9241 -0.1162 0.0660 0.7373 0.0549 0.0000
#P0.9241 -0.1291 0.0660 0.7373 0.0549 0.0000
#P0.9241 -0.1420 -0.0028 0.7333 0.0549 0.0000
#P0.9367 -0.0129 -0.0028 0.7373 0.0549 0.0000
#P0.9367 -0.0258 -0.0028 0.7333 0.0549 0.0000
#P0.9367 -0.0387 -0.0028 0.7333 0.0549 0.0000
#P0.9367 -0.0516 -0.0028 0.7333 0.0510 0.0000
#P0.9367 -0.0645 -0.0028 0.7333 0.0510 0.0000
#P0.9367 -0.0775 -0.0028 0.7333 0.0510 0.0000
#P0.9367 -0.0904 -0.0028 0.7333 0.0510 0.0000
#P0.9367 -0.1033 -0.0028 0.7333 0.0471 0.0000
#P0.9367 -0.1162 -0.0028 0.7333 0.0471 0.0000
#P0.9367 -0.1291 -0.0028 0.7333 0.0471 0.0000
#P0.9367 -0.1420 -0.0028 0.7294 0.0471 0.0000
