#N1020
#P1.000000	0.000000	0.000000	1.000000	0.000000	0.000000
#P0.999828	0.018533	0.000000	1.000000	0.000000	0.000000
#P0.999313	0.037060	0.000000	1.000000	0.000000	0.000000
#P0.998455	0.055575	0.000000	1.000000	0.000000	0.000000
#P0.997253	0.074070	0.000000	1.000000	0.000000	0.000000
#P0.995709	0.092540	0.000000	1.000000	0.000000	0.000000
#P0.993823	0.110978	0.000000	1.000000	0.000000	0.000000
#P0.991595	0.129378	0.000000	1.000000	0.000000	0.000000
#P0.989027	0.147733	0.000000	1.000000	0.000000	0.000000
#P0.986119	0.166038	0.000000	1.000000	0.000000	0.000000
#P0.982873	0.184285	0.000000	1.000000	0.000000	0.000000
#P0.979289	0.202470	0.000000	1.000000	0.000000	0.000000
#P0.975368	0.220584	0.000000	1.000000	0.000000	0.000000
#P0.971112	0.238623	0.000000	1.000000	0.000000	0.000000
#P0.966523	0.256580	0.000000	1.000000	0.000000	0.000000
#P0.961602	0.274449	0.000000	1.000000	0.000000	0.000000
#P0.956350	0.292224	0.000000	1.000000	0.000000	0.000000
#P0.950770	0.309898	0.000000	1.000000	0.000000	0.000000
#P0.944863	0.327466	0.000000	1.000000	0.000000	0.000000
#P0.938632	0.344921	0.000000	1.000000	0.000000	0.000000
#P0.932078	0.362258	0.000000	1.000000	0.000000	0.000000
#P0.925204	0.379470	0.000000	1.000000	0.000000	0.000000
#P0.918012	0.396552	0.000000	1.000000	0.000000	0.000000
#P0.910505	0.413498	0.000000	1.000000	0.000000	0.000000
#P0.902685	0.430302	0.000000	1.000000	0.000000	0.000000
#P0.894555	0.446958	0.000000	1.000000	0.000000	0.000000
#P0.886118	0.463460	0.000000	1.000000	0.000000	0.000000
#P0.877376	0.479803	0.000000	1.000000	0.000000	0.000000
#P0.868333	0.495982	0.000000	1.000000	0.000000	0.000000
#P0.858992	0.511990	0.000000	1.000000	0.000000	0.000000
#P0.849355	0.527822	0.000000	1.000000	0.000000	0.000000
#P0.839427	0.543473	0.000000	1.000000	0.000000	0.000000
#P0.829210	0.558937	0.000000	1.000000	0.000000	0.000000
#P0.818709	0.574209	0.000000	1.000000	0.000000	0.000000
#P0.807926	0.589284	0.000000	1.000000	0.000000	0.000000
#P0.796866	0.604156	0.000000	1.000000	0.000000	0.000000
#P0.785532	0.618821	0.000000	1.000000	0.000000	0.000000
#P0.773928	0.633273	0.000000	1.000000	0.000000	0.000000
#P0.762059	0.647508	0.000000	1.000000	0.000000	0.000000
#P0.749927	0.661520	0.000000	1.000000	0.000000	0.000000
#P0.737538	0.675305	0.000000	1.000000	0.000000	0.000000
#P0.724896	0.688859	0.000000	1.000000	0.000000	0.000000
#P0.712004	0.702175	0.000000	1.000000	0.000000	0.000000
#P0.698868	0.715250	0.000000	1.000000	0.000000	0.000000
#P0.685492	0.728080	0.000000	1.000000	0.000000	0.000000
#P0.671881	0.740659	0.000000	1.000000	0.000000	0.000000
#P0.658038	0.752984	0.000000	1.000000	0.000000	0.000000
#P0.643970	0.765051	0.000000	1.000000	0.000000	0.000000
#P0.629680	0.776854	0.000000	1.000000	0.000000	0.000000
#P0.615175	0.788391	0.000000	1.000000	0.000000	0.000000
#P0.600457	0.799657	0.000000	1.000000	0.000000	0.000000
#P0.585534	0.810648	0.000000	1.000000	0.000000	0.000000
#P0.570409	0.821361	0.000000	1.000000	0.000000	0.000000
#P0.555089	0.831791	0.000000	1.000000	0.000000	0.000000
#P0.539577	0.841936	0.000000	1.000000	0.000000	0.000000
#P0.523881	0.851792	0.000000	1.000000	0.000000	0.000000
#P0.508004	0.861355	0.000000	1.000000	0.000000	0.000000
#P0.491953	0.870622	0.000000	1.000000	0.000000	0.000000
#P0.475733	0.879590	0.000000	1.000000	0.000000	0.000000
#P0.459349	0.888256	0.000000	1.000000	0.000000	0.000000
#P0.442808	0.896616	0.000000	1.000000	0.000000	0.000000
#P0.426115	0.904669	0.000000	1.000000	0.000000	0.000000
#P0.409275	0.912411	0.000000	1.000000	0.000000	0.000000
#P0.392294	0.919840	0.000000	1.000000	0.000000	0.000000
#P0.375179	0.926952	0.000000	1.000000	0.000000	0.000000
#P0.357935	0.933746	0.000000	1.000000	0.000000	0.000000
#P0.340568	0.940220	0.000000	1.000000	0.000000	0.000000
#P0.323084	0.946370	0.000000	1.000000	0.000000	0.000000
#P0.305489	0.952195	0.000000	1.000000	0.000000	0.000000
#P0.287790	0.957694	0.000000	1.000000	0.000000	0.000000
#P0.269991	0.962863	0.000000	1.000000	0.000000	0.000000
#P0.252099	0.967701	0.000000	1.000000	0.000000	0.000000
#P0.234121	0.972207	0.000000	1.000000	0.000000	0.000000
#P0.216063	0.976380	0.000000	1.000000	0.000000	0.000000
#P0.197930	0.980216	0.000000	1.000000	0.000000	0.000000
#P0.179729	0.983716	0.000000	1.000000	0.000000	0.000000
#P0.161467	0.986878	0.000000	1.000000	0.000000	0.000000
#P0.143149	0.989701	0.000000	1.000000	0.000000	0.000000
#P0.124782	0.992184	0.000000	1.000000	0.000000	0.000000
#P0.106372	0.994326	0.000000	1.000000	0.000000	0.000000
#P0.087925	0.996127	0.000000	1.000000	0.000000	0.000000
#P0.069448	0.997586	0.000000	1.000000	0.000000	0.000000
#P0.050948	0.998701	0.000000	1.000000	0.000000	0.000000
#P0.032430	0.999474	0.000000	1.000000	0.000000	0.000000
#P0.013900	0.999903	0.000000	1.000000	0.000000	0.000000
#P-0.004634	0.999989	0.000000	1.000000	0.000000	0.000000
#P-0.023166	0.999732	0.000000	1.000000	0.000000	0.000000
#P-0.041690	0.999131	0.000000	1.000000	0.000000	0.000000
#P-0.060201	0.998186	0.000000	1.000000	0.000000	0.000000
#P-0.078690	0.996899	0.000000	1.000000	0.000000	0.000000
#P-0.097152	0.995270	0.000000	1.000000	0.000000	0.000000
#P-0.115582	0.993298	0.000000	1.000000	0.000000	0.000000
#P-0.133971	0.990985	0.000000	1.000000	0.000000	0.000000
#P-0.152314	0.988332	0.000000	1.000000	0.000000	0.000000
#P-0.170605	0.985339	0.000000	1.000000	0.000000	0.000000
#P-0.188838	0.982008	0.000000	1.000000	0.000000	0.000000
#P-0.207005	0.978340	0.000000	1.000000	0.000000	0.000000
#P-0.225102	0.974335	0.000000	1.000000	0.000000	0.000000
#P-0.243121	0.969996	0.000000	1.000000	0.000000	0.000000
#P-0.261056	0.965324	0.000000	1.000000	0.000000	0.000000
#P-0.278902	0.960320	0.000000	1.000000	0.000000	0.000000
#P-0.296652	0.954986	0.000000	1.000000	0.000000	0.000000
#P-0.314300	0.949324	0.000000	1.000000	0.000000	0.000000
#P-0.331841	0.943335	0.000000	1.000000	0.000000	0.000000
#P-0.349267	0.937023	0.000000	1.000000	0.000000	0.000000
#P-0.366573	0.930389	0.000000	1.000000	0.000000	0.000000
#P-0.383753	0.923436	0.000000	1.000000	0.000000	0.000000
#P-0.400802	0.916165	0.000000	1.000000	0.000000	0.000000
#P-0.417713	0.908579	0.000000	1.000000	0.000000	0.000000
#P-0.434480	0.900681	0.000000	1.000000	0.000000	0.000000
#P-0.451098	0.892474	0.000000	1.000000	0.000000	0.000000
#P-0.467561	0.883961	0.000000	1.000000	0.000000	0.000000
#P-0.483864	0.875143	0.000000	1.000000	0.000000	0.000000
#P-0.500000	0.866025	0.000000	1.000000	0.000000	0.000000
#P-0.515965	0.856610	0.000000	1.000000	0.000000	0.000000
#P-0.531752	0.846900	0.000000	1.000000	0.000000	0.000000
#P-0.547356	0.836900	0.000000	1.000000	0.000000	0.000000
#P-0.562773	0.826611	0.000000	1.000000	0.000000	0.000000
#P-0.577996	0.816039	0.000000	1.000000	0.000000	0.000000
#P-0.593021	0.805187	0.000000	1.000000	0.000000	0.000000
#P-0.607842	0.794058	0.000000	1.000000	0.000000	0.000000
#P-0.622454	0.782656	0.000000	1.000000	0.000000	0.000000
#P-0.636853	0.770986	0.000000	1.000000	0.000000	0.000000
#P-0.651032	0.759050	0.000000	1.000000	0.000000	0.000000
#P-0.664988	0.746854	0.000000	1.000000	0.000000	0.000000
#P-0.678716	0.734401	0.000000	1.000000	0.000000	0.000000
#P-0.692210	0.721696	0.000000	1.000000	0.000000	0.000000
#P-0.705467	0.708743	0.000000	1.000000	0.000000	0.000000
#P-0.718481	0.695547	0.000000	1.000000	0.000000	0.000000
#P-0.731248	0.682111	0.000000	1.000000	0.000000	0.000000
#P-0.743765	0.668442	0.000000	1.000000	0.000000	0.000000
#P-0.756025	0.654542	0.000000	1.000000	0.000000	0.000000
#P-0.768026	0.640418	0.000000	1.000000	0.000000	0.000000
#P-0.779764	0.626074	0.000000	1.000000	0.000000	0.000000
#P-0.791233	0.611515	0.000000	1.000000	0.000000	0.000000
#P-0.802431	0.596746	0.000000	1.000000	0.000000	0.000000
#P-0.813352	0.581771	0.000000	1.000000	0.000000	0.000000
#P-0.823995	0.566597	0.000000	1.000000	0.000000	0.000000
#P-0.834354	0.551228	0.000000	1.000000	0.000000	0.000000
#P-0.844427	0.535670	0.000000	1.000000	0.000000	0.000000
#P-0.854210	0.519928	0.000000	1.000000	0.000000	0.000000
#P-0.863699	0.504007	0.000000	1.000000	0.000000	0.000000
#P-0.872892	0.487914	0.000000	1.000000	0.000000	0.000000
#P-0.881785	0.471652	0.000000	1.000000	0.000000	0.000000
#P-0.890375	0.455229	0.000000	1.000000	0.000000	0.000000
#P-0.898659	0.438649	0.000000	1.000000	0.000000	0.000000
#P-0.906634	0.421918	0.000000	1.000000	0.000000	0.000000
#P-0.914298	0.405043	0.000000	1.000000	0.000000	0.000000
#P-0.921648	0.388028	0.000000	1.000000	0.000000	0.000000
#P-0.928681	0.370880	0.000000	1.000000	0.000000	0.000000
#P-0.935395	0.353605	0.000000	1.000000	0.000000	0.000000
#P-0.941788	0.336208	0.000000	1.000000	0.000000	0.000000
#P-0.947857	0.318696	0.000000	1.000000	0.000000	0.000000
#P-0.953601	0.301074	0.000000	1.000000	0.000000	0.000000
#P-0.959017	0.283349	0.000000	1.000000	0.000000	0.000000
#P-0.964104	0.265526	0.000000	1.000000	0.000000	0.000000
#P-0.968859	0.247613	0.000000	1.000000	0.000000	0.000000
#P-0.973282	0.229614	0.000000	1.000000	0.000000	0.000000
#P-0.977370	0.211536	0.000000	1.000000	0.000000	0.000000
#P-0.981123	0.193386	0.000000	1.000000	0.000000	0.000000
#P-0.984538	0.175169	0.000000	1.000000	0.000000	0.000000
#P-0.987616	0.156892	0.000000	1.000000	0.000000	0.000000
#P-0.990354	0.138561	0.000000	1.000000	0.000000	0.000000
#P-0.992752	0.120183	0.000000	1.000000	0.000000	0.000000
#P-0.994809	0.101763	0.000000	1.000000	0.000000	0.000000
#P-0.996524	0.083308	0.000000	1.000000	0.000000	0.000000
#P-0.997897	0.064825	0.000000	1.000000	0.000000	0.000000
#P-0.998927	0.046320	0.000000	1.000000	0.000000	0.000000
#P-0.999614	0.027798	0.000000	1.000000	0.000000	0.000000
#P-0.999957	0.009267	0.000000	1.000000	0.000000	0.000000
#P-0.999957	-0.009267	0.000000	1.000000	0.000000	0.000000
#P-0.999614	-0.027798	0.000000	1.000000	0.000000	0.000000
#P-0.998927	-0.046320	0.000000	1.000000	0.000000	0.000000
#P-0.997897	-0.064825	0.000000	1.000000	0.000000	0.000000
#P-0.996524	-0.083308	0.000000	1.000000	0.000000	0.000000
#P-0.994809	-0.101763	0.000000	1.000000	0.000000	0.000000
#P-0.992752	-0.120183	0.000000	1.000000	0.000000	0.000000
#P-0.990354	-0.138561	0.000000	1.000000	0.000000	0.000000
#P-0.987616	-0.156892	0.000000	1.000000	0.000000	0.000000
#P-0.984538	-0.175169	0.000000	1.000000	0.000000	0.000000
#P-0.981123	-0.193386	0.000000	1.000000	0.000000	0.000000
#P-0.977370	-0.211536	0.000000	1.000000	0.000000	0.000000
#P-0.973282	-0.229614	0.000000	1.000000	0.000000	0.000000
#P-0.968859	-0.247613	0.000000	1.000000	0.000000	0.000000
#P-0.964104	-0.265526	0.000000	1.000000	0.000000	0.000000
#P-0.959017	-0.283349	0.000000	1.000000	0.000000	0.000000
#P-0.953601	-0.301074	0.000000	1.000000	0.000000	0.000000
#P-0.947857	-0.318696	0.000000	1.000000	0.000000	0.000000
#P-0.941788	-0.336208	0.000000	1.000000	0.000000	0.000000
#P-0.935395	-0.353605	0.000000	1.000000	0.000000	0.000000
#P-0.928681	-0.370880	0.000000	1.000000	0.000000	0.000000
#P-0.921648	-0.388028	0.000000	1.000000	0.000000	0.000000
#P-0.914298	-0.405043	0.000000	1.000000	0.000000	0.000000
#P-0.906634	-0.421918	0.000000	1.000000	0.000000	0.000000
#P-0.898659	-0.438649	0.000000	1.000000	0.000000	0.000000
#P-0.890375	-0.455229	0.000000	1.000000	0.000000	0.000000
#P-0.881785	-0.471652	0.000000	1.000000	0.000000	0.000000
#P-0.872892	-0.487914	0.000000	1.000000	0.000000	0.000000
#P-0.863699	-0.504007	0.000000	1.000000	0.000000	0.000000
#P-0.854210	-0.519928	0.000000	1.000000	0.000000	0.000000
#P-0.844427	-0.535670	0.000000	1.000000	0.000000	0.000000
#P-0.834354	-0.551228	0.000000	1.000000	0.000000	0.000000
#P-0.823995	-0.566597	0.000000	1.000000	0.000000	0.000000
#P-0.813352	-0.581771	0.000000	1.000000	0.000000	0.000000
#P-0.802431	-0.596746	0.000000	1.000000	0.000000	0.000000
#P-0.791233	-0.611515	0.000000	1.000000	0.000000	0.000000
#P-0.779764	-0.626074	0.000000	1.000000	0.000000	0.000000
#P-0.768026	-0.640418	0.000000	1.000000	0.000000	0.000000
#P-0.756025	-0.654542	0.000000	1.000000	0.000000	0.000000
#P-0.743765	-0.668442	0.000000	1.000000	0.000000	0.000000
#P-0.731248	-0.682111	0.000000	1.000000	0.000000	0.000000
#P-0.718481	-0.695547	0.000000	1.000000	0.000000	0.000000
#P-0.705467	-0.708743	0.000000	1.000000	0.000000	0.000000
#P-0.692210	-0.721696	0.000000	1.000000	0.000000	0.000000
#P-0.678716	-0.734401	0.000000	1.000000	0.000000	0.000000
#P-0.664988	-0.746854	0.000000	1.000000	0.000000	0.000000
#P-0.651032	-0.759050	0.000000	1.000000	0.000000	0.000000
#P-0.636853	-0.770986	0.000000	1.000000	0.000000	0.000000
#P-0.622454	-0.782656	0.000000	1.000000	0.000000	0.000000
#P-0.607842	-0.794058	0.000000	1.000000	0.000000	0.000000
#P-0.593021	-0.805187	0.000000	1.000000	0.000000	0.000000
#P-0.577996	-0.816039	0.000000	1.000000	0.000000	0.000000
#P-0.562773	-0.826611	0.000000	1.000000	0.000000	0.000000
#P-0.547356	-0.836900	0.000000	1.000000	0.000000	0.000000
#P-0.531752	-0.846900	0.000000	1.000000	0.000000	0.000000
#P-0.515965	-0.856610	0.000000	1.000000	0.000000	0.000000
#P-0.500000	-0.866025	0.000000	1.000000	0.000000	0.000000
#P-0.483864	-0.875143	0.000000	1.000000	0.000000	0.000000
#P-0.467561	-0.883961	0.000000	1.000000	0.000000	0.000000
#P-0.451098	-0.892474	0.000000	1.000000	0.000000	0.000000
#P-0.434480	-0.900681	0.000000	1.000000	0.000000	0.000000
#P-0.417713	-0.908579	0.000000	1.000000	0.000000	0.000000
#P-0.400802	-0.916165	0.000000	1.000000	0.000000	0.000000
#P-0.383753	-0.923436	0.000000	1.000000	0.000000	0.000000
#P-0.366573	-0.930389	0.000000	1.000000	0.000000	0.000000
#P-0.349267	-0.937023	0.000000	1.000000	0.000000	0.000000
#P-0.331841	-0.943335	0.000000	1.000000	0.000000	0.000000
#P-0.314300	-0.949324	0.000000	1.000000	0.000000	0.000000
#P-0.296652	-0.954986	0.000000	1.000000	0.000000	0.000000
#P-0.278902	-0.960320	0.000000	1.000000	0.000000	0.000000
#P-0.261056	-0.965324	0.000000	1.000000	0.000000	0.000000
#P-0.243121	-0.969996	0.000000	1.000000	0.000000	0.000000
#P-0.225102	-0.974335	0.000000	1.000000	0.000000	0.000000
#P-0.207005	-0.978340	0.000000	1.000000	0.000000	0.000000
#P-0.188838	-0.982008	0.000000	1.000000	0.000000	0.000000
#P-0.170605	-0.985339	0.000000	1.000000	0.000000	0.000000
#P-0.152314	-0.988332	0.000000	1.000000	0.000000	0.000000
#P-0.133971	-0.990985	0.000000	1.000000	0.000000	0.000000
#P-0.115582	-0.993298	0.000000	1.000000	0.000000	0.000000
#P-0.097152	-0.995270	0.000000	1.000000	0.000000	0.000000
#P-0.078690	-0.996899	0.000000	1.000000	0.000000	0.000000
#P-0.060201	-0.998186	0.000000	1.000000	0.000000	0.000000
#P-0.041690	-0.999131	0.000000	1.000000	0.000000	0.000000
#P-0.023166	-0.999732	0.000000	1.000000	0.000000	0.000000
#P-0.004634	-0.999989	0.000000	1.000000	0.000000	0.000000
#P0.013900	-0.999903	0.000000	1.000000	0.000000	0.000000
#P0.032430	-0.999474	0.000000	1.000000	0.000000	0.000000
#P0.050948	-0.998701	0.000000	1.000000	0.000000	0.000000
#P0.069448	-0.997586	0.000000	1.000000	0.000000	0.000000
#P0.087925	-0.996127	0.000000	1.000000	0.000000	0.000000
#P0.106372	-0.994326	0.000000	1.000000	0.000000	0.000000
#P0.124782	-0.992184	0.000000	1.000000	0.000000	0.000000
#P0.143149	-0.989701	0.000000	1.000000	0.000000	0.000000
#P0.161467	-0.986878	0.000000	1.000000	0.000000	0.000000
#P0.179729	-0.983716	0.000000	1.000000	0.000000	0.000000
#P0.197930	-0.980216	0.000000	1.000000	0.000000	0.000000
#P0.216063	-0.976380	0.000000	1.000000	0.000000	0.000000
#P0.234121	-0.972207	0.000000	1.000000	0.000000	0.000000
#P0.252099	-0.967701	0.000000	1.000000	0.000000	0.000000
#P0.269991	-0.962863	0.000000	1.000000	0.000000	0.000000
#P0.287790	-0.957694	0.000000	1.000000	0.000000	0.000000
#P0.305489	-0.952195	0.000000	1.000000	0.000000	0.000000
#P0.323084	-0.946370	0.000000	1.000000	0.000000	0.000000
#P0.340568	-0.940220	0.000000	1.000000	0.000000	0.000000
#P0.357935	-0.933746	0.000000	1.000000	0.000000	0.000000
#P0.375179	-0.926952	0.000000	1.000000	0.000000	0.000000
#P0.392294	-0.919840	0.000000	1.000000	0.000000	0.000000
#P0.409275	-0.912411	0.000000	1.000000	0.000000	0.000000
#P0.426115	-0.904669	0.000000	1.000000	0.000000	0.000000
#P0.442808	-0.896616	0.000000	1.000000	0.000000	0.000000
#P0.459349	-0.888256	0.000000	1.000000	0.000000	0.000000
#P0.475733	-0.879590	0.000000	1.000000	0.000000	0.000000
#P0.491953	-0.870622	0.000000	1.000000	0.000000	0.000000
#P0.508004	-0.861355	0.000000	1.000000	0.000000	0.000000
#P0.523881	-0.851792	0.000000	1.000000	0.000000	0.000000
#P0.539577	-0.841936	0.000000	1.000000	0.000000	0.000000
#P0.555089	-0.831791	0.000000	1.000000	0.000000	0.000000
#P0.570409	-0.821361	0.000000	1.000000	0.000000	0.000000
#P0.585534	-0.810648	0.000000	1.000000	0.000000	0.000000
#P0.600457	-0.799657	0.000000	1.000000	0.000000	0.000000
#P0.615175	-0.788391	0.000000	1.000000	0.000000	0.000000
#P0.629680	-0.776854	0.000000	1.000000	0.000000	0.000000
#P0.643970	-0.765051	0.000000	1.000000	0.000000	0.000000
#P0.658038	-0.752984	0.000000	1.000000	0.000000	0.000000
#P0.671881	-0.740659	0.000000	1.000000	0.000000	0.000000
#P0.685492	-0.728080	0.000000	1.000000	0.000000	0.000000
#P0.698868	-0.715250	0.000000	1.000000	0.000000	0.000000
#P0.712004	-0.702175	0.000000	1.000000	0.000000	0.000000
#P0.724896	-0.688859	0.000000	1.000000	0.000000	0.000000
#P0.737538	-0.675305	0.000000	1.000000	0.000000	0.000000
#P0.749927	-0.661520	0.000000	1.000000	0.000000	0.000000
#P0.762059	-0.647508	0.000000	1.000000	0.000000	0.000000
#P0.773928	-0.633273	0.000000	1.000000	0.000000	0.000000
#P0.785532	-0.618821	0.000000	1.000000	0.000000	0.000000
#P0.796866	-0.604156	0.000000	1.000000	0.000000	0.000000
#P0.807926	-0.589284	0.000000	1.000000	0.000000	0.000000
#P0.818709	-0.574209	0.000000	1.000000	0.000000	0.000000
#P0.829210	-0.558937	0.000000	1.000000	0.000000	0.000000
#P0.839427	-0.543473	0.000000	1.000000	0.000000	0.000000
#P0.849355	-0.527822	0.000000	1.000000	0.000000	0.000000
#P0.858992	-0.511990	0.000000	1.000000	0.000000	0.000000
#P0.868333	-0.495982	0.000000	1.000000	0.000000	0.000000
#P0.877376	-0.479803	0.000000	1.000000	0.000000	0.000000
#P0.886118	-0.463460	0.000000	1.000000	0.000000	0.000000
#P0.894555	-0.446958	0.000000	1.000000	0.000000	0.000000
#P0.902685	-0.430302	0.000000	1.000000	0.000000	0.000000
#P0.910505	-0.413498	0.000000	1.000000	0.000000	0.000000
#P0.918012	-0.396552	0.000000	1.000000	0.000000	0.000000
#P0.925204	-0.379470	0.000000	1.000000	0.000000	0.000000
#P0.932078	-0.362258	0.000000	1.000000	0.000000	0.000000
#P0.938632	-0.344921	0.000000	1.000000	0.000000	0.000000
#P0.944863	-0.327466	0.000000	1.000000	0.000000	0.000000
#P0.950770	-0.309898	0.000000	1.000000	0.000000	0.000000
#P0.956350	-0.292224	0.000000	1.000000	0.000000	0.000000
#P0.961602	-0.274449	0.000000	1.000000	0.000000	0.000000
#P0.966523	-0.256580	0.000000	1.000000	0.000000	0.000000
#P0.971112	-0.238623	0.000000	1.000000	0.000000	0.000000
#P0.975368	-0.220584	0.000000	1.000000	0.000000	0.000000
#P0.979289	-0.202470	0.000000	1.000000	0.000000	0.000000
#P0.982873	-0.184285	0.000000	1.000000	0.000000	0.000000
#P0.986119	-0.166038	0.000000	1.000000	0.000000	0.000000
#P0.989027	-0.147733	0.000000	1.000000	0.000000	0.000000
#P0.991595	-0.129378	0.000000	1.000000	0.000000	0.000000
#P0.993823	-0.110978	0.000000	1.000000	0.000000	0.000000
#P0.995709	-0.092540	0.000000	1.000000	0.000000	0.000000
#P0.997253	-0.074070	0.000000	1.000000	0.000000	0.000000
#P0.998455	-0.055575	0.000000	1.000000	0.000000	0.000000
#P0.999313	-0.037060	0.000000	1.000000	0.000000	0.000000
#P0.999828	-0.018533	0.000000	1.000000	0.000000	0.000000
#P1.000000	0.000000	0.000000	1.000000	0.000000	0.000000
#P0.000000	0.000000	1.000000	0.000000	1.000000	0.000000
#P0.018533	0.000000	0.999828	0.000000	1.000000	0.000000
#P0.037060	0.000000	0.999313	0.000000	1.000000	0.000000
#P0.055575	0.000000	0.998455	0.000000	1.000000	0.000000
#P0.074070	0.000000	0.997253	0.000000	1.000000	0.000000
#P0.092540	0.000000	0.995709	0.000000	1.000000	0.000000
#P0.110978	0.000000	0.993823	0.000000	1.000000	0.000000
#P0.129378	0.000000	0.991595	0.000000	1.000000	0.000000
#P0.147733	0.000000	0.989027	0.000000	1.000000	0.000000
#P0.166038	0.000000	0.986119	0.000000	1.000000	0.000000
#P0.184285	0.000000	0.982873	0.000000	1.000000	0.000000
#P0.202470	0.000000	0.979289	0.000000	1.000000	0.000000
#P0.220584	0.000000	0.975368	0.000000	1.000000	0.000000
#P0.238623	0.000000	0.971112	0.000000	1.000000	0.000000
#P0.256580	0.000000	0.966523	0.000000	1.000000	0.000000
#P0.274449	0.000000	0.961602	0.000000	1.000000	0.000000
#P0.292224	0.000000	0.956350	0.000000	1.000000	0.000000
#P0.309898	0.000000	0.950770	0.000000	1.000000	0.000000
#P0.327466	0.000000	0.944863	0.000000	1.000000	0.000000
#P0.344921	0.000000	0.938632	0.000000	1.000000	0.000000
#P0.362258	0.000000	0.932078	0.000000	1.000000	0.000000
#P0.379470	0.000000	0.925204	0.000000	1.000000	0.000000
#P0.396552	0.000000	0.918012	0.000000	1.000000	0.000000
#P0.413498	0.000000	0.910505	0.000000	1.000000	0.000000
#P0.430302	0.000000	0.902685	0.000000	1.000000	0.000000
#P0.446958	0.000000	0.894555	0.000000	1.000000	0.000000
#P0.463460	0.000000	0.886118	0.000000	1.000000	0.000000
#P0.479803	0.000000	0.877376	0.000000	1.000000	0.000000
#P0.495982	0.000000	0.868333	0.000000	1.000000	0.000000
#P0.511990	0.000000	0.858992	0.000000	1.000000	0.000000
#P0.527822	0.000000	0.849355	0.000000	1.000000	0.000000
#P0.543473	0.000000	0.839427	0.000000	1.000000	0.000000
#P0.558937	0.000000	0.829210	0.000000	1.000000	0.000000
#P0.574209	0.000000	0.818709	0.000000	1.000000	0.000000
#P0.589284	0.000000	0.807926	0.000000	1.000000	0.000000
#P0.604156	0.000000	0.796866	0.000000	1.000000	0.000000
#P0.618821	0.000000	0.785532	0.000000	1.000000	0.000000
#P0.633273	0.000000	0.773928	0.000000	1.000000	0.000000
#P0.647508	0.000000	0.762059	0.000000	1.000000	0.000000
#P0.661520	0.000000	0.749927	0.000000	1.000000	0.000000
#P0.675305	0.000000	0.737538	0.000000	1.000000	0.000000
#P0.688859	0.000000	0.724896	0.000000	1.000000	0.000000
#P0.702175	0.000000	0.712004	0.000000	1.000000	0.000000
#P0.715250	0.000000	0.698868	0.000000	1.000000	0.000000
#P0.728080	0.000000	0.685492	0.000000	1.000000	0.000000
#P0.740659	0.000000	0.671881	0.000000	1.000000	0.000000
#P0.752984	0.000000	0.658038	0.000000	1.000000	0.000000
#P0.765051	0.000000	0.643970	0.000000	1.000000	0.000000
#P0.776854	0.000000	0.629680	0.000000	1.000000	0.000000
#P0.788391	0.000000	0.615175	0.000000	1.000000	0.000000
#P0.799657	0.000000	0.600457	0.000000	1.000000	0.000000
#P0.810648	0.000000	0.585534	0.000000	1.000000	0.000000
#P0.821361	0.000000	0.570409	0.000000	1.000000	0.000000
#P0.831791	0.000000	0.555089	0.000000	1.000000	0.000000
#P0.841936	0.000000	0.539577	0.000000	1.000000	0.000000
#P0.851792	0.000000	0.523881	0.000000	1.000000	0.000000
#P0.861355	0.000000	0.508004	0.000000	1.000000	0.000000
#P0.870622	0.000000	0.491953	0.000000	1.000000	0.000000
#P0.879590	0.000000	0.475733	0.000000	1.000000	0.000000
#P0.888256	0.000000	0.459349	0.000000	1.000000	0.000000
#P0.896616	0.000000	0.442808	0.000000	1.000000	0.000000
#P0.904669	0.000000	0.426115	0.000000	1.000000	0.000000
#P0.912411	0.000000	0.409275	0.000000	1.000000	0.000000
#P0.919840	0.000000	0.392294	0.000000	1.000000	0.000000
#P0.926952	0.000000	0.375179	0.000000	1.000000	0.000000
#P0.933746	0.000000	0.357935	0.000000	1.000000	0.000000
#P0.940220	0.000000	0.340568	0.000000	1.000000	0.000000
#P0.946370	0.000000	0.323084	0.000000	1.000000	0.000000
#P0.952195	0.000000	0.305489	0.000000	1.000000	0.000000
#P0.957694	0.000000	0.287790	0.000000	1.000000	0.000000
#P0.962863	0.000000	0.269991	0.000000	1.000000	0.000000
#P0.967701	0.000000	0.252099	0.000000	1.000000	0.000000
#P0.972207	0.000000	0.234121	0.000000	1.000000	0.000000
#P0.976380	0.000000	0.216063	0.000000	1.000000	0.000000
#P0.980216	0.000000	0.197930	0.000000	1.000000	0.000000
#P0.983716	0.000000	0.179729	0.000000	1.000000	0.000000
#P0.986878	0.000000	0.161467	0.000000	1.000000	0.000000
#P0.989701	0.000000	0.143149	0.000000	1.000000	0.000000
#P0.992184	0.000000	0.124782	0.000000	1.000000	0.000000
#P0.994326	0.000000	0.106372	0.000000	1.000000	0.000000
#P0.996127	0.000000	0.087925	0.000000	1.000000	0.000000
#P0.997586	0.000000	0.069448	0.000000	1.000000	0.000000
#P0.998701	0.000000	0.050948	0.000000	1.000000	0.000000
#P0.999474	0.000000	0.032430	0.000000	1.000000	0.000000
#P0.999903	0.000000	0.013900	0.000000	1.000000	0.000000
#P0.999989	0.000000	-0.004634	0.000000	1.000000	0.000000
#P0.999732	0.000000	-0.023166	0.000000	1.000000	0.000000
#P0.999131	0.000000	-0.041690	0.000000	1.000000	0.000000
#P0.998186	0.000000	-0.060201	0.000000	1.000000	0.000000
#P0.996899	0.000000	-0.078690	0.000000	1.000000	0.000000
#P0.995270	0.000000	-0.097152	0.000000	1.000000	0.000000
#P0.993298	0.000000	-0.115582	0.000000	1.000000	0.000000
#P0.990985	0.000000	-0.133971	0.000000	1.000000	0.000000
#P0.988332	0.000000	-0.152314	0.000000	1.000000	0.000000
#P0.985339	0.000000	-0.170605	0.000000	1.000000	0.000000
#P0.982008	0.000000	-0.188838	0.000000	1.000000	0.000000
#P0.978340	0.000000	-0.207005	0.000000	1.000000	0.000000
#P0.974335	0.000000	-0.225102	0.000000	1.000000	0.000000
#P0.969996	0.000000	-0.243121	0.000000	1.000000	0.000000
#P0.965324	0.000000	-0.261056	0.000000	1.000000	0.000000
#P0.960320	0.000000	-0.278902	0.000000	1.000000	0.000000
#P0.954986	0.000000	-0.296652	0.000000	1.000000	0.000000
#P0.949324	0.000000	-0.314300	0.000000	1.000000	0.000000
#P0.943335	0.000000	-0.331841	0.000000	1.000000	0.000000
#P0.937023	0.000000	-0.349267	0.000000	1.000000	0.000000
#P0.930389	0.000000	-0.366573	0.000000	1.000000	0.000000
#P0.923436	0.000000	-0.383753	0.000000	1.000000	0.000000
#P0.916165	0.000000	-0.400802	0.000000	1.000000	0.000000
#P0.908579	0.000000	-0.417713	0.000000	1.000000	0.000000
#P0.900681	0.000000	-0.434480	0.000000	1.000000	0.000000
#P0.892474	0.000000	-0.451098	0.000000	1.000000	0.000000
#P0.883961	0.000000	-0.467561	0.000000	1.000000	0.000000
#P0.875143	0.000000	-0.483864	0.000000	1.000000	0.000000
#P0.866025	0.000000	-0.500000	0.000000	1.000000	0.000000
#P0.856610	0.000000	-0.515965	0.000000	1.000000	0.000000
#P0.846900	0.000000	-0.531752	0.000000	1.000000	0.000000
#P0.836900	0.000000	-0.547356	0.000000	1.000000	0.000000
#P0.826611	0.000000	-0.562773	0.000000	1.000000	0.000000
#P0.816039	0.000000	-0.577996	0.000000	1.000000	0.000000
#P0.805187	0.000000	-0.593021	0.000000	1.000000	0.000000
#P0.794058	0.000000	-0.607842	0.000000	1.000000	0.000000
#P0.782656	0.000000	-0.622454	0.000000	1.000000	0.000000
#P0.770986	0.000000	-0.636853	0.000000	1.000000	0.000000
#P0.759050	0.000000	-0.651032	0.000000	1.000000	0.000000
#P0.746854	0.000000	-0.664988	0.000000	1.000000	0.000000
#P0.734401	0.000000	-0.678716	0.000000	1.000000	0.000000
#P0.721696	0.000000	-0.692210	0.000000	1.000000	0.000000
#P0.708743	0.000000	-0.705467	0.000000	1.000000	0.000000
#P0.695547	0.000000	-0.718481	0.000000	1.000000	0.000000
#P0.682111	0.000000	-0.731248	0.000000	1.000000	0.000000
#P0.668442	0.000000	-0.743765	0.000000	1.000000	0.000000
#P0.654542	0.000000	-0.756025	0.000000	1.000000	0.000000
#P0.640418	0.000000	-0.768026	0.000000	1.000000	0.000000
#P0.626074	0.000000	-0.779764	0.000000	1.000000	0.000000
#P0.611515	0.000000	-0.791233	0.000000	1.000000	0.000000
#P0.596746	0.000000	-0.802431	0.000000	1.000000	0.000000
#P0.581771	0.000000	-0.813352	0.000000	1.000000	0.000000
#P0.566597	0.000000	-0.823995	0.000000	1.000000	0.000000
#P0.551228	0.000000	-0.834354	0.000000	1.000000	0.000000
#P0.535670	0.000000	-0.844427	0.000000	1.000000	0.000000
#P0.519928	0.000000	-0.854210	0.000000	1.000000	0.000000
#P0.504007	0.000000	-0.863699	0.000000	1.000000	0.000000
#P0.487914	0.000000	-0.872892	0.000000	1.000000	0.000000
#P0.471652	0.000000	-0.881785	0.000000	1.000000	0.000000
#P0.455229	0.000000	-0.890375	0.000000	1.000000	0.000000
#P0.438649	0.000000	-0.898659	0.000000	1.000000	0.000000
#P0.421918	0.000000	-0.906634	0.000000	1.000000	0.000000
#P0.405043	0.000000	-0.914298	0.000000	1.000000	0.000000
#P0.388028	0.000000	-0.921648	0.000000	1.000000	0.000000
#P0.370880	0.000000	-0.928681	0.000000	1.000000	0.000000
#P0.353605	0.000000	-0.935395	0.000000	1.000000	0.000000
#P0.336208	0.000000	-0.941788	0.000000	1.000000	0.000000
#P0.318696	0.000000	-0.947857	0.000000	1.000000	0.000000
#P0.301074	0.000000	-0.953601	0.000000	1.000000	0.000000
#P0.283349	0.000000	-0.959017	0.000000	1.000000	0.000000
#P0.265526	0.000000	-0.964104	0.000000	1.000000	0.000000
#P0.247613	0.000000	-0.968859	0.000000	1.000000	0.000000
#P0.229614	0.000000	-0.973282	0.000000	1.000000	0.000000
#P0.211536	0.000000	-0.977370	0.000000	1.000000	0.000000
#P0.193386	0.000000	-0.981123	0.000000	1.000000	0.000000
#P0.175169	0.000000	-0.984538	0.000000	1.000000	0.000000
#P0.156892	0.000000	-0.987616	0.000000	1.000000	0.000000
#P0.138561	0.000000	-0.990354	0.000000	1.000000	0.000000
#P0.120183	0.000000	-0.992752	0.000000	1.000000	0.000000
#P0.101763	0.000000	-0.994809	0.000000	1.000000	0.000000
#P0.083308	0.000000	-0.996524	0.000000	1.000000	0.000000
#P0.064825	0.000000	-0.997897	0.000000	1.000000	0.000000
#P0.046320	0.000000	-0.998927	0.000000	1.000000	0.000000
#P0.027798	0.000000	-0.999614	0.000000	1.000000	0.000000
#P0.009267	0.000000	-0.999957	0.000000	1.000000	0.000000
#P-0.009267	0.000000	-0.999957	0.000000	1.000000	0.000000
#P-0.027798	0.000000	-0.999614	0.000000	1.000000	0.000000
#P-0.046320	0.000000	-0.998927	0.000000	1.000000	0.000000
#P-0.064825	0.000000	-0.997897	0.000000	1.000000	0.000000
#P-0.083308	0.000000	-0.996524	0.000000	1.000000	0.000000
#P-0.101763	0.000000	-0.994809	0.000000	1.000000	0.000000
#P-0.120183	0.000000	-0.992752	0.000000	1.000000	0.000000
#P-0.138561	0.000000	-0.990354	0.000000	1.000000	0.000000
#P-0.156892	0.000000	-0.987616	0.000000	1.000000	0.000000
#P-0.175169	0.000000	-0.984538	0.000000	1.000000	0.000000
#P-0.193386	0.000000	-0.981123	0.000000	1.000000	0.000000
#P-0.211536	0.000000	-0.977370	0.000000	1.000000	0.000000
#P-0.229614	0.000000	-0.973282	0.000000	1.000000	0.000000
#P-0.247613	0.000000	-0.968859	0.000000	1.000000	0.000000
#P-0.265526	0.000000	-0.964104	0.000000	1.000000	0.000000
#P-0.283349	0.000000	-0.959017	0.000000	1.000000	0.000000
#P-0.301074	0.000000	-0.953601	0.000000	1.000000	0.000000
#P-0.318696	0.000000	-0.947857	0.000000	1.000000	0.000000
#P-0.336208	0.000000	-0.941788	0.000000	1.000000	0.000000
#P-0.353605	0.000000	-0.935395	0.000000	1.000000	0.000000
#P-0.370880	0.000000	-0.928681	0.000000	1.000000	0.000000
#P-0.388028	0.000000	-0.921648	0.000000	1.000000	0.000000
#P-0.405043	0.000000	-0.914298	0.000000	1.000000	0.000000
#P-0.421918	0.000000	-0.906634	0.000000	1.000000	0.000000
#P-0.438649	0.000000	-0.898659	0.000000	1.000000	0.000000
#P-0.455229	0.000000	-0.890375	0.000000	1.000000	0.000000
#P-0.471652	0.000000	-0.881785	0.000000	1.000000	0.000000
#P-0.487914	0.000000	-0.872892	0.000000	1.000000	0.000000
#P-0.504007	0.000000	-0.863699	0.000000	1.000000	0.000000
#P-0.519928	0.000000	-0.854210	0.000000	1.000000	0.000000
#P-0.535670	0.000000	-0.844427	0.000000	1.000000	0.000000
#P-0.551228	0.000000	-0.834354	0.000000	1.000000	0.000000
#P-0.566597	0.000000	-0.823995	0.000000	1.000000	0.000000
#P-0.581771	0.000000	-0.813352	0.000000	1.000000	0.000000
#P-0.596746	0.000000	-0.802431	0.000000	1.000000	0.000000
#P-0.611515	0.000000	-0.791233	0.000000	1.000000	0.000000
#P-0.626074	0.000000	-0.779764	0.000000	1.000000	0.000000
#P-0.640418	0.000000	-0.768026	0.000000	1.000000	0.000000
#P-0.654542	0.000000	-0.756025	0.000000	1.000000	0.000000
#P-0.668442	0.000000	-0.743765	0.000000	1.000000	0.000000
#P-0.682111	0.000000	-0.731248	0.000000	1.000000	0.000000
#P-0.695547	0.000000	-0.718481	0.000000	1.000000	0.000000
#P-0.708743	0.000000	-0.705467	0.000000	1.000000	0.000000
#P-0.721696	0.000000	-0.692210	0.000000	1.000000	0.000000
#P-0.734401	0.000000	-0.678716	0.000000	1.000000	0.000000
#P-0.746854	0.000000	-0.664988	0.000000	1.000000	0.000000
#P-0.759050	0.000000	-0.651032	0.000000	1.000000	0.000000
#P-0.770986	0.000000	-0.636853	0.000000	1.000000	0.000000
#P-0.782656	0.000000	-0.622454	0.000000	1.000000	0.000000
#P-0.794058	0.000000	-0.607842	0.000000	1.000000	0.000000
#P-0.805187	0.000000	-0.593021	0.000000	1.000000	0.000000
#P-0.816039	0.000000	-0.577996	0.000000	1.000000	0.000000
#P-0.826611	0.000000	-0.562773	0.000000	1.000000	0.000000
#P-0.836900	0.000000	-0.547356	0.000000	1.000000	0.000000
#P-0.846900	0.000000	-0.531752	0.000000	1.000000	0.000000
#P-0.856610	0.000000	-0.515965	0.000000	1.000000	0.000000
#P-0.866025	0.000000	-0.500000	0.000000	1.000000	0.000000
#P-0.875143	0.000000	-0.483864	0.000000	1.000000	0.000000
#P-0.883961	0.000000	-0.467561	0.000000	1.000000	0.000000
#P-0.892474	0.000000	-0.451098	0.000000	1.000000	0.000000
#P-0.900681	0.000000	-0.434480	0.000000	1.000000	0.000000
#P-0.908579	0.000000	-0.417713	0.000000	1.000000	0.000000
#P-0.916165	0.000000	-0.400802	0.000000	1.000000	0.000000
#P-0.923436	0.000000	-0.383753	0.000000	1.000000	0.000000
#P-0.930389	0.000000	-0.366573	0.000000	1.000000	0.000000
#P-0.937023	0.000000	-0.349267	0.000000	1.000000	0.000000
#P-0.943335	0.000000	-0.331841	0.000000	1.000000	0.000000
#P-0.949324	0.000000	-0.314300	0.000000	1.000000	0.000000
#P-0.954986	0.000000	-0.296652	0.000000	1.000000	0.000000
#P-0.960320	0.000000	-0.278902	0.000000	1.000000	0.000000
#P-0.965324	0.000000	-0.261056	0.000000	1.000000	0.000000
#P-0.969996	0.000000	-0.243121	0.000000	1.000000	0.000000
#P-0.974335	0.000000	-0.225102	0.000000	1.000000	0.000000
#P-0.978340	0.000000	-0.207005	0.000000	1.000000	0.000000
#P-0.982008	0.000000	-0.188838	0.000000	1.000000	0.000000
#P-0.985339	0.000000	-0.170605	0.000000	1.000000	0.000000
#P-0.988332	0.000000	-0.152314	0.000000	1.000000	0.000000
#P-0.990985	0.000000	-0.133971	0.000000	1.000000	0.000000
#P-0.993298	0.000000	-0.115582	0.000000	1.000000	0.000000
#P-0.995270	0.000000	-0.097152	0.000000	1.000000	0.000000
#P-0.996899	0.000000	-0.078690	0.000000	1.000000	0.000000
#P-0.998186	0.000000	-0.060201	0.000000	1.000000	0.000000
#P-0.999131	0.000000	-0.041690	0.000000	1.000000	0.000000
#P-0.999732	0.000000	-0.023166	0.000000	1.000000	0.000000
#P-0.999989	0.000000	-0.004634	0.000000	1.000000	0.000000
#P-0.999903	0.000000	0.013900	0.000000	1.000000	0.000000
#P-0.999474	0.000000	0.032430	0.000000	1.000000	0.000000
#P-0.998701	0.000000	0.050948	0.000000	1.000000	0.000000
#P-0.997586	0.000000	0.069448	0.000000	1.000000	0.000000
#P-0.996127	0.000000	0.087925	0.000000	1.000000	0.000000
#P-0.994326	0.000000	0.106372	0.000000	1.000000	0.000000
#P-0.992184	0.000000	0.124782	0.000000	1.000000	0.000000
#P-0.989701	0.000000	0.143149	0.000000	1.000000	0.000000
#P-0.986878	0.000000	0.161467	0.000000	1.000000	0.000000
#P-0.983716	0.000000	0.179729	0.000000	1.000000	0.000000
#P-0.980216	0.000000	0.197930	0.000000	1.000000	0.000000
#P-0.976380	0.000000	0.216063	0.000000	1.000000	0.000000
#P-0.972207	0.000000	0.234121	0.000000	1.000000	0.000000
#P-0.967701	0.000000	0.252099	0.000000	1.000000	0.000000
#P-0.962863	0.000000	0.269991	0.000000	1.000000	0.000000
#P-0.957694	0.000000	0.287790	0.000000	1.000000	0.000000
#P-0.952195	0.000000	0.305489	0.000000	1.000000	0.000000
#P-0.946370	0.000000	0.323084	0.000000	1.000000	0.000000
#P-0.940220	0.000000	0.340568	0.000000	1.000000	0.000000
#P-0.933746	0.000000	0.357935	0.000000	1.000000	0.000000
#P-0.926952	0.000000	0.375179	0.000000	1.000000	0.000000
#P-0.919840	0.000000	0.392294	0.000000	1.000000	0.000000
#P-0.912411	0.000000	0.409275	0.000000	1.000000	0.000000
#P-0.904669	0.000000	0.426115	0.000000	1.000000	0.000000
#P-0.896616	0.000000	0.442808	0.000000	1.000000	0.000000
#P-0.888256	0.000000	0.459349	0.000000	1.000000	0.000000
#P-0.879590	0.000000	0.475733	0.000000	1.000000	0.000000
#P-0.870622	0.000000	0.491953	0.000000	1.000000	0.000000
#P-0.861355	0.000000	0.508004	0.000000	1.000000	0.000000
#P-0.851792	0.000000	0.523881	0.000000	1.000000	0.000000
#P-0.841936	0.000000	0.539577	0.000000	1.000000	0.000000
#P-0.831791	0.000000	0.555089	0.000000	1.000000	0.000000
#P-0.821361	0.000000	0.570409	0.000000	1.000000	0.000000
#P-0.810648	0.000000	0.585534	0.000000	1.000000	0.000000
#P-0.799657	0.000000	0.600457	0.000000	1.000000	0.000000
#P-0.788391	0.000000	0.615175	0.000000	1.000000	0.000000
#P-0.776854	0.000000	0.629680	0.000000	1.000000	0.000000
#P-0.765051	0.000000	0.643970	0.000000	1.000000	0.000000
#P-0.752984	0.000000	0.658038	0.000000	1.000000	0.000000
#P-0.740659	0.000000	0.671881	0.000000	1.000000	0.000000
#P-0.728080	0.000000	0.685492	0.000000	1.000000	0.000000
#P-0.715250	0.000000	0.698868	0.000000	1.000000	0.000000
#P-0.702175	0.000000	0.712004	0.000000	1.000000	0.000000
#P-0.688859	0.000000	0.724896	0.000000	1.000000	0.000000
#P-0.675305	0.000000	0.737538	0.000000	1.000000	0.000000
#P-0.661520	0.000000	0.749927	0.000000	1.000000	0.000000
#P-0.647508	0.000000	0.762059	0.000000	1.000000	0.000000
#P-0.633273	0.000000	0.773928	0.000000	1.000000	0.000000
#P-0.618821	0.000000	0.785532	0.000000	1.000000	0.000000
#P-0.604156	0.000000	0.796866	0.000000	1.000000	0.000000
#P-0.589284	0.000000	0.807926	0.000000	1.000000	0.000000
#P-0.574209	0.000000	0.818709	0.000000	1.000000	0.000000
#P-0.558937	0.000000	0.829210	0.000000	1.000000	0.000000
#P-0.543473	0.000000	0.839427	0.000000	1.000000	0.000000
#P-0.527822	0.000000	0.849355	0.000000	1.000000	0.000000
#P-0.511990	0.000000	0.858992	0.000000	1.000000	0.000000
#P-0.495982	0.000000	0.868333	0.000000	1.000000	0.000000
#P-0.479803	0.000000	0.877376	0.000000	1.000000	0.000000
#P-0.463460	0.000000	0.886118	0.000000	1.000000	0.000000
#P-0.446958	0.000000	0.894555	0.000000	1.000000	0.000000
#P-0.430302	0.000000	0.902685	0.000000	1.000000	0.000000
#P-0.413498	0.000000	0.910505	0.000000	1.000000	0.000000
#P-0.396552	0.000000	0.918012	0.000000	1.000000	0.000000
#P-0.379470	0.000000	0.925204	0.000000	1.000000	0.000000
#P-0.362258	0.000000	0.932078	0.000000	1.000000	0.000000
#P-0.344921	0.000000	0.938632	0.000000	1.000000	0.000000
#P-0.327466	0.000000	0.944863	0.000000	1.000000	0.000000
#P-0.309898	0.000000	0.950770	0.000000	1.000000	0.000000
#P-0.292224	0.000000	0.956350	0.000000	1.000000	0.000000
#P-0.274449	0.000000	0.961602	0.000000	1.000000	0.000000
#P-0.256580	0.000000	0.966523	0.000000	1.000000	0.000000
#P-0.238623	0.000000	0.971112	0.000000	1.000000	0.000000
#P-0.220584	0.000000	0.975368	0.000000	1.000000	0.000000
#P-0.202470	0.000000	0.979289	0.000000	1.000000	0.000000
#P-0.184285	0.000000	0.982873	0.000000	1.000000	0.000000
#P-0.166038	0.000000	0.986119	0.000000	1.000000	0.000000
#P-0.147733	0.000000	0.989027	0.000000	1.000000	0.000000
#P-0.129378	0.000000	0.991595	0.000000	1.000000	0.000000
#P-0.110978	0.000000	0.993823	0.000000	1.000000	0.000000
#P-0.092540	0.000000	0.995709	0.000000	1.000000	0.000000
#P-0.074070	0.000000	0.997253	0.000000	1.000000	0.000000
#P-0.055575	0.000000	0.998455	0.000000	1.000000	0.000000
#P-0.037060	0.000000	0.999313	0.000000	1.000000	0.000000
#P-0.018533	0.000000	0.999828	0.000000	1.000000	0.000000
#P0.000000	0.000000	1.000000	0.000000	1.000000	0.000000
#P0.000000	1.000000	0.000000	0.000000	0.000000	1.000000
#P0.000000	0.999828	0.018533	0.000000	0.000000	1.000000
#P0.000000	0.999313	0.037060	0.000000	0.000000	1.000000
#P0.000000	0.998455	0.055575	0.000000	0.000000	1.000000
#P0.000000	0.997253	0.074070	0.000000	0.000000	1.000000
#P0.000000	0.995709	0.092540	0.000000	0.000000	1.000000
#P0.000000	0.993823	0.110978	0.000000	0.000000	1.000000
#P0.000000	0.991595	0.129378	0.000000	0.000000	1.000000
#P0.000000	0.989027	0.147733	0.000000	0.000000	1.000000
#P0.000000	0.986119	0.166038	0.000000	0.000000	1.000000
#P0.000000	0.982873	0.184285	0.000000	0.000000	1.000000
#P0.000000	0.979289	0.202470	0.000000	0.000000	1.000000
#P0.000000	0.975368	0.220584	0.000000	0.000000	1.000000
#P0.000000	0.971112	0.238623	0.000000	0.000000	1.000000
#P0.000000	0.966523	0.256580	0.000000	0.000000	1.000000
#P0.000000	0.961602	0.274449	0.000000	0.000000	1.000000
#P0.000000	0.956350	0.292224	0.000000	0.000000	1.000000
#P0.000000	0.950770	0.309898	0.000000	0.000000	1.000000
#P0.000000	0.944863	0.327466	0.000000	0.000000	1.000000
#P0.000000	0.938632	0.344921	0.000000	0.000000	1.000000
#P0.000000	0.932078	0.362258	0.000000	0.000000	1.000000
#P0.000000	0.925204	0.379470	0.000000	0.000000	1.000000
#P0.000000	0.918012	0.396552	0.000000	0.000000	1.000000
#P0.000000	0.910505	0.413498	0.000000	0.000000	1.000000
#P0.000000	0.902685	0.430302	0.000000	0.000000	1.000000
#P0.000000	0.894555	0.446958	0.000000	0.000000	1.000000
#P0.000000	0.886118	0.463460	0.000000	0.000000	1.000000
#P0.000000	0.877376	0.479803	0.000000	0.000000	1.000000
#P0.000000	0.868333	0.495982	0.000000	0.000000	1.000000
#P0.000000	0.858992	0.511990	0.000000	0.000000	1.000000
#P0.000000	0.849355	0.527822	0.000000	0.000000	1.000000
#P0.000000	0.839427	0.543473	0.000000	0.000000	1.000000
#P0.000000	0.829210	0.558937	0.000000	0.000000	1.000000
#P0.000000	0.818709	0.574209	0.000000	0.000000	1.000000
#P0.000000	0.807926	0.589284	0.000000	0.000000	1.000000
#P0.000000	0.796866	0.604156	0.000000	0.000000	1.000000
#P0.000000	0.785532	0.618821	0.000000	0.000000	1.000000
#P0.000000	0.773928	0.633273	0.000000	0.000000	1.000000
#P0.000000	0.762059	0.647508	0.000000	0.000000	1.000000
#P0.000000	0.749927	0.661520	0.000000	0.000000	1.000000
#P0.000000	0.737538	0.675305	0.000000	0.000000	1.000000
#P0.000000	0.724896	0.688859	0.000000	0.000000	1.000000
#P0.000000	0.712004	0.702175	0.000000	0.000000	1.000000
#P0.000000	0.698868	0.715250	0.000000	0.000000	1.000000
#P0.000000	0.685492	0.728080	0.000000	0.000000	1.000000
#P0.000000	0.671881	0.740659	0.000000	0.000000	1.000000
#P0.000000	0.658038	0.752984	0.000000	0.000000	1.000000
#P0.000000	0.643970	0.765051	0.000000	0.000000	1.000000
#P0.000000	0.629680	0.776854	0.000000	0.000000	1.000000
#P0.000000	0.615175	0.788391	0.000000	0.000000	1.000000
#P0.000000	0.600457	0.799657	0.000000	0.000000	1.000000
#P0.000000	0.585534	0.810648	0.000000	0.000000	1.000000
#P0.000000	0.570409	0.821361	0.000000	0.000000	1.000000
#P0.000000	0.555089	0.831791	0.000000	0.000000	1.000000
#P0.000000	0.539577	0.841936	0.000000	0.000000	1.000000
#P0.000000	0.523881	0.851792	0.000000	0.000000	1.000000
#P0.000000	0.508004	0.861355	0.000000	0.000000	1.000000
#P0.000000	0.491953	0.870622	0.000000	0.000000	1.000000
#P0.000000	0.475733	0.879590	0.000000	0.000000	1.000000
#P0.000000	0.459349	0.888256	0.000000	0.000000	1.000000
#P0.000000	0.442808	0.896616	0.000000	0.000000	1.000000
#P0.000000	0.426115	0.904669	0.000000	0.000000	1.000000
#P0.000000	0.409275	0.912411	0.000000	0.000000	1.000000
#P0.000000	0.392294	0.919840	0.000000	0.000000	1.000000
#P0.000000	0.375179	0.926952	0.000000	0.000000	1.000000
#P0.000000	0.357935	0.933746	0.000000	0.000000	1.000000
#P0.000000	0.340568	0.940220	0.000000	0.000000	1.000000
#P0.000000	0.323084	0.946370	0.000000	0.000000	1.000000
#P0.000000	0.305489	0.952195	0.000000	0.000000	1.000000
#P0.000000	0.287790	0.957694	0.000000	0.000000	1.000000
#P0.000000	0.269991	0.962863	0.000000	0.000000	1.000000
#P0.000000	0.252099	0.967701	0.000000	0.000000	1.000000
#P0.000000	0.234121	0.972207	0.000000	0.000000	1.000000
#P0.000000	0.216063	0.976380	0.000000	0.000000	1.000000
#P0.000000	0.197930	0.980216	0.000000	0.000000	1.000000
#P0.000000	0.179729	0.983716	0.000000	0.000000	1.000000
#P0.000000	0.161467	0.986878	0.000000	0.000000	1.000000
#P0.000000	0.143149	0.989701	0.000000	0.000000	1.000000
#P0.000000	0.124782	0.992184	0.000000	0.000000	1.000000
#P0.000000	0.106372	0.994326	0.000000	0.000000	1.000000
#P0.000000	0.087925	0.996127	0.000000	0.000000	1.000000
#P0.000000	0.069448	0.997586	0.000000	0.000000	1.000000
#P0.000000	0.050948	0.998701	0.000000	0.000000	1.000000
#P0.000000	0.032430	0.999474	0.000000	0.000000	1.000000
#P0.000000	0.013900	0.999903	0.000000	0.000000	1.000000
#P0.000000	-0.004634	0.999989	0.000000	0.000000	1.000000
#P0.000000	-0.023166	0.999732	0.000000	0.000000	1.000000
#P0.000000	-0.041690	0.999131	0.000000	0.000000	1.000000
#P0.000000	-0.060201	0.998186	0.000000	0.000000	1.000000
#P0.000000	-0.078690	0.996899	0.000000	0.000000	1.000000
#P0.000000	-0.097152	0.995270	0.000000	0.000000	1.000000
#P0.000000	-0.115582	0.993298	0.000000	0.000000	1.000000
#P0.000000	-0.133971	0.990985	0.000000	0.000000	1.000000
#P0.000000	-0.152314	0.988332	0.000000	0.000000	1.000000
#P0.000000	-0.170605	0.985339	0.000000	0.000000	1.000000
#P0.000000	-0.188838	0.982008	0.000000	0.000000	1.000000
#P0.000000	-0.207005	0.978340	0.000000	0.000000	1.000000
#P0.000000	-0.225102	0.974335	0.000000	0.000000	1.000000
#P0.000000	-0.243121	0.969996	0.000000	0.000000	1.000000
#P0.000000	-0.261056	0.965324	0.000000	0.000000	1.000000
#P0.000000	-0.278902	0.960320	0.000000	0.000000	1.000000
#P0.000000	-0.296652	0.954986	0.000000	0.000000	1.000000
#P0.000000	-0.314300	0.949324	0.000000	0.000000	1.000000
#P0.000000	-0.331841	0.943335	0.000000	0.000000	1.000000
#P0.000000	-0.349267	0.937023	0.000000	0.000000	1.000000
#P0.000000	-0.366573	0.930389	0.000000	0.000000	1.000000
#P0.000000	-0.383753	0.923436	0.000000	0.000000	1.000000
#P0.000000	-0.400802	0.916165	0.000000	0.000000	1.000000
#P0.000000	-0.417713	0.908579	0.000000	0.000000	1.000000
#P0.000000	-0.434480	0.900681	0.000000	0.000000	1.000000
#P0.000000	-0.451098	0.892474	0.000000	0.000000	1.000000
#P0.000000	-0.467561	0.883961	0.000000	0.000000	1.000000
#P0.000000	-0.483864	0.875143	0.000000	0.000000	1.000000
#P0.000000	-0.500000	0.866025	0.000000	0.000000	1.000000
#P0.000000	-0.515965	0.856610	0.000000	0.000000	1.000000
#P0.000000	-0.531752	0.846900	0.000000	0.000000	1.000000
#P0.000000	-0.547356	0.836900	0.000000	0.000000	1.000000
#P0.000000	-0.562773	0.826611	0.000000	0.000000	1.000000
#P0.000000	-0.577996	0.816039	0.000000	0.000000	1.000000
#P0.000000	-0.593021	0.805187	0.000000	0.000000	1.000000
#P0.000000	-0.607842	0.794058	0.000000	0.000000	1.000000
#P0.000000	-0.622454	0.782656	0.000000	0.000000	1.000000
#P0.000000	-0.636853	0.770986	0.000000	0.000000	1.000000
#P0.000000	-0.651032	0.759050	0.000000	0.000000	1.000000
#P0.000000	-0.664988	0.746854	0.000000	0.000000	1.000000
#P0.000000	-0.678716	0.734401	0.000000	0.000000	1.000000
#P0.000000	-0.692210	0.721696	0.000000	0.000000	1.000000
#P0.000000	-0.705467	0.708743	0.000000	0.000000	1.000000
#P0.000000	-0.718481	0.695547	0.000000	0.000000	1.000000
#P0.000000	-0.731248	0.682111	0.000000	0.000000	1.000000
#P0.000000	-0.743765	0.668442	0.000000	0.000000	1.000000
#P0.000000	-0.756025	0.654542	0.000000	0.000000	1.000000
#P0.000000	-0.768026	0.640418	0.000000	0.000000	1.000000
#P0.000000	-0.779764	0.626074	0.000000	0.000000	1.000000
#P0.000000	-0.791233	0.611515	0.000000	0.000000	1.000000
#P0.000000	-0.802431	0.596746	0.000000	0.000000	1.000000
#P0.000000	-0.813352	0.581771	0.000000	0.000000	1.000000
#P0.000000	-0.823995	0.566597	0.000000	0.000000	1.000000
#P0.000000	-0.834354	0.551228	0.000000	0.000000	1.000000
#P0.000000	-0.844427	0.535670	0.000000	0.000000	1.000000
#P0.000000	-0.854210	0.519928	0.000000	0.000000	1.000000
#P0.000000	-0.863699	0.504007	0.000000	0.000000	1.000000
#P0.000000	-0.872892	0.487914	0.000000	0.000000	1.000000
#P0.000000	-0.881785	0.471652	0.000000	0.000000	1.000000
#P0.000000	-0.890375	0.455229	0.000000	0.000000	1.000000
#P0.000000	-0.898659	0.438649	0.000000	0.000000	1.000000
#P0.000000	-0.906634	0.421918	0.000000	0.000000	1.000000
#P0.000000	-0.914298	0.405043	0.000000	0.000000	1.000000
#P0.000000	-0.921648	0.388028	0.000000	0.000000	1.000000
#P0.000000	-0.928681	0.370880	0.000000	0.000000	1.000000
#P0.000000	-0.935395	0.353605	0.000000	0.000000	1.000000
#P0.000000	-0.941788	0.336208	0.000000	0.000000	1.000000
#P0.000000	-0.947857	0.318696	0.000000	0.000000	1.000000
#P0.000000	-0.953601	0.301074	0.000000	0.000000	1.000000
#P0.000000	-0.959017	0.283349	0.000000	0.000000	1.000000
#P0.000000	-0.964104	0.265526	0.000000	0.000000	1.000000
#P0.000000	-0.968859	0.247613	0.000000	0.000000	1.000000
#P0.000000	-0.973282	0.229614	0.000000	0.000000	1.000000
#P0.000000	-0.977370	0.211536	0.000000	0.000000	1.000000
#P0.000000	-0.981123	0.193386	0.000000	0.000000	1.000000
#P0.000000	-0.984538	0.175169	0.000000	0.000000	1.000000
#P0.000000	-0.987616	0.156892	0.000000	0.000000	1.000000
#P0.000000	-0.990354	0.138561	0.000000	0.000000	1.000000
#P0.000000	-0.992752	0.120183	0.000000	0.000000	1.000000
#P0.000000	-0.994809	0.101763	0.000000	0.000000	1.000000
#P0.000000	-0.996524	0.083308	0.000000	0.000000	1.000000
#P0.000000	-0.997897	0.064825	0.000000	0.000000	1.000000
#P0.000000	-0.998927	0.046320	0.000000	0.000000	1.000000
#P0.000000	-0.999614	0.027798	0.000000	0.000000	1.000000
#P0.000000	-0.999957	0.009267	0.000000	0.000000	1.000000
#P0.000000	-0.999957	-0.009267	0.000000	0.000000	1.000000
#P0.000000	-0.999614	-0.027798	0.000000	0.000000	1.000000
#P0.000000	-0.998927	-0.046320	0.000000	0.000000	1.000000
#P0.000000	-0.997897	-0.064825	0.000000	0.000000	1.000000
#P0.000000	-0.996524	-0.083308	0.000000	0.000000	1.000000
#P0.000000	-0.994809	-0.101763	0.000000	0.000000	1.000000
#P0.000000	-0.992752	-0.120183	0.000000	0.000000	1.000000
#P0.000000	-0.990354	-0.138561	0.000000	0.000000	1.000000
#P0.000000	-0.987616	-0.156892	0.000000	0.000000	1.000000
#P0.000000	-0.984538	-0.175169	0.000000	0.000000	1.000000
#P0.000000	-0.981123	-0.193386	0.000000	0.000000	1.000000
#P0.000000	-0.977370	-0.211536	0.000000	0.000000	1.000000
#P0.000000	-0.973282	-0.229614	0.000000	0.000000	1.000000
#P0.000000	-0.968859	-0.247613	0.000000	0.000000	1.000000
#P0.000000	-0.964104	-0.265526	0.000000	0.000000	1.000000
#P0.000000	-0.959017	-0.283349	0.000000	0.000000	1.000000
#P0.000000	-0.953601	-0.301074	0.000000	0.000000	1.000000
#P0.000000	-0.947857	-0.318696	0.000000	0.000000	1.000000
#P0.000000	-0.941788	-0.336208	0.000000	0.000000	1.000000
#P0.000000	-0.935395	-0.353605	0.000000	0.000000	1.000000
#P0.000000	-0.928681	-0.370880	0.000000	0.000000	1.000000
#P0.000000	-0.921648	-0.388028	0.000000	0.000000	1.000000
#P0.000000	-0.914298	-0.405043	0.000000	0.000000	1.000000
#P0.000000	-0.906634	-0.421918	0.000000	0.000000	1.000000
#P0.000000	-0.898659	-0.438649	0.000000	0.000000	1.000000
#P0.000000	-0.890375	-0.455229	0.000000	0.000000	1.000000
#P0.000000	-0.881785	-0.471652	0.000000	0.000000	1.000000
#P0.000000	-0.872892	-0.487914	0.000000	0.000000	1.000000
#P0.000000	-0.863699	-0.504007	0.000000	0.000000	1.000000
#P0.000000	-0.854210	-0.519928	0.000000	0.000000	1.000000
#P0.000000	-0.844427	-0.535670	0.000000	0.000000	1.000000
#P0.000000	-0.834354	-0.551228	0.000000	0.000000	1.000000
#P0.000000	-0.823995	-0.566597	0.000000	0.000000	1.000000
#P0.000000	-0.813352	-0.581771	0.000000	0.000000	1.000000
#P0.000000	-0.802431	-0.596746	0.000000	0.000000	1.000000
#P0.000000	-0.791233	-0.611515	0.000000	0.000000	1.000000
#P0.000000	-0.779764	-0.626074	0.000000	0.000000	1.000000
#P0.000000	-0.768026	-0.640418	0.000000	0.000000	1.000000
#P0.000000	-0.756025	-0.654542	0.000000	0.000000	1.000000
#P0.000000	-0.743765	-0.668442	0.000000	0.000000	1.000000
#P0.000000	-0.731248	-0.682111	0.000000	0.000000	1.000000
#P0.000000	-0.718481	-0.695547	0.000000	0.000000	1.000000
#P0.000000	-0.705467	-0.708743	0.000000	0.000000	1.000000
#P0.000000	-0.692210	-0.721696	0.000000	0.000000	1.000000
#P0.000000	-0.678716	-0.734401	0.000000	0.000000	1.000000
#P0.000000	-0.664988	-0.746854	0.000000	0.000000	1.000000
#P0.000000	-0.651032	-0.759050	0.000000	0.000000	1.000000
#P0.000000	-0.636853	-0.770986	0.000000	0.000000	1.000000
#P0.000000	-0.622454	-0.782656	0.000000	0.000000	1.000000
#P0.000000	-0.607842	-0.794058	0.000000	0.000000	1.000000
#P0.000000	-0.593021	-0.805187	0.000000	0.000000	1.000000
#P0.000000	-0.577996	-0.816039	0.000000	0.000000	1.000000
#P0.000000	-0.562773	-0.826611	0.000000	0.000000	1.000000
#P0.000000	-0.547356	-0.836900	0.000000	0.000000	1.000000
#P0.000000	-0.531752	-0.846900	0.000000	0.000000	1.000000
#P0.000000	-0.515965	-0.856610	0.000000	0.000000	1.000000
#P0.000000	-0.500000	-0.866025	0.000000	0.000000	1.000000
#P0.000000	-0.483864	-0.875143	0.000000	0.000000	1.000000
#P0.000000	-0.467561	-0.883961	0.000000	0.000000	1.000000
#P0.000000	-0.451098	-0.892474	0.000000	0.000000	1.000000
#P0.000000	-0.434480	-0.900681	0.000000	0.000000	1.000000
#P0.000000	-0.417713	-0.908579	0.000000	0.000000	1.000000
#P0.000000	-0.400802	-0.916165	0.000000	0.000000	1.000000
#P0.000000	-0.383753	-0.923436	0.000000	0.000000	1.000000
#P0.000000	-0.366573	-0.930389	0.000000	0.000000	1.000000
#P0.000000	-0.349267	-0.937023	0.000000	0.000000	1.000000
#P0.000000	-0.331841	-0.943335	0.000000	0.000000	1.000000
#P0.000000	-0.314300	-0.949324	0.000000	0.000000	1.000000
#P0.000000	-0.296652	-0.954986	0.000000	0.000000	1.000000
#P0.000000	-0.278902	-0.960320	0.000000	0.000000	1.000000
#P0.000000	-0.261056	-0.965324	0.000000	0.000000	1.000000
#P0.000000	-0.243121	-0.969996	0.000000	0.000000	1.000000
#P0.000000	-0.225102	-0.974335	0.000000	0.000000	1.000000
#P0.000000	-0.207005	-0.978340	0.000000	0.000000	1.000000
#P0.000000	-0.188838	-0.982008	0.000000	0.000000	1.000000
#P0.000000	-0.170605	-0.985339	0.000000	0.000000	1.000000
#P0.000000	-0.152314	-0.988332	0.000000	0.000000	1.000000
#P0.000000	-0.133971	-0.990985	0.000000	0.000000	1.000000
#P0.000000	-0.115582	-0.993298	0.000000	0.000000	1.000000
#P0.000000	-0.097152	-0.995270	0.000000	0.000000	1.000000
#P0.000000	-0.078690	-0.996899	0.000000	0.000000	1.000000
#P0.000000	-0.060201	-0.998186	0.000000	0.000000	1.000000
#P0.000000	-0.041690	-0.999131	0.000000	0.000000	1.000000
#P0.000000	-0.023166	-0.999732	0.000000	0.000000	1.000000
#P0.000000	-0.004634	-0.999989	0.000000	0.000000	1.000000
#P0.000000	0.013900	-0.999903	0.000000	0.000000	1.000000
#P0.000000	0.032430	-0.999474	0.000000	0.000000	1.000000
#P0.000000	0.050948	-0.998701	0.000000	0.000000	1.000000
#P0.000000	0.069448	-0.997586	0.000000	0.000000	1.000000
#P0.000000	0.087925	-0.996127	0.000000	0.000000	1.000000
#P0.000000	0.106372	-0.994326	0.000000	0.000000	1.000000
#P0.000000	0.124782	-0.992184	0.000000	0.000000	1.000000
#P0.000000	0.143149	-0.989701	0.000000	0.000000	1.000000
#P0.000000	0.161467	-0.986878	0.000000	0.000000	1.000000
#P0.000000	0.179729	-0.983716	0.000000	0.000000	1.000000
#P0.000000	0.197930	-0.980216	0.000000	0.000000	1.000000
#P0.000000	0.216063	-0.976380	0.000000	0.000000	1.000000
#P0.000000	0.234121	-0.972207	0.000000	0.000000	1.000000
#P0.000000	0.252099	-0.967701	0.000000	0.000000	1.000000
#P0.000000	0.269991	-0.962863	0.000000	0.000000	1.000000
#P0.000000	0.287790	-0.957694	0.000000	0.000000	1.000000
#P0.000000	0.305489	-0.952195	0.000000	0.000000	1.000000
#P0.000000	0.323084	-0.946370	0.000000	0.000000	1.000000
#P0.000000	0.340568	-0.940220	0.000000	0.000000	1.000000
#P0.000000	0.357935	-0.933746	0.000000	0.000000	1.000000
#P0.000000	0.375179	-0.926952	0.000000	0.000000	1.000000
#P0.000000	0.392294	-0.919840	0.000000	0.000000	1.000000
#P0.000000	0.409275	-0.912411	0.000000	0.000000	1.000000
#P0.000000	0.426115	-0.904669	0.000000	0.000000	1.000000
#P0.000000	0.442808	-0.896616	0.000000	0.000000	1.000000
#P0.000000	0.459349	-0.888256	0.000000	0.000000	1.000000
#P0.000000	0.475733	-0.879590	0.000000	0.000000	1.000000
#P0.000000	0.491953	-0.870622	0.000000	0.000000	1.000000
#P0.000000	0.508004	-0.861355	0.000000	0.000000	1.000000
#P0.000000	0.523881	-0.851792	0.000000	0.000000	1.000000
#P0.000000	0.539577	-0.841936	0.000000	0.000000	1.000000
#P0.000000	0.555089	-0.831791	0.000000	0.000000	1.000000
#P0.000000	0.570409	-0.821361	0.000000	0.000000	1.000000
#P0.000000	0.585534	-0.810648	0.000000	0.000000	1.000000
#P0.000000	0.600457	-0.799657	0.000000	0.000000	1.000000
#P0.000000	0.615175	-0.788391	0.000000	0.000000	1.000000
#P0.000000	0.629680	-0.776854	0.000000	0.000000	1.000000
#P0.000000	0.643970	-0.765051	0.000000	0.000000	1.000000
#P0.000000	0.658038	-0.752984	0.000000	0.000000	1.000000
#P0.000000	0.671881	-0.740659	0.000000	0.000000	1.000000
#P0.000000	0.685492	-0.728080	0.000000	0.000000	1.000000
#P0.000000	0.698868	-0.715250	0.000000	0.000000	1.000000
#P0.000000	0.712004	-0.702175	0.000000	0.000000	1.000000
#P0.000000	0.724896	-0.688859	0.000000	0.000000	1.000000
#P0.000000	0.737538	-0.675305	0.000000	0.000000	1.000000
#P0.000000	0.749927	-0.661520	0.000000	0.000000	1.000000
#P0.000000	0.762059	-0.647508	0.000000	0.000000	1.000000
#P0.000000	0.773928	-0.633273	0.000000	0.000000	1.000000
#P0.000000	0.785532	-0.618821	0.000000	0.000000	1.000000
#P0.000000	0.796866	-0.604156	0.000000	0.000000	1.000000
#P0.000000	0.807926	-0.589284	0.000000	0.000000	1.000000
#P0.000000	0.818709	-0.574209	0.000000	0.000000	1.000000
#P0.000000	0.829210	-0.558937	0.000000	0.000000	1.000000
#P0.000000	0.839427	-0.543473	0.000000	0.000000	1.000000
#P0.000000	0.849355	-0.527822	0.000000	0.000000	1.000000
#P0.000000	0.858992	-0.511990	0.000000	0.000000	1.000000
#P0.000000	0.868333	-0.495982	0.000000	0.000000	1.000000
#P0.000000	0.877376	-0.479803	0.000000	0.000000	1.000000
#P0.000000	0.886118	-0.463460	0.000000	0.000000	1.000000
#P0.000000	0.894555	-0.446958	0.000000	0.000000	1.000000
#P0.000000	0.902685	-0.430302	0.000000	0.000000	1.000000
#P0.000000	0.910505	-0.413498	0.000000	0.000000	1.000000
#P0.000000	0.918012	-0.396552	0.000000	0.000000	1.000000
#P0.000000	0.925204	-0.379470	0.000000	0.000000	1.000000
#P0.000000	0.932078	-0.362258	0.000000	0.000000	1.000000
#P0.000000	0.938632	-0.344921	0.000000	0.000000	1.000000
#P0.000000	0.944863	-0.327466	0.000000	0.000000	1.000000
#P0.000000	0.950770	-0.309898	0.000000	0.000000	1.000000
#P0.000000	0.956350	-0.292224	0.000000	0.000000	1.000000
#P0.000000	0.961602	-0.274449	0.000000	0.000000	1.000000
#P0.000000	0.966523	-0.256580	0.000000	0.000000	1.000000
#P0.000000	0.971112	-0.238623	0.000000	0.000000	1.000000
#P0.000000	0.975368	-0.220584	0.000000	0.000000	1.000000
#P0.000000	0.979289	-0.202470	0.000000	0.000000	1.000000
#P0.000000	0.982873	-0.184285	0.000000	0.000000	1.000000
#P0.000000	0.986119	-0.166038	0.000000	0.000000	1.000000
#P0.000000	0.989027	-0.147733	0.000000	0.000000	1.000000
#P0.000000	0.991595	-0.129378	0.000000	0.000000	1.000000
#P0.000000	0.993823	-0.110978	0.000000	0.000000	1.000000
#P0.000000	0.995709	-0.092540	0.000000	0.000000	1.000000
#P0.000000	0.997253	-0.074070	0.000000	0.000000	1.000000
#P0.000000	0.998455	-0.055575	0.000000	0.000000	1.000000
#P0.000000	0.999313	-0.037060	0.000000	0.000000	1.000000
#P0.000000	0.999828	-0.018533	0.000000	0.000000	1.000000
#P0.000000	1.000000	0.000000	0.000000	0.000000	1.000000
