#N1020
#P0.000000	0.000000	-1.000000	1.000000	0.000000	0.000000
#P0.000000	0.000000	-0.994083	0.997041	0.002959	0.002959
#P0.000000	0.000000	-0.988166	0.994083	0.005917	0.005917
#P0.000000	0.000000	-0.982249	0.991124	0.008876	0.008876
#P0.000000	0.000000	-0.976331	0.988166	0.011834	0.011834
#P0.000000	0.000000	-0.970414	0.985207	0.014793	0.014793
#P0.000000	0.000000	-0.964497	0.982249	0.017751	0.017751
#P0.000000	0.000000	-0.958580	0.979290	0.020710	0.020710
#P0.000000	0.000000	-0.952663	0.976331	0.023669	0.023669
#P0.000000	0.000000	-0.946746	0.973373	0.026627	0.026627
#P0.000000	0.000000	-0.940828	0.970414	0.029586	0.029586
#P0.000000	0.000000	-0.934911	0.967456	0.032544	0.032544
#P0.000000	0.000000	-0.928994	0.964497	0.035503	0.035503
#P0.000000	0.000000	-0.923077	0.961538	0.038462	0.038462
#P0.000000	0.000000	-0.917160	0.958580	0.041420	0.041420
#P0.000000	0.000000	-0.911243	0.955621	0.044379	0.044379
#P0.000000	0.000000	-0.905325	0.952663	0.047337	0.047337
#P0.000000	0.000000	-0.899408	0.949704	0.050296	0.050296
#P0.000000	0.000000	-0.893491	0.946746	0.053254	0.053254
#P0.000000	0.000000	-0.887574	0.943787	0.056213	0.056213
#P0.000000	0.000000	-0.881657	0.940828	0.059172	0.059172
#P0.000000	0.000000	-0.875740	0.937870	0.062130	0.062130
#P0.000000	0.000000	-0.869822	0.934911	0.065089	0.065089
#P0.000000	0.000000	-0.863905	0.931953	0.068047	0.068047
#P0.000000	0.000000	-0.857988	0.928994	0.071006	0.071006
#P0.000000	0.000000	-0.852071	0.926036	0.073964	0.073964
#P0.000000	0.000000	-0.846154	0.923077	0.076923	0.076923
#P0.000000	0.000000	-0.840237	0.920118	0.079882	0.079882
#P0.000000	0.000000	-0.834320	0.917160	0.082840	0.082840
#P0.000000	0.000000	-0.828402	0.914201	0.085799	0.085799
#P0.000000	0.000000	-0.822485	0.911243	0.088757	0.088757
#P0.000000	0.000000	-0.816568	0.908284	0.091716	0.091716
#P0.000000	0.000000	-0.810651	0.905325	0.094675	0.094675
#P0.000000	0.000000	-0.804734	0.902367	0.097633	0.097633
#P0.000000	0.000000	-0.798817	0.899408	0.100592	0.100592
#P0.000000	0.000000	-0.792899	0.896450	0.103550	0.103550
#P0.000000	0.000000	-0.786982	0.893491	0.106509	0.106509
#P0.000000	0.000000	-0.781065	0.890533	0.109467	0.109467
#P0.000000	0.000000	-0.775148	0.887574	0.112426	0.112426
#P0.000000	0.000000	-0.769231	0.884615	0.115385	0.115385
#P0.000000	0.000000	-0.763314	0.881657	0.118343	0.118343
#P0.000000	0.000000	-0.757396	0.878698	0.121302	0.121302
#P0.000000	0.000000	-0.751479	0.875740	0.124260	0.124260
#P0.000000	0.000000	-0.745562	0.872781	0.127219	0.127219
#P0.000000	0.000000	-0.739645	0.869822	0.130178	0.130178
#P0.000000	0.000000	-0.733728	0.866864	0.133136	0.133136
#P0.000000	0.000000	-0.727811	0.863905	0.136095	0.136095
#P0.000000	0.000000	-0.721893	0.860947	0.139053	0.139053
#P0.000000	0.000000	-0.715976	0.857988	0.142012	0.142012
#P0.000000	0.000000	-0.710059	0.855030	0.144970	0.144970
#P0.000000	0.000000	-0.704142	0.852071	0.147929	0.147929
#P0.000000	0.000000	-0.698225	0.849112	0.150888	0.150888
#P0.000000	0.000000	-0.692308	0.846154	0.153846	0.153846
#P0.000000	0.000000	-0.686391	0.843195	0.156805	0.156805
#P0.000000	0.000000	-0.680473	0.840237	0.159763	0.159763
#P0.000000	0.000000	-0.674556	0.837278	0.162722	0.162722
#P0.000000	0.000000	-0.668639	0.834320	0.165680	0.165680
#P0.000000	0.000000	-0.662722	0.831361	0.168639	0.168639
#P0.000000	0.000000	-0.656805	0.828402	0.171598	0.171598
#P0.000000	0.000000	-0.650888	0.825444	0.174556	0.174556
#P0.000000	0.000000	-0.644970	0.822485	0.177515	0.177515
#P0.000000	0.000000	-0.639053	0.819527	0.180473	0.180473
#P0.000000	0.000000	-0.633136	0.816568	0.183432	0.183432
#P0.000000	0.000000	-0.627219	0.813609	0.186391	0.186391
#P0.000000	0.000000	-0.621302	0.810651	0.189349	0.189349
#P0.000000	0.000000	-0.615385	0.807692	0.192308	0.192308
#P0.000000	0.000000	-0.609467	0.804734	0.195266	0.195266
#P0.000000	0.000000	-0.603550	0.801775	0.198225	0.198225
#P0.000000	0.000000	-0.597633	0.798817	0.201183	0.201183
#P0.000000	0.000000	-0.591716	0.795858	0.204142	0.204142
#P0.000000	0.000000	-0.585799	0.792899	0.207101	0.207101
#P0.000000	0.000000	-0.579882	0.789941	0.210059	0.210059
#P0.000000	0.000000	-0.573964	0.786982	0.213018	0.213018
#P0.000000	0.000000	-0.568047	0.784024	0.215976	0.215976
#P0.000000	0.000000	-0.562130	0.781065	0.218935	0.218935
#P0.000000	0.000000	-0.556213	0.778107	0.221893	0.221893
#P0.000000	0.000000	-0.550296	0.775148	0.224852	0.224852
#P0.000000	0.000000	-0.544379	0.772189	0.227811	0.227811
#P0.000000	0.000000	-0.538462	0.769231	0.230769	0.230769
#P0.000000	0.000000	-0.532544	0.766272	0.233728	0.233728
#P0.000000	0.000000	-0.526627	0.763314	0.236686	0.236686
#P0.000000	0.000000	-0.520710	0.760355	0.239645	0.239645
#P0.000000	0.000000	-0.514793	0.757396	0.242604	0.242604
#P0.000000	0.000000	-0.508876	0.754438	0.245562	0.245562
#P0.000000	0.000000	-0.502959	0.751479	0.248521	0.248521
#P0.000000	0.000000	-0.497041	0.748521	0.251479	0.251479
#P0.000000	0.000000	-0.491124	0.745562	0.254438	0.254438
#P0.000000	0.000000	-0.485207	0.742604	0.257396	0.257396
#P0.000000	0.000000	-0.479290	0.739645	0.260355	0.260355
#P0.000000	0.000000	-0.473373	0.736686	0.263314	0.263314
#P0.000000	0.000000	-0.467456	0.733728	0.266272	0.266272
#P0.000000	0.000000	-0.461538	0.730769	0.269231	0.269231
#P0.000000	0.000000	-0.455621	0.727811	0.272189	0.272189
#P0.000000	0.000000	-0.449704	0.724852	0.275148	0.275148
#P0.000000	0.000000	-0.443787	0.721893	0.278107	0.278107
#P0.000000	0.000000	-0.437870	0.718935	0.281065	0.281065
#P0.000000	0.000000	-0.431953	0.715976	0.284024	0.284024
#P0.000000	0.000000	-0.426036	0.713018	0.286982	0.286982
#P0.000000	0.000000	-0.420118	0.710059	0.289941	0.289941
#P0.000000	0.000000	-0.414201	0.707101	0.292899	0.292899
#P0.000000	0.000000	-0.408284	0.704142	0.295858	0.295858
#P0.000000	0.000000	-0.402367	0.701183	0.298817	0.298817
#P0.000000	0.000000	-0.396450	0.698225	0.301775	0.301775
#P0.000000	0.000000	-0.390533	0.695266	0.304734	0.304734
#P0.000000	0.000000	-0.384615	0.692308	0.307692	0.307692
#P0.000000	0.000000	-0.378698	0.689349	0.310651	0.310651
#P0.000000	0.000000	-0.372781	0.686391	0.313609	0.313609
#P0.000000	0.000000	-0.366864	0.683432	0.316568	0.316568
#P0.000000	0.000000	-0.360947	0.680473	0.319527	0.319527
#P0.000000	0.000000	-0.355030	0.677515	0.322485	0.322485
#P0.000000	0.000000	-0.349112	0.674556	0.325444	0.325444
#P0.000000	0.000000	-0.343195	0.671598	0.328402	0.328402
#P0.000000	0.000000	-0.337278	0.668639	0.331361	0.331361
#P0.000000	0.000000	-0.331361	0.665680	0.334320	0.334320
#P0.000000	0.000000	-0.325444	0.662722	0.337278	0.337278
#P0.000000	0.000000	-0.319527	0.659763	0.340237	0.340237
#P0.000000	0.000000	-0.313609	0.656805	0.343195	0.343195
#P0.000000	0.000000	-0.307692	0.653846	0.346154	0.346154
#P0.000000	0.000000	-0.301775	0.650888	0.349112	0.349112
#P0.000000	0.000000	-0.295858	0.647929	0.352071	0.352071
#P0.000000	0.000000	-0.289941	0.644970	0.355030	0.355030
#P0.000000	0.000000	-0.284024	0.642012	0.357988	0.357988
#P0.000000	0.000000	-0.278107	0.639053	0.360947	0.360947
#P0.000000	0.000000	-0.272189	0.636095	0.363905	0.363905
#P0.000000	0.000000	-0.266272	0.633136	0.366864	0.366864
#P0.000000	0.000000	-0.260355	0.630178	0.369822	0.369822
#P0.000000	0.000000	-0.254438	0.627219	0.372781	0.372781
#P0.000000	0.000000	-0.248521	0.624260	0.375740	0.375740
#P0.000000	0.000000	-0.242604	0.621302	0.378698	0.378698
#P0.000000	0.000000	-0.236686	0.618343	0.381657	0.381657
#P0.000000	0.000000	-0.230769	0.615385	0.384615	0.384615
#P0.000000	0.000000	-0.224852	0.612426	0.387574	0.387574
#P0.000000	0.000000	-0.218935	0.609467	0.390533	0.390533
#P0.000000	0.000000	-0.213018	0.606509	0.393491	0.393491
#P0.000000	0.000000	-0.207101	0.603550	0.396450	0.396450
#P0.000000	0.000000	-0.201183	0.600592	0.399408	0.399408
#P0.000000	0.000000	-0.195266	0.597633	0.402367	0.402367
#P0.000000	0.000000	-0.189349	0.594675	0.405325	0.405325
#P0.000000	0.000000	-0.183432	0.591716	0.408284	0.408284
#P0.000000	0.000000	-0.177515	0.588757	0.411243	0.411243
#P0.000000	0.000000	-0.171598	0.585799	0.414201	0.414201
#P0.000000	0.000000	-0.165680	0.582840	0.417160	0.417160
#P0.000000	0.000000	-0.159763	0.579882	0.420118	0.420118
#P0.000000	0.000000	-0.153846	0.576923	0.423077	0.423077
#P0.000000	0.000000	-0.147929	0.573964	0.426036	0.426036
#P0.000000	0.000000	-0.142012	0.571006	0.428994	0.428994
#P0.000000	0.000000	-0.136095	0.568047	0.431953	0.431953
#P0.000000	0.000000	-0.130178	0.565089	0.434911	0.434911
#P0.000000	0.000000	-0.124260	0.562130	0.437870	0.437870
#P0.000000	0.000000	-0.118343	0.559172	0.440828	0.440828
#P0.000000	0.000000	-0.112426	0.556213	0.443787	0.443787
#P0.000000	0.000000	-0.106509	0.553254	0.446746	0.446746
#P0.000000	0.000000	-0.100592	0.550296	0.449704	0.449704
#P0.000000	0.000000	-0.094675	0.547337	0.452663	0.452663
#P0.000000	0.000000	-0.088757	0.544379	0.455621	0.455621
#P0.000000	0.000000	-0.082840	0.541420	0.458580	0.458580
#P0.000000	0.000000	-0.076923	0.538462	0.461538	0.461538
#P0.000000	0.000000	-0.071006	0.535503	0.464497	0.464497
#P0.000000	0.000000	-0.065089	0.532544	0.467456	0.467456
#P0.000000	0.000000	-0.059172	0.529586	0.470414	0.470414
#P0.000000	0.000000	-0.053254	0.526627	0.473373	0.473373
#P0.000000	0.000000	-0.047337	0.523669	0.476331	0.476331
#P0.000000	0.000000	-0.041420	0.520710	0.479290	0.479290
#P0.000000	0.000000	-0.035503	0.517751	0.482249	0.482249
#P0.000000	0.000000	-0.029586	0.514793	0.485207	0.485207
#P0.000000	0.000000	-0.023669	0.511834	0.488166	0.488166
#P0.000000	0.000000	-0.017751	0.508876	0.491124	0.491124
#P0.000000	0.000000	-0.011834	0.505917	0.494083	0.494083
#P0.000000	0.000000	-0.005917	0.502959	0.497041	0.497041
#P0.000000	0.000000	0.000000	0.500000	0.500000	0.500000
#P0.000000	0.000000	1.000000	0.000000	1.000000	1.000000
#P0.000000	0.000000	0.994083	0.002959	0.997041	0.997041
#P0.000000	0.000000	0.988166	0.005917	0.994083	0.994083
#P0.000000	0.000000	0.982249	0.008876	0.991124	0.991124
#P0.000000	0.000000	0.976331	0.011834	0.988166	0.988166
#P0.000000	0.000000	0.970414	0.014793	0.985207	0.985207
#P0.000000	0.000000	0.964497	0.017751	0.982249	0.982249
#P0.000000	0.000000	0.958580	0.020710	0.979290	0.979290
#P0.000000	0.000000	0.952663	0.023669	0.976331	0.976331
#P0.000000	0.000000	0.946746	0.026627	0.973373	0.973373
#P0.000000	0.000000	0.940828	0.029586	0.970414	0.970414
#P0.000000	0.000000	0.934911	0.032544	0.967456	0.967456
#P0.000000	0.000000	0.928994	0.035503	0.964497	0.964497
#P0.000000	0.000000	0.923077	0.038462	0.961538	0.961538
#P0.000000	0.000000	0.917160	0.041420	0.958580	0.958580
#P0.000000	0.000000	0.911243	0.044379	0.955621	0.955621
#P0.000000	0.000000	0.905325	0.047337	0.952663	0.952663
#P0.000000	0.000000	0.899408	0.050296	0.949704	0.949704
#P0.000000	0.000000	0.893491	0.053254	0.946746	0.946746
#P0.000000	0.000000	0.887574	0.056213	0.943787	0.943787
#P0.000000	0.000000	0.881657	0.059172	0.940828	0.940828
#P0.000000	0.000000	0.875740	0.062130	0.937870	0.937870
#P0.000000	0.000000	0.869822	0.065089	0.934911	0.934911
#P0.000000	0.000000	0.863905	0.068047	0.931953	0.931953
#P0.000000	0.000000	0.857988	0.071006	0.928994	0.928994
#P0.000000	0.000000	0.852071	0.073964	0.926036	0.926036
#P0.000000	0.000000	0.846154	0.076923	0.923077	0.923077
#P0.000000	0.000000	0.840237	0.079882	0.920118	0.920118
#P0.000000	0.000000	0.834320	0.082840	0.917160	0.917160
#P0.000000	0.000000	0.828402	0.085799	0.914201	0.914201
#P0.000000	0.000000	0.822485	0.088757	0.911243	0.911243
#P0.000000	0.000000	0.816568	0.091716	0.908284	0.908284
#P0.000000	0.000000	0.810651	0.094675	0.905325	0.905325
#P0.000000	0.000000	0.804734	0.097633	0.902367	0.902367
#P0.000000	0.000000	0.798817	0.100592	0.899408	0.899408
#P0.000000	0.000000	0.792899	0.103550	0.896450	0.896450
#P0.000000	0.000000	0.786982	0.106509	0.893491	0.893491
#P0.000000	0.000000	0.781065	0.109467	0.890533	0.890533
#P0.000000	0.000000	0.775148	0.112426	0.887574	0.887574
#P0.000000	0.000000	0.769231	0.115385	0.884615	0.884615
#P0.000000	0.000000	0.763314	0.118343	0.881657	0.881657
#P0.000000	0.000000	0.757396	0.121302	0.878698	0.878698
#P0.000000	0.000000	0.751479	0.124260	0.875740	0.875740
#P0.000000	0.000000	0.745562	0.127219	0.872781	0.872781
#P0.000000	0.000000	0.739645	0.130178	0.869822	0.869822
#P0.000000	0.000000	0.733728	0.133136	0.866864	0.866864
#P0.000000	0.000000	0.727811	0.136095	0.863905	0.863905
#P0.000000	0.000000	0.721893	0.139053	0.860947	0.860947
#P0.000000	0.000000	0.715976	0.142012	0.857988	0.857988
#P0.000000	0.000000	0.710059	0.144970	0.855030	0.855030
#P0.000000	0.000000	0.704142	0.147929	0.852071	0.852071
#P0.000000	0.000000	0.698225	0.150888	0.849112	0.849112
#P0.000000	0.000000	0.692308	0.153846	0.846154	0.846154
#P0.000000	0.000000	0.686391	0.156805	0.843195	0.843195
#P0.000000	0.000000	0.680473	0.159763	0.840237	0.840237
#P0.000000	0.000000	0.674556	0.162722	0.837278	0.837278
#P0.000000	0.000000	0.668639	0.165680	0.834320	0.834320
#P0.000000	0.000000	0.662722	0.168639	0.831361	0.831361
#P0.000000	0.000000	0.656805	0.171598	0.828402	0.828402
#P0.000000	0.000000	0.650888	0.174556	0.825444	0.825444
#P0.000000	0.000000	0.644970	0.177515	0.822485	0.822485
#P0.000000	0.000000	0.639053	0.180473	0.819527	0.819527
#P0.000000	0.000000	0.633136	0.183432	0.816568	0.816568
#P0.000000	0.000000	0.627219	0.186391	0.813609	0.813609
#P0.000000	0.000000	0.621302	0.189349	0.810651	0.810651
#P0.000000	0.000000	0.615385	0.192308	0.807692	0.807692
#P0.000000	0.000000	0.609467	0.195266	0.804734	0.804734
#P0.000000	0.000000	0.603550	0.198225	0.801775	0.801775
#P0.000000	0.000000	0.597633	0.201183	0.798817	0.798817
#P0.000000	0.000000	0.591716	0.204142	0.795858	0.795858
#P0.000000	0.000000	0.585799	0.207101	0.792899	0.792899
#P0.000000	0.000000	0.579882	0.210059	0.789941	0.789941
#P0.000000	0.000000	0.573964	0.213018	0.786982	0.786982
#P0.000000	0.000000	0.568047	0.215976	0.784024	0.784024
#P0.000000	0.000000	0.562130	0.218935	0.781065	0.781065
#P0.000000	0.000000	0.556213	0.221893	0.778107	0.778107
#P0.000000	0.000000	0.550296	0.224852	0.775148	0.775148
#P0.000000	0.000000	0.544379	0.227811	0.772189	0.772189
#P0.000000	0.000000	0.538462	0.230769	0.769231	0.769231
#P0.000000	0.000000	0.532544	0.233728	0.766272	0.766272
#P0.000000	0.000000	0.526627	0.236686	0.763314	0.763314
#P0.000000	0.000000	0.520710	0.239645	0.760355	0.760355
#P0.000000	0.000000	0.514793	0.242604	0.757396	0.757396
#P0.000000	0.000000	0.508876	0.245562	0.754438	0.754438
#P0.000000	0.000000	0.502959	0.248521	0.751479	0.751479
#P0.000000	0.000000	0.497041	0.251479	0.748521	0.748521
#P0.000000	0.000000	0.491124	0.254438	0.745562	0.745562
#P0.000000	0.000000	0.485207	0.257396	0.742604	0.742604
#P0.000000	0.000000	0.479290	0.260355	0.739645	0.739645
#P0.000000	0.000000	0.473373	0.263314	0.736686	0.736686
#P0.000000	0.000000	0.467456	0.266272	0.733728	0.733728
#P0.000000	0.000000	0.461538	0.269231	0.730769	0.730769
#P0.000000	0.000000	0.455621	0.272189	0.727811	0.727811
#P0.000000	0.000000	0.449704	0.275148	0.724852	0.724852
#P0.000000	0.000000	0.443787	0.278107	0.721893	0.721893
#P0.000000	0.000000	0.437870	0.281065	0.718935	0.718935
#P0.000000	0.000000	0.431953	0.284024	0.715976	0.715976
#P0.000000	0.000000	0.426036	0.286982	0.713018	0.713018
#P0.000000	0.000000	0.420118	0.289941	0.710059	0.710059
#P0.000000	0.000000	0.414201	0.292899	0.707101	0.707101
#P0.000000	0.000000	0.408284	0.295858	0.704142	0.704142
#P0.000000	0.000000	0.402367	0.298817	0.701183	0.701183
#P0.000000	0.000000	0.396450	0.301775	0.698225	0.698225
#P0.000000	0.000000	0.390533	0.304734	0.695266	0.695266
#P0.000000	0.000000	0.384615	0.307692	0.692308	0.692308
#P0.000000	0.000000	0.378698	0.310651	0.689349	0.689349
#P0.000000	0.000000	0.372781	0.313609	0.686391	0.686391
#P0.000000	0.000000	0.366864	0.316568	0.683432	0.683432
#P0.000000	0.000000	0.360947	0.319527	0.680473	0.680473
#P0.000000	0.000000	0.355030	0.322485	0.677515	0.677515
#P0.000000	0.000000	0.349112	0.325444	0.674556	0.674556
#P0.000000	0.000000	0.343195	0.328402	0.671598	0.671598
#P0.000000	0.000000	0.337278	0.331361	0.668639	0.668639
#P0.000000	0.000000	0.331361	0.334320	0.665680	0.665680
#P0.000000	0.000000	0.325444	0.337278	0.662722	0.662722
#P0.000000	0.000000	0.319527	0.340237	0.659763	0.659763
#P0.000000	0.000000	0.313609	0.343195	0.656805	0.656805
#P0.000000	0.000000	0.307692	0.346154	0.653846	0.653846
#P0.000000	0.000000	0.301775	0.349112	0.650888	0.650888
#P0.000000	0.000000	0.295858	0.352071	0.647929	0.647929
#P0.000000	0.000000	0.289941	0.355030	0.644970	0.644970
#P0.000000	0.000000	0.284024	0.357988	0.642012	0.642012
#P0.000000	0.000000	0.278107	0.360947	0.639053	0.639053
#P0.000000	0.000000	0.272189	0.363905	0.636095	0.636095
#P0.000000	0.000000	0.266272	0.366864	0.633136	0.633136
#P0.000000	0.000000	0.260355	0.369822	0.630178	0.630178
#P0.000000	0.000000	0.254438	0.372781	0.627219	0.627219
#P0.000000	0.000000	0.248521	0.375740	0.624260	0.624260
#P0.000000	0.000000	0.242604	0.378698	0.621302	0.621302
#P0.000000	0.000000	0.236686	0.381657	0.618343	0.618343
#P0.000000	0.000000	0.230769	0.384615	0.615385	0.615385
#P0.000000	0.000000	0.224852	0.387574	0.612426	0.612426
#P0.000000	0.000000	0.218935	0.390533	0.609467	0.609467
#P0.000000	0.000000	0.213018	0.393491	0.606509	0.606509
#P0.000000	0.000000	0.207101	0.396450	0.603550	0.603550
#P0.000000	0.000000	0.201183	0.399408	0.600592	0.600592
#P0.000000	0.000000	0.195266	0.402367	0.597633	0.597633
#P0.000000	0.000000	0.189349	0.405325	0.594675	0.594675
#P0.000000	0.000000	0.183432	0.408284	0.591716	0.591716
#P0.000000	0.000000	0.177515	0.411243	0.588757	0.588757
#P0.000000	0.000000	0.171598	0.414201	0.585799	0.585799
#P0.000000	0.000000	0.165680	0.417160	0.582840	0.582840
#P0.000000	0.000000	0.159763	0.420118	0.579882	0.579882
#P0.000000	0.000000	0.153846	0.423077	0.576923	0.576923
#P0.000000	0.000000	0.147929	0.426036	0.573964	0.573964
#P0.000000	0.000000	0.142012	0.428994	0.571006	0.571006
#P0.000000	0.000000	0.136095	0.431953	0.568047	0.568047
#P0.000000	0.000000	0.130178	0.434911	0.565089	0.565089
#P0.000000	0.000000	0.124260	0.437870	0.562130	0.562130
#P0.000000	0.000000	0.118343	0.440828	0.559172	0.559172
#P0.000000	0.000000	0.112426	0.443787	0.556213	0.556213
#P0.000000	0.000000	0.106509	0.446746	0.553254	0.553254
#P0.000000	0.000000	0.100592	0.449704	0.550296	0.550296
#P0.000000	0.000000	0.094675	0.452663	0.547337	0.547337
#P0.000000	0.000000	0.088757	0.455621	0.544379	0.544379
#P0.000000	0.000000	0.082840	0.458580	0.541420	0.541420
#P0.000000	0.000000	0.076923	0.461538	0.538462	0.538462
#P0.000000	0.000000	0.071006	0.464497	0.535503	0.535503
#P0.000000	0.000000	0.065089	0.467456	0.532544	0.532544
#P0.000000	0.000000	0.059172	0.470414	0.529586	0.529586
#P0.000000	0.000000	0.053254	0.473373	0.526627	0.526627
#P0.000000	0.000000	0.047337	0.476331	0.523669	0.523669
#P0.000000	0.000000	0.041420	0.479290	0.520710	0.520710
#P0.000000	0.000000	0.035503	0.482249	0.517751	0.517751
#P0.000000	0.000000	0.029586	0.485207	0.514793	0.514793
#P0.000000	0.000000	0.023669	0.488166	0.511834	0.511834
#P0.000000	0.000000	0.017751	0.491124	0.508876	0.508876
#P0.000000	0.000000	0.011834	0.494083	0.505917	0.505917
#P0.000000	0.000000	0.005917	0.497041	0.502959	0.502959
#P0.000000	0.000000	0.000000	0.500000	0.500000	0.500000
#P0.000000	-1.000000	0.000000	0.000000	1.000000	0.000000
#P0.000000	-0.994083	0.000000	0.002959	0.997041	0.002959
#P0.000000	-0.988166	0.000000	0.005917	0.994083	0.005917
#P0.000000	-0.982249	0.000000	0.008876	0.991124	0.008876
#P0.000000	-0.976331	0.000000	0.011834	0.988166	0.011834
#P0.000000	-0.970414	0.000000	0.014793	0.985207	0.014793
#P0.000000	-0.964497	0.000000	0.017751	0.982249	0.017751
#P0.000000	-0.958580	0.000000	0.020710	0.979290	0.020710
#P0.000000	-0.952663	0.000000	0.023669	0.976331	0.023669
#P0.000000	-0.946746	0.000000	0.026627	0.973373	0.026627
#P0.000000	-0.940828	0.000000	0.029586	0.970414	0.029586
#P0.000000	-0.934911	0.000000	0.032544	0.967456	0.032544
#P0.000000	-0.928994	0.000000	0.035503	0.964497	0.035503
#P0.000000	-0.923077	0.000000	0.038462	0.961538	0.038462
#P0.000000	-0.917160	0.000000	0.041420	0.958580	0.041420
#P0.000000	-0.911243	0.000000	0.044379	0.955621	0.044379
#P0.000000	-0.905325	0.000000	0.047337	0.952663	0.047337
#P0.000000	-0.899408	0.000000	0.050296	0.949704	0.050296
#P0.000000	-0.893491	0.000000	0.053254	0.946746	0.053254
#P0.000000	-0.887574	0.000000	0.056213	0.943787	0.056213
#P0.000000	-0.881657	0.000000	0.059172	0.940828	0.059172
#P0.000000	-0.875740	0.000000	0.062130	0.937870	0.062130
#P0.000000	-0.869822	0.000000	0.065089	0.934911	0.065089
#P0.000000	-0.863905	0.000000	0.068047	0.931953	0.068047
#P0.000000	-0.857988	0.000000	0.071006	0.928994	0.071006
#P0.000000	-0.852071	0.000000	0.073964	0.926036	0.073964
#P0.000000	-0.846154	0.000000	0.076923	0.923077	0.076923
#P0.000000	-0.840237	0.000000	0.079882	0.920118	0.079882
#P0.000000	-0.834320	0.000000	0.082840	0.917160	0.082840
#P0.000000	-0.828402	0.000000	0.085799	0.914201	0.085799
#P0.000000	-0.822485	0.000000	0.088757	0.911243	0.088757
#P0.000000	-0.816568	0.000000	0.091716	0.908284	0.091716
#P0.000000	-0.810651	0.000000	0.094675	0.905325	0.094675
#P0.000000	-0.804734	0.000000	0.097633	0.902367	0.097633
#P0.000000	-0.798817	0.000000	0.100592	0.899408	0.100592
#P0.000000	-0.792899	0.000000	0.103550	0.896450	0.103550
#P0.000000	-0.786982	0.000000	0.106509	0.893491	0.106509
#P0.000000	-0.781065	0.000000	0.109467	0.890533	0.109467
#P0.000000	-0.775148	0.000000	0.112426	0.887574	0.112426
#P0.000000	-0.769231	0.000000	0.115385	0.884615	0.115385
#P0.000000	-0.763314	0.000000	0.118343	0.881657	0.118343
#P0.000000	-0.757396	0.000000	0.121302	0.878698	0.121302
#P0.000000	-0.751479	0.000000	0.124260	0.875740	0.124260
#P0.000000	-0.745562	0.000000	0.127219	0.872781	0.127219
#P0.000000	-0.739645	0.000000	0.130178	0.869822	0.130178
#P0.000000	-0.733728	0.000000	0.133136	0.866864	0.133136
#P0.000000	-0.727811	0.000000	0.136095	0.863905	0.136095
#P0.000000	-0.721893	0.000000	0.139053	0.860947	0.139053
#P0.000000	-0.715976	0.000000	0.142012	0.857988	0.142012
#P0.000000	-0.710059	0.000000	0.144970	0.855030	0.144970
#P0.000000	-0.704142	0.000000	0.147929	0.852071	0.147929
#P0.000000	-0.698225	0.000000	0.150888	0.849112	0.150888
#P0.000000	-0.692308	0.000000	0.153846	0.846154	0.153846
#P0.000000	-0.686391	0.000000	0.156805	0.843195	0.156805
#P0.000000	-0.680473	0.000000	0.159763	0.840237	0.159763
#P0.000000	-0.674556	0.000000	0.162722	0.837278	0.162722
#P0.000000	-0.668639	0.000000	0.165680	0.834320	0.165680
#P0.000000	-0.662722	0.000000	0.168639	0.831361	0.168639
#P0.000000	-0.656805	0.000000	0.171598	0.828402	0.171598
#P0.000000	-0.650888	0.000000	0.174556	0.825444	0.174556
#P0.000000	-0.644970	0.000000	0.177515	0.822485	0.177515
#P0.000000	-0.639053	0.000000	0.180473	0.819527	0.180473
#P0.000000	-0.633136	0.000000	0.183432	0.816568	0.183432
#P0.000000	-0.627219	0.000000	0.186391	0.813609	0.186391
#P0.000000	-0.621302	0.000000	0.189349	0.810651	0.189349
#P0.000000	-0.615385	0.000000	0.192308	0.807692	0.192308
#P0.000000	-0.609467	0.000000	0.195266	0.804734	0.195266
#P0.000000	-0.603550	0.000000	0.198225	0.801775	0.198225
#P0.000000	-0.597633	0.000000	0.201183	0.798817	0.201183
#P0.000000	-0.591716	0.000000	0.204142	0.795858	0.204142
#P0.000000	-0.585799	0.000000	0.207101	0.792899	0.207101
#P0.000000	-0.579882	0.000000	0.210059	0.789941	0.210059
#P0.000000	-0.573964	0.000000	0.213018	0.786982	0.213018
#P0.000000	-0.568047	0.000000	0.215976	0.784024	0.215976
#P0.000000	-0.562130	0.000000	0.218935	0.781065	0.218935
#P0.000000	-0.556213	0.000000	0.221893	0.778107	0.221893
#P0.000000	-0.550296	0.000000	0.224852	0.775148	0.224852
#P0.000000	-0.544379	0.000000	0.227811	0.772189	0.227811
#P0.000000	-0.538462	0.000000	0.230769	0.769231	0.230769
#P0.000000	-0.532544	0.000000	0.233728	0.766272	0.233728
#P0.000000	-0.526627	0.000000	0.236686	0.763314	0.236686
#P0.000000	-0.520710	0.000000	0.239645	0.760355	0.239645
#P0.000000	-0.514793	0.000000	0.242604	0.757396	0.242604
#P0.000000	-0.508876	0.000000	0.245562	0.754438	0.245562
#P0.000000	-0.502959	0.000000	0.248521	0.751479	0.248521
#P0.000000	-0.497041	0.000000	0.251479	0.748521	0.251479
#P0.000000	-0.491124	0.000000	0.254438	0.745562	0.254438
#P0.000000	-0.485207	0.000000	0.257396	0.742604	0.257396
#P0.000000	-0.479290	0.000000	0.260355	0.739645	0.260355
#P0.000000	-0.473373	0.000000	0.263314	0.736686	0.263314
#P0.000000	-0.467456	0.000000	0.266272	0.733728	0.266272
#P0.000000	-0.461538	0.000000	0.269231	0.730769	0.269231
#P0.000000	-0.455621	0.000000	0.272189	0.727811	0.272189
#P0.000000	-0.449704	0.000000	0.275148	0.724852	0.275148
#P0.000000	-0.443787	0.000000	0.278107	0.721893	0.278107
#P0.000000	-0.437870	0.000000	0.281065	0.718935	0.281065
#P0.000000	-0.431953	0.000000	0.284024	0.715976	0.284024
#P0.000000	-0.426036	0.000000	0.286982	0.713018	0.286982
#P0.000000	-0.420118	0.000000	0.289941	0.710059	0.289941
#P0.000000	-0.414201	0.000000	0.292899	0.707101	0.292899
#P0.000000	-0.408284	0.000000	0.295858	0.704142	0.295858
#P0.000000	-0.402367	0.000000	0.298817	0.701183	0.298817
#P0.000000	-0.396450	0.000000	0.301775	0.698225	0.301775
#P0.000000	-0.390533	0.000000	0.304734	0.695266	0.304734
#P0.000000	-0.384615	0.000000	0.307692	0.692308	0.307692
#P0.000000	-0.378698	0.000000	0.310651	0.689349	0.310651
#P0.000000	-0.372781	0.000000	0.313609	0.686391	0.313609
#P0.000000	-0.366864	0.000000	0.316568	0.683432	0.316568
#P0.000000	-0.360947	0.000000	0.319527	0.680473	0.319527
#P0.000000	-0.355030	0.000000	0.322485	0.677515	0.322485
#P0.000000	-0.349112	0.000000	0.325444	0.674556	0.325444
#P0.000000	-0.343195	0.000000	0.328402	0.671598	0.328402
#P0.000000	-0.337278	0.000000	0.331361	0.668639	0.331361
#P0.000000	-0.331361	0.000000	0.334320	0.665680	0.334320
#P0.000000	-0.325444	0.000000	0.337278	0.662722	0.337278
#P0.000000	-0.319527	0.000000	0.340237	0.659763	0.340237
#P0.000000	-0.313609	0.000000	0.343195	0.656805	0.343195
#P0.000000	-0.307692	0.000000	0.346154	0.653846	0.346154
#P0.000000	-0.301775	0.000000	0.349112	0.650888	0.349112
#P0.000000	-0.295858	0.000000	0.352071	0.647929	0.352071
#P0.000000	-0.289941	0.000000	0.355030	0.644970	0.355030
#P0.000000	-0.284024	0.000000	0.357988	0.642012	0.357988
#P0.000000	-0.278107	0.000000	0.360947	0.639053	0.360947
#P0.000000	-0.272189	0.000000	0.363905	0.636095	0.363905
#P0.000000	-0.266272	0.000000	0.366864	0.633136	0.366864
#P0.000000	-0.260355	0.000000	0.369822	0.630178	0.369822
#P0.000000	-0.254438	0.000000	0.372781	0.627219	0.372781
#P0.000000	-0.248521	0.000000	0.375740	0.624260	0.375740
#P0.000000	-0.242604	0.000000	0.378698	0.621302	0.378698
#P0.000000	-0.236686	0.000000	0.381657	0.618343	0.381657
#P0.000000	-0.230769	0.000000	0.384615	0.615385	0.384615
#P0.000000	-0.224852	0.000000	0.387574	0.612426	0.387574
#P0.000000	-0.218935	0.000000	0.390533	0.609467	0.390533
#P0.000000	-0.213018	0.000000	0.393491	0.606509	0.393491
#P0.000000	-0.207101	0.000000	0.396450	0.603550	0.396450
#P0.000000	-0.201183	0.000000	0.399408	0.600592	0.399408
#P0.000000	-0.195266	0.000000	0.402367	0.597633	0.402367
#P0.000000	-0.189349	0.000000	0.405325	0.594675	0.405325
#P0.000000	-0.183432	0.000000	0.408284	0.591716	0.408284
#P0.000000	-0.177515	0.000000	0.411243	0.588757	0.411243
#P0.000000	-0.171598	0.000000	0.414201	0.585799	0.414201
#P0.000000	-0.165680	0.000000	0.417160	0.582840	0.417160
#P0.000000	-0.159763	0.000000	0.420118	0.579882	0.420118
#P0.000000	-0.153846	0.000000	0.423077	0.576923	0.423077
#P0.000000	-0.147929	0.000000	0.426036	0.573964	0.426036
#P0.000000	-0.142012	0.000000	0.428994	0.571006	0.428994
#P0.000000	-0.136095	0.000000	0.431953	0.568047	0.431953
#P0.000000	-0.130178	0.000000	0.434911	0.565089	0.434911
#P0.000000	-0.124260	0.000000	0.437870	0.562130	0.437870
#P0.000000	-0.118343	0.000000	0.440828	0.559172	0.440828
#P0.000000	-0.112426	0.000000	0.443787	0.556213	0.443787
#P0.000000	-0.106509	0.000000	0.446746	0.553254	0.446746
#P0.000000	-0.100592	0.000000	0.449704	0.550296	0.449704
#P0.000000	-0.094675	0.000000	0.452663	0.547337	0.452663
#P0.000000	-0.088757	0.000000	0.455621	0.544379	0.455621
#P0.000000	-0.082840	0.000000	0.458580	0.541420	0.458580
#P0.000000	-0.076923	0.000000	0.461538	0.538462	0.461538
#P0.000000	-0.071006	0.000000	0.464497	0.535503	0.464497
#P0.000000	-0.065089	0.000000	0.467456	0.532544	0.467456
#P0.000000	-0.059172	0.000000	0.470414	0.529586	0.470414
#P0.000000	-0.053254	0.000000	0.473373	0.526627	0.473373
#P0.000000	-0.047337	0.000000	0.476331	0.523669	0.476331
#P0.000000	-0.041420	0.000000	0.479290	0.520710	0.479290
#P0.000000	-0.035503	0.000000	0.482249	0.517751	0.482249
#P0.000000	-0.029586	0.000000	0.485207	0.514793	0.485207
#P0.000000	-0.023669	0.000000	0.488166	0.511834	0.488166
#P0.000000	-0.017751	0.000000	0.491124	0.508876	0.491124
#P0.000000	-0.011834	0.000000	0.494083	0.505917	0.494083
#P0.000000	-0.005917	0.000000	0.497041	0.502959	0.497041
#P0.000000	0.000000	0.000000	0.500000	0.500000	0.500000
#P0.000000	1.000000	0.000000	1.000000	1.000000	0.000000
#P0.000000	0.994083	0.000000	0.997041	0.997041	0.002959
#P0.000000	0.988166	0.000000	0.994083	0.994083	0.005917
#P0.000000	0.982249	0.000000	0.991124	0.991124	0.008876
#P0.000000	0.976331	0.000000	0.988166	0.988166	0.011834
#P0.000000	0.970414	0.000000	0.985207	0.985207	0.014793
#P0.000000	0.964497	0.000000	0.982249	0.982249	0.017751
#P0.000000	0.958580	0.000000	0.979290	0.979290	0.020710
#P0.000000	0.952663	0.000000	0.976331	0.976331	0.023669
#P0.000000	0.946746	0.000000	0.973373	0.973373	0.026627
#P0.000000	0.940828	0.000000	0.970414	0.970414	0.029586
#P0.000000	0.934911	0.000000	0.967456	0.967456	0.032544
#P0.000000	0.928994	0.000000	0.964497	0.964497	0.035503
#P0.000000	0.923077	0.000000	0.961538	0.961538	0.038462
#P0.000000	0.917160	0.000000	0.958580	0.958580	0.041420
#P0.000000	0.911243	0.000000	0.955621	0.955621	0.044379
#P0.000000	0.905325	0.000000	0.952663	0.952663	0.047337
#P0.000000	0.899408	0.000000	0.949704	0.949704	0.050296
#P0.000000	0.893491	0.000000	0.946746	0.946746	0.053254
#P0.000000	0.887574	0.000000	0.943787	0.943787	0.056213
#P0.000000	0.881657	0.000000	0.940828	0.940828	0.059172
#P0.000000	0.875740	0.000000	0.937870	0.937870	0.062130
#P0.000000	0.869822	0.000000	0.934911	0.934911	0.065089
#P0.000000	0.863905	0.000000	0.931953	0.931953	0.068047
#P0.000000	0.857988	0.000000	0.928994	0.928994	0.071006
#P0.000000	0.852071	0.000000	0.926036	0.926036	0.073964
#P0.000000	0.846154	0.000000	0.923077	0.923077	0.076923
#P0.000000	0.840237	0.000000	0.920118	0.920118	0.079882
#P0.000000	0.834320	0.000000	0.917160	0.917160	0.082840
#P0.000000	0.828402	0.000000	0.914201	0.914201	0.085799
#P0.000000	0.822485	0.000000	0.911243	0.911243	0.088757
#P0.000000	0.816568	0.000000	0.908284	0.908284	0.091716
#P0.000000	0.810651	0.000000	0.905325	0.905325	0.094675
#P0.000000	0.804734	0.000000	0.902367	0.902367	0.097633
#P0.000000	0.798817	0.000000	0.899408	0.899408	0.100592
#P0.000000	0.792899	0.000000	0.896450	0.896450	0.103550
#P0.000000	0.786982	0.000000	0.893491	0.893491	0.106509
#P0.000000	0.781065	0.000000	0.890533	0.890533	0.109467
#P0.000000	0.775148	0.000000	0.887574	0.887574	0.112426
#P0.000000	0.769231	0.000000	0.884615	0.884615	0.115385
#P0.000000	0.763314	0.000000	0.881657	0.881657	0.118343
#P0.000000	0.757396	0.000000	0.878698	0.878698	0.121302
#P0.000000	0.751479	0.000000	0.875740	0.875740	0.124260
#P0.000000	0.745562	0.000000	0.872781	0.872781	0.127219
#P0.000000	0.739645	0.000000	0.869822	0.869822	0.130178
#P0.000000	0.733728	0.000000	0.866864	0.866864	0.133136
#P0.000000	0.727811	0.000000	0.863905	0.863905	0.136095
#P0.000000	0.721893	0.000000	0.860947	0.860947	0.139053
#P0.000000	0.715976	0.000000	0.857988	0.857988	0.142012
#P0.000000	0.710059	0.000000	0.855030	0.855030	0.144970
#P0.000000	0.704142	0.000000	0.852071	0.852071	0.147929
#P0.000000	0.698225	0.000000	0.849112	0.849112	0.150888
#P0.000000	0.692308	0.000000	0.846154	0.846154	0.153846
#P0.000000	0.686391	0.000000	0.843195	0.843195	0.156805
#P0.000000	0.680473	0.000000	0.840237	0.840237	0.159763
#P0.000000	0.674556	0.000000	0.837278	0.837278	0.162722
#P0.000000	0.668639	0.000000	0.834320	0.834320	0.165680
#P0.000000	0.662722	0.000000	0.831361	0.831361	0.168639
#P0.000000	0.656805	0.000000	0.828402	0.828402	0.171598
#P0.000000	0.650888	0.000000	0.825444	0.825444	0.174556
#P0.000000	0.644970	0.000000	0.822485	0.822485	0.177515
#P0.000000	0.639053	0.000000	0.819527	0.819527	0.180473
#P0.000000	0.633136	0.000000	0.816568	0.816568	0.183432
#P0.000000	0.627219	0.000000	0.813609	0.813609	0.186391
#P0.000000	0.621302	0.000000	0.810651	0.810651	0.189349
#P0.000000	0.615385	0.000000	0.807692	0.807692	0.192308
#P0.000000	0.609467	0.000000	0.804734	0.804734	0.195266
#P0.000000	0.603550	0.000000	0.801775	0.801775	0.198225
#P0.000000	0.597633	0.000000	0.798817	0.798817	0.201183
#P0.000000	0.591716	0.000000	0.795858	0.795858	0.204142
#P0.000000	0.585799	0.000000	0.792899	0.792899	0.207101
#P0.000000	0.579882	0.000000	0.789941	0.789941	0.210059
#P0.000000	0.573964	0.000000	0.786982	0.786982	0.213018
#P0.000000	0.568047	0.000000	0.784024	0.784024	0.215976
#P0.000000	0.562130	0.000000	0.781065	0.781065	0.218935
#P0.000000	0.556213	0.000000	0.778107	0.778107	0.221893
#P0.000000	0.550296	0.000000	0.775148	0.775148	0.224852
#P0.000000	0.544379	0.000000	0.772189	0.772189	0.227811
#P0.000000	0.538462	0.000000	0.769231	0.769231	0.230769
#P0.000000	0.532544	0.000000	0.766272	0.766272	0.233728
#P0.000000	0.526627	0.000000	0.763314	0.763314	0.236686
#P0.000000	0.520710	0.000000	0.760355	0.760355	0.239645
#P0.000000	0.514793	0.000000	0.757396	0.757396	0.242604
#P0.000000	0.508876	0.000000	0.754438	0.754438	0.245562
#P0.000000	0.502959	0.000000	0.751479	0.751479	0.248521
#P0.000000	0.497041	0.000000	0.748521	0.748521	0.251479
#P0.000000	0.491124	0.000000	0.745562	0.745562	0.254438
#P0.000000	0.485207	0.000000	0.742604	0.742604	0.257396
#P0.000000	0.479290	0.000000	0.739645	0.739645	0.260355
#P0.000000	0.473373	0.000000	0.736686	0.736686	0.263314
#P0.000000	0.467456	0.000000	0.733728	0.733728	0.266272
#P0.000000	0.461538	0.000000	0.730769	0.730769	0.269231
#P0.000000	0.455621	0.000000	0.727811	0.727811	0.272189
#P0.000000	0.449704	0.000000	0.724852	0.724852	0.275148
#P0.000000	0.443787	0.000000	0.721893	0.721893	0.278107
#P0.000000	0.437870	0.000000	0.718935	0.718935	0.281065
#P0.000000	0.431953	0.000000	0.715976	0.715976	0.284024
#P0.000000	0.426036	0.000000	0.713018	0.713018	0.286982
#P0.000000	0.420118	0.000000	0.710059	0.710059	0.289941
#P0.000000	0.414201	0.000000	0.707101	0.707101	0.292899
#P0.000000	0.408284	0.000000	0.704142	0.704142	0.295858
#P0.000000	0.402367	0.000000	0.701183	0.701183	0.298817
#P0.000000	0.396450	0.000000	0.698225	0.698225	0.301775
#P0.000000	0.390533	0.000000	0.695266	0.695266	0.304734
#P0.000000	0.384615	0.000000	0.692308	0.692308	0.307692
#P0.000000	0.378698	0.000000	0.689349	0.689349	0.310651
#P0.000000	0.372781	0.000000	0.686391	0.686391	0.313609
#P0.000000	0.366864	0.000000	0.683432	0.683432	0.316568
#P0.000000	0.360947	0.000000	0.680473	0.680473	0.319527
#P0.000000	0.355030	0.000000	0.677515	0.677515	0.322485
#P0.000000	0.349112	0.000000	0.674556	0.674556	0.325444
#P0.000000	0.343195	0.000000	0.671598	0.671598	0.328402
#P0.000000	0.337278	0.000000	0.668639	0.668639	0.331361
#P0.000000	0.331361	0.000000	0.665680	0.665680	0.334320
#P0.000000	0.325444	0.000000	0.662722	0.662722	0.337278
#P0.000000	0.319527	0.000000	0.659763	0.659763	0.340237
#P0.000000	0.313609	0.000000	0.656805	0.656805	0.343195
#P0.000000	0.307692	0.000000	0.653846	0.653846	0.346154
#P0.000000	0.301775	0.000000	0.650888	0.650888	0.349112
#P0.000000	0.295858	0.000000	0.647929	0.647929	0.352071
#P0.000000	0.289941	0.000000	0.644970	0.644970	0.355030
#P0.000000	0.284024	0.000000	0.642012	0.642012	0.357988
#P0.000000	0.278107	0.000000	0.639053	0.639053	0.360947
#P0.000000	0.272189	0.000000	0.636095	0.636095	0.363905
#P0.000000	0.266272	0.000000	0.633136	0.633136	0.366864
#P0.000000	0.260355	0.000000	0.630178	0.630178	0.369822
#P0.000000	0.254438	0.000000	0.627219	0.627219	0.372781
#P0.000000	0.248521	0.000000	0.624260	0.624260	0.375740
#P0.000000	0.242604	0.000000	0.621302	0.621302	0.378698
#P0.000000	0.236686	0.000000	0.618343	0.618343	0.381657
#P0.000000	0.230769	0.000000	0.615385	0.615385	0.384615
#P0.000000	0.224852	0.000000	0.612426	0.612426	0.387574
#P0.000000	0.218935	0.000000	0.609467	0.609467	0.390533
#P0.000000	0.213018	0.000000	0.606509	0.606509	0.393491
#P0.000000	0.207101	0.000000	0.603550	0.603550	0.396450
#P0.000000	0.201183	0.000000	0.600592	0.600592	0.399408
#P0.000000	0.195266	0.000000	0.597633	0.597633	0.402367
#P0.000000	0.189349	0.000000	0.594675	0.594675	0.405325
#P0.000000	0.183432	0.000000	0.591716	0.591716	0.408284
#P0.000000	0.177515	0.000000	0.588757	0.588757	0.411243
#P0.000000	0.171598	0.000000	0.585799	0.585799	0.414201
#P0.000000	0.165680	0.000000	0.582840	0.582840	0.417160
#P0.000000	0.159763	0.000000	0.579882	0.579882	0.420118
#P0.000000	0.153846	0.000000	0.576923	0.576923	0.423077
#P0.000000	0.147929	0.000000	0.573964	0.573964	0.426036
#P0.000000	0.142012	0.000000	0.571006	0.571006	0.428994
#P0.000000	0.136095	0.000000	0.568047	0.568047	0.431953
#P0.000000	0.130178	0.000000	0.565089	0.565089	0.434911
#P0.000000	0.124260	0.000000	0.562130	0.562130	0.437870
#P0.000000	0.118343	0.000000	0.559172	0.559172	0.440828
#P0.000000	0.112426	0.000000	0.556213	0.556213	0.443787
#P0.000000	0.106509	0.000000	0.553254	0.553254	0.446746
#P0.000000	0.100592	0.000000	0.550296	0.550296	0.449704
#P0.000000	0.094675	0.000000	0.547337	0.547337	0.452663
#P0.000000	0.088757	0.000000	0.544379	0.544379	0.455621
#P0.000000	0.082840	0.000000	0.541420	0.541420	0.458580
#P0.000000	0.076923	0.000000	0.538462	0.538462	0.461538
#P0.000000	0.071006	0.000000	0.535503	0.535503	0.464497
#P0.000000	0.065089	0.000000	0.532544	0.532544	0.467456
#P0.000000	0.059172	0.000000	0.529586	0.529586	0.470414
#P0.000000	0.053254	0.000000	0.526627	0.526627	0.473373
#P0.000000	0.047337	0.000000	0.523669	0.523669	0.476331
#P0.000000	0.041420	0.000000	0.520710	0.520710	0.479290
#P0.000000	0.035503	0.000000	0.517751	0.517751	0.482249
#P0.000000	0.029586	0.000000	0.514793	0.514793	0.485207
#P0.000000	0.023669	0.000000	0.511834	0.511834	0.488166
#P0.000000	0.017751	0.000000	0.508876	0.508876	0.491124
#P0.000000	0.011834	0.000000	0.505917	0.505917	0.494083
#P0.000000	0.005917	0.000000	0.502959	0.502959	0.497041
#P0.000000	0.000000	0.000000	0.500000	0.500000	0.500000
#P-1.000000	0.000000	0.000000	1.000000	0.000000	1.000000
#P-0.994083	0.000000	0.000000	0.997041	0.002959	0.997041
#P-0.988166	0.000000	0.000000	0.994083	0.005917	0.994083
#P-0.982249	0.000000	0.000000	0.991124	0.008876	0.991124
#P-0.976331	0.000000	0.000000	0.988166	0.011834	0.988166
#P-0.970414	0.000000	0.000000	0.985207	0.014793	0.985207
#P-0.964497	0.000000	0.000000	0.982249	0.017751	0.982249
#P-0.958580	0.000000	0.000000	0.979290	0.020710	0.979290
#P-0.952663	0.000000	0.000000	0.976331	0.023669	0.976331
#P-0.946746	0.000000	0.000000	0.973373	0.026627	0.973373
#P-0.940828	0.000000	0.000000	0.970414	0.029586	0.970414
#P-0.934911	0.000000	0.000000	0.967456	0.032544	0.967456
#P-0.928994	0.000000	0.000000	0.964497	0.035503	0.964497
#P-0.923077	0.000000	0.000000	0.961538	0.038462	0.961538
#P-0.917160	0.000000	0.000000	0.958580	0.041420	0.958580
#P-0.911243	0.000000	0.000000	0.955621	0.044379	0.955621
#P-0.905325	0.000000	0.000000	0.952663	0.047337	0.952663
#P-0.899408	0.000000	0.000000	0.949704	0.050296	0.949704
#P-0.893491	0.000000	0.000000	0.946746	0.053254	0.946746
#P-0.887574	0.000000	0.000000	0.943787	0.056213	0.943787
#P-0.881657	0.000000	0.000000	0.940828	0.059172	0.940828
#P-0.875740	0.000000	0.000000	0.937870	0.062130	0.937870
#P-0.869822	0.000000	0.000000	0.934911	0.065089	0.934911
#P-0.863905	0.000000	0.000000	0.931953	0.068047	0.931953
#P-0.857988	0.000000	0.000000	0.928994	0.071006	0.928994
#P-0.852071	0.000000	0.000000	0.926036	0.073964	0.926036
#P-0.846154	0.000000	0.000000	0.923077	0.076923	0.923077
#P-0.840237	0.000000	0.000000	0.920118	0.079882	0.920118
#P-0.834320	0.000000	0.000000	0.917160	0.082840	0.917160
#P-0.828402	0.000000	0.000000	0.914201	0.085799	0.914201
#P-0.822485	0.000000	0.000000	0.911243	0.088757	0.911243
#P-0.816568	0.000000	0.000000	0.908284	0.091716	0.908284
#P-0.810651	0.000000	0.000000	0.905325	0.094675	0.905325
#P-0.804734	0.000000	0.000000	0.902367	0.097633	0.902367
#P-0.798817	0.000000	0.000000	0.899408	0.100592	0.899408
#P-0.792899	0.000000	0.000000	0.896450	0.103550	0.896450
#P-0.786982	0.000000	0.000000	0.893491	0.106509	0.893491
#P-0.781065	0.000000	0.000000	0.890533	0.109467	0.890533
#P-0.775148	0.000000	0.000000	0.887574	0.112426	0.887574
#P-0.769231	0.000000	0.000000	0.884615	0.115385	0.884615
#P-0.763314	0.000000	0.000000	0.881657	0.118343	0.881657
#P-0.757396	0.000000	0.000000	0.878698	0.121302	0.878698
#P-0.751479	0.000000	0.000000	0.875740	0.124260	0.875740
#P-0.745562	0.000000	0.000000	0.872781	0.127219	0.872781
#P-0.739645	0.000000	0.000000	0.869822	0.130178	0.869822
#P-0.733728	0.000000	0.000000	0.866864	0.133136	0.866864
#P-0.727811	0.000000	0.000000	0.863905	0.136095	0.863905
#P-0.721893	0.000000	0.000000	0.860947	0.139053	0.860947
#P-0.715976	0.000000	0.000000	0.857988	0.142012	0.857988
#P-0.710059	0.000000	0.000000	0.855030	0.144970	0.855030
#P-0.704142	0.000000	0.000000	0.852071	0.147929	0.852071
#P-0.698225	0.000000	0.000000	0.849112	0.150888	0.849112
#P-0.692308	0.000000	0.000000	0.846154	0.153846	0.846154
#P-0.686391	0.000000	0.000000	0.843195	0.156805	0.843195
#P-0.680473	0.000000	0.000000	0.840237	0.159763	0.840237
#P-0.674556	0.000000	0.000000	0.837278	0.162722	0.837278
#P-0.668639	0.000000	0.000000	0.834320	0.165680	0.834320
#P-0.662722	0.000000	0.000000	0.831361	0.168639	0.831361
#P-0.656805	0.000000	0.000000	0.828402	0.171598	0.828402
#P-0.650888	0.000000	0.000000	0.825444	0.174556	0.825444
#P-0.644970	0.000000	0.000000	0.822485	0.177515	0.822485
#P-0.639053	0.000000	0.000000	0.819527	0.180473	0.819527
#P-0.633136	0.000000	0.000000	0.816568	0.183432	0.816568
#P-0.627219	0.000000	0.000000	0.813609	0.186391	0.813609
#P-0.621302	0.000000	0.000000	0.810651	0.189349	0.810651
#P-0.615385	0.000000	0.000000	0.807692	0.192308	0.807692
#P-0.609467	0.000000	0.000000	0.804734	0.195266	0.804734
#P-0.603550	0.000000	0.000000	0.801775	0.198225	0.801775
#P-0.597633	0.000000	0.000000	0.798817	0.201183	0.798817
#P-0.591716	0.000000	0.000000	0.795858	0.204142	0.795858
#P-0.585799	0.000000	0.000000	0.792899	0.207101	0.792899
#P-0.579882	0.000000	0.000000	0.789941	0.210059	0.789941
#P-0.573964	0.000000	0.000000	0.786982	0.213018	0.786982
#P-0.568047	0.000000	0.000000	0.784024	0.215976	0.784024
#P-0.562130	0.000000	0.000000	0.781065	0.218935	0.781065
#P-0.556213	0.000000	0.000000	0.778107	0.221893	0.778107
#P-0.550296	0.000000	0.000000	0.775148	0.224852	0.775148
#P-0.544379	0.000000	0.000000	0.772189	0.227811	0.772189
#P-0.538462	0.000000	0.000000	0.769231	0.230769	0.769231
#P-0.532544	0.000000	0.000000	0.766272	0.233728	0.766272
#P-0.526627	0.000000	0.000000	0.763314	0.236686	0.763314
#P-0.520710	0.000000	0.000000	0.760355	0.239645	0.760355
#P-0.514793	0.000000	0.000000	0.757396	0.242604	0.757396
#P-0.508876	0.000000	0.000000	0.754438	0.245562	0.754438
#P-0.502959	0.000000	0.000000	0.751479	0.248521	0.751479
#P-0.497041	0.000000	0.000000	0.748521	0.251479	0.748521
#P-0.491124	0.000000	0.000000	0.745562	0.254438	0.745562
#P-0.485207	0.000000	0.000000	0.742604	0.257396	0.742604
#P-0.479290	0.000000	0.000000	0.739645	0.260355	0.739645
#P-0.473373	0.000000	0.000000	0.736686	0.263314	0.736686
#P-0.467456	0.000000	0.000000	0.733728	0.266272	0.733728
#P-0.461538	0.000000	0.000000	0.730769	0.269231	0.730769
#P-0.455621	0.000000	0.000000	0.727811	0.272189	0.727811
#P-0.449704	0.000000	0.000000	0.724852	0.275148	0.724852
#P-0.443787	0.000000	0.000000	0.721893	0.278107	0.721893
#P-0.437870	0.000000	0.000000	0.718935	0.281065	0.718935
#P-0.431953	0.000000	0.000000	0.715976	0.284024	0.715976
#P-0.426036	0.000000	0.000000	0.713018	0.286982	0.713018
#P-0.420118	0.000000	0.000000	0.710059	0.289941	0.710059
#P-0.414201	0.000000	0.000000	0.707101	0.292899	0.707101
#P-0.408284	0.000000	0.000000	0.704142	0.295858	0.704142
#P-0.402367	0.000000	0.000000	0.701183	0.298817	0.701183
#P-0.396450	0.000000	0.000000	0.698225	0.301775	0.698225
#P-0.390533	0.000000	0.000000	0.695266	0.304734	0.695266
#P-0.384615	0.000000	0.000000	0.692308	0.307692	0.692308
#P-0.378698	0.000000	0.000000	0.689349	0.310651	0.689349
#P-0.372781	0.000000	0.000000	0.686391	0.313609	0.686391
#P-0.366864	0.000000	0.000000	0.683432	0.316568	0.683432
#P-0.360947	0.000000	0.000000	0.680473	0.319527	0.680473
#P-0.355030	0.000000	0.000000	0.677515	0.322485	0.677515
#P-0.349112	0.000000	0.000000	0.674556	0.325444	0.674556
#P-0.343195	0.000000	0.000000	0.671598	0.328402	0.671598
#P-0.337278	0.000000	0.000000	0.668639	0.331361	0.668639
#P-0.331361	0.000000	0.000000	0.665680	0.334320	0.665680
#P-0.325444	0.000000	0.000000	0.662722	0.337278	0.662722
#P-0.319527	0.000000	0.000000	0.659763	0.340237	0.659763
#P-0.313609	0.000000	0.000000	0.656805	0.343195	0.656805
#P-0.307692	0.000000	0.000000	0.653846	0.346154	0.653846
#P-0.301775	0.000000	0.000000	0.650888	0.349112	0.650888
#P-0.295858	0.000000	0.000000	0.647929	0.352071	0.647929
#P-0.289941	0.000000	0.000000	0.644970	0.355030	0.644970
#P-0.284024	0.000000	0.000000	0.642012	0.357988	0.642012
#P-0.278107	0.000000	0.000000	0.639053	0.360947	0.639053
#P-0.272189	0.000000	0.000000	0.636095	0.363905	0.636095
#P-0.266272	0.000000	0.000000	0.633136	0.366864	0.633136
#P-0.260355	0.000000	0.000000	0.630178	0.369822	0.630178
#P-0.254438	0.000000	0.000000	0.627219	0.372781	0.627219
#P-0.248521	0.000000	0.000000	0.624260	0.375740	0.624260
#P-0.242604	0.000000	0.000000	0.621302	0.378698	0.621302
#P-0.236686	0.000000	0.000000	0.618343	0.381657	0.618343
#P-0.230769	0.000000	0.000000	0.615385	0.384615	0.615385
#P-0.224852	0.000000	0.000000	0.612426	0.387574	0.612426
#P-0.218935	0.000000	0.000000	0.609467	0.390533	0.609467
#P-0.213018	0.000000	0.000000	0.606509	0.393491	0.606509
#P-0.207101	0.000000	0.000000	0.603550	0.396450	0.603550
#P-0.201183	0.000000	0.000000	0.600592	0.399408	0.600592
#P-0.195266	0.000000	0.000000	0.597633	0.402367	0.597633
#P-0.189349	0.000000	0.000000	0.594675	0.405325	0.594675
#P-0.183432	0.000000	0.000000	0.591716	0.408284	0.591716
#P-0.177515	0.000000	0.000000	0.588757	0.411243	0.588757
#P-0.171598	0.000000	0.000000	0.585799	0.414201	0.585799
#P-0.165680	0.000000	0.000000	0.582840	0.417160	0.582840
#P-0.159763	0.000000	0.000000	0.579882	0.420118	0.579882
#P-0.153846	0.000000	0.000000	0.576923	0.423077	0.576923
#P-0.147929	0.000000	0.000000	0.573964	0.426036	0.573964
#P-0.142012	0.000000	0.000000	0.571006	0.428994	0.571006
#P-0.136095	0.000000	0.000000	0.568047	0.431953	0.568047
#P-0.130178	0.000000	0.000000	0.565089	0.434911	0.565089
#P-0.124260	0.000000	0.000000	0.562130	0.437870	0.562130
#P-0.118343	0.000000	0.000000	0.559172	0.440828	0.559172
#P-0.112426	0.000000	0.000000	0.556213	0.443787	0.556213
#P-0.106509	0.000000	0.000000	0.553254	0.446746	0.553254
#P-0.100592	0.000000	0.000000	0.550296	0.449704	0.550296
#P-0.094675	0.000000	0.000000	0.547337	0.452663	0.547337
#P-0.088757	0.000000	0.000000	0.544379	0.455621	0.544379
#P-0.082840	0.000000	0.000000	0.541420	0.458580	0.541420
#P-0.076923	0.000000	0.000000	0.538462	0.461538	0.538462
#P-0.071006	0.000000	0.000000	0.535503	0.464497	0.535503
#P-0.065089	0.000000	0.000000	0.532544	0.467456	0.532544
#P-0.059172	0.000000	0.000000	0.529586	0.470414	0.529586
#P-0.053254	0.000000	0.000000	0.526627	0.473373	0.526627
#P-0.047337	0.000000	0.000000	0.523669	0.476331	0.523669
#P-0.041420	0.000000	0.000000	0.520710	0.479290	0.520710
#P-0.035503	0.000000	0.000000	0.517751	0.482249	0.517751
#P-0.029586	0.000000	0.000000	0.514793	0.485207	0.514793
#P-0.023669	0.000000	0.000000	0.511834	0.488166	0.511834
#P-0.017751	0.000000	0.000000	0.508876	0.491124	0.508876
#P-0.011834	0.000000	0.000000	0.505917	0.494083	0.505917
#P-0.005917	0.000000	0.000000	0.502959	0.497041	0.502959
#P0.000000	0.000000	0.000000	0.500000	0.500000	0.500000
#P1.000000	0.000000	0.000000	0.000000	0.000000	1.000000
#P0.994083	0.000000	0.000000	0.002959	0.002959	0.997041
#P0.988166	0.000000	0.000000	0.005917	0.005917	0.994083
#P0.982249	0.000000	0.000000	0.008876	0.008876	0.991124
#P0.976331	0.000000	0.000000	0.011834	0.011834	0.988166
#P0.970414	0.000000	0.000000	0.014793	0.014793	0.985207
#P0.964497	0.000000	0.000000	0.017751	0.017751	0.982249
#P0.958580	0.000000	0.000000	0.020710	0.020710	0.979290
#P0.952663	0.000000	0.000000	0.023669	0.023669	0.976331
#P0.946746	0.000000	0.000000	0.026627	0.026627	0.973373
#P0.940828	0.000000	0.000000	0.029586	0.029586	0.970414
#P0.934911	0.000000	0.000000	0.032544	0.032544	0.967456
#P0.928994	0.000000	0.000000	0.035503	0.035503	0.964497
#P0.923077	0.000000	0.000000	0.038462	0.038462	0.961538
#P0.917160	0.000000	0.000000	0.041420	0.041420	0.958580
#P0.911243	0.000000	0.000000	0.044379	0.044379	0.955621
#P0.905325	0.000000	0.000000	0.047337	0.047337	0.952663
#P0.899408	0.000000	0.000000	0.050296	0.050296	0.949704
#P0.893491	0.000000	0.000000	0.053254	0.053254	0.946746
#P0.887574	0.000000	0.000000	0.056213	0.056213	0.943787
#P0.881657	0.000000	0.000000	0.059172	0.059172	0.940828
#P0.875740	0.000000	0.000000	0.062130	0.062130	0.937870
#P0.869822	0.000000	0.000000	0.065089	0.065089	0.934911
#P0.863905	0.000000	0.000000	0.068047	0.068047	0.931953
#P0.857988	0.000000	0.000000	0.071006	0.071006	0.928994
#P0.852071	0.000000	0.000000	0.073964	0.073964	0.926036
#P0.846154	0.000000	0.000000	0.076923	0.076923	0.923077
#P0.840237	0.000000	0.000000	0.079882	0.079882	0.920118
#P0.834320	0.000000	0.000000	0.082840	0.082840	0.917160
#P0.828402	0.000000	0.000000	0.085799	0.085799	0.914201
#P0.822485	0.000000	0.000000	0.088757	0.088757	0.911243
#P0.816568	0.000000	0.000000	0.091716	0.091716	0.908284
#P0.810651	0.000000	0.000000	0.094675	0.094675	0.905325
#P0.804734	0.000000	0.000000	0.097633	0.097633	0.902367
#P0.798817	0.000000	0.000000	0.100592	0.100592	0.899408
#P0.792899	0.000000	0.000000	0.103550	0.103550	0.896450
#P0.786982	0.000000	0.000000	0.106509	0.106509	0.893491
#P0.781065	0.000000	0.000000	0.109467	0.109467	0.890533
#P0.775148	0.000000	0.000000	0.112426	0.112426	0.887574
#P0.769231	0.000000	0.000000	0.115385	0.115385	0.884615
#P0.763314	0.000000	0.000000	0.118343	0.118343	0.881657
#P0.757396	0.000000	0.000000	0.121302	0.121302	0.878698
#P0.751479	0.000000	0.000000	0.124260	0.124260	0.875740
#P0.745562	0.000000	0.000000	0.127219	0.127219	0.872781
#P0.739645	0.000000	0.000000	0.130178	0.130178	0.869822
#P0.733728	0.000000	0.000000	0.133136	0.133136	0.866864
#P0.727811	0.000000	0.000000	0.136095	0.136095	0.863905
#P0.721893	0.000000	0.000000	0.139053	0.139053	0.860947
#P0.715976	0.000000	0.000000	0.142012	0.142012	0.857988
#P0.710059	0.000000	0.000000	0.144970	0.144970	0.855030
#P0.704142	0.000000	0.000000	0.147929	0.147929	0.852071
#P0.698225	0.000000	0.000000	0.150888	0.150888	0.849112
#P0.692308	0.000000	0.000000	0.153846	0.153846	0.846154
#P0.686391	0.000000	0.000000	0.156805	0.156805	0.843195
#P0.680473	0.000000	0.000000	0.159763	0.159763	0.840237
#P0.674556	0.000000	0.000000	0.162722	0.162722	0.837278
#P0.668639	0.000000	0.000000	0.165680	0.165680	0.834320
#P0.662722	0.000000	0.000000	0.168639	0.168639	0.831361
#P0.656805	0.000000	0.000000	0.171598	0.171598	0.828402
#P0.650888	0.000000	0.000000	0.174556	0.174556	0.825444
#P0.644970	0.000000	0.000000	0.177515	0.177515	0.822485
#P0.639053	0.000000	0.000000	0.180473	0.180473	0.819527
#P0.633136	0.000000	0.000000	0.183432	0.183432	0.816568
#P0.627219	0.000000	0.000000	0.186391	0.186391	0.813609
#P0.621302	0.000000	0.000000	0.189349	0.189349	0.810651
#P0.615385	0.000000	0.000000	0.192308	0.192308	0.807692
#P0.609467	0.000000	0.000000	0.195266	0.195266	0.804734
#P0.603550	0.000000	0.000000	0.198225	0.198225	0.801775
#P0.597633	0.000000	0.000000	0.201183	0.201183	0.798817
#P0.591716	0.000000	0.000000	0.204142	0.204142	0.795858
#P0.585799	0.000000	0.000000	0.207101	0.207101	0.792899
#P0.579882	0.000000	0.000000	0.210059	0.210059	0.789941
#P0.573964	0.000000	0.000000	0.213018	0.213018	0.786982
#P0.568047	0.000000	0.000000	0.215976	0.215976	0.784024
#P0.562130	0.000000	0.000000	0.218935	0.218935	0.781065
#P0.556213	0.000000	0.000000	0.221893	0.221893	0.778107
#P0.550296	0.000000	0.000000	0.224852	0.224852	0.775148
#P0.544379	0.000000	0.000000	0.227811	0.227811	0.772189
#P0.538462	0.000000	0.000000	0.230769	0.230769	0.769231
#P0.532544	0.000000	0.000000	0.233728	0.233728	0.766272
#P0.526627	0.000000	0.000000	0.236686	0.236686	0.763314
#P0.520710	0.000000	0.000000	0.239645	0.239645	0.760355
#P0.514793	0.000000	0.000000	0.242604	0.242604	0.757396
#P0.508876	0.000000	0.000000	0.245562	0.245562	0.754438
#P0.502959	0.000000	0.000000	0.248521	0.248521	0.751479
#P0.497041	0.000000	0.000000	0.251479	0.251479	0.748521
#P0.491124	0.000000	0.000000	0.254438	0.254438	0.745562
#P0.485207	0.000000	0.000000	0.257396	0.257396	0.742604
#P0.479290	0.000000	0.000000	0.260355	0.260355	0.739645
#P0.473373	0.000000	0.000000	0.263314	0.263314	0.736686
#P0.467456	0.000000	0.000000	0.266272	0.266272	0.733728
#P0.461538	0.000000	0.000000	0.269231	0.269231	0.730769
#P0.455621	0.000000	0.000000	0.272189	0.272189	0.727811
#P0.449704	0.000000	0.000000	0.275148	0.275148	0.724852
#P0.443787	0.000000	0.000000	0.278107	0.278107	0.721893
#P0.437870	0.000000	0.000000	0.281065	0.281065	0.718935
#P0.431953	0.000000	0.000000	0.284024	0.284024	0.715976
#P0.426036	0.000000	0.000000	0.286982	0.286982	0.713018
#P0.420118	0.000000	0.000000	0.289941	0.289941	0.710059
#P0.414201	0.000000	0.000000	0.292899	0.292899	0.707101
#P0.408284	0.000000	0.000000	0.295858	0.295858	0.704142
#P0.402367	0.000000	0.000000	0.298817	0.298817	0.701183
#P0.396450	0.000000	0.000000	0.301775	0.301775	0.698225
#P0.390533	0.000000	0.000000	0.304734	0.304734	0.695266
#P0.384615	0.000000	0.000000	0.307692	0.307692	0.692308
#P0.378698	0.000000	0.000000	0.310651	0.310651	0.689349
#P0.372781	0.000000	0.000000	0.313609	0.313609	0.686391
#P0.366864	0.000000	0.000000	0.316568	0.316568	0.683432
#P0.360947	0.000000	0.000000	0.319527	0.319527	0.680473
#P0.355030	0.000000	0.000000	0.322485	0.322485	0.677515
#P0.349112	0.000000	0.000000	0.325444	0.325444	0.674556
#P0.343195	0.000000	0.000000	0.328402	0.328402	0.671598
#P0.337278	0.000000	0.000000	0.331361	0.331361	0.668639
#P0.331361	0.000000	0.000000	0.334320	0.334320	0.665680
#P0.325444	0.000000	0.000000	0.337278	0.337278	0.662722
#P0.319527	0.000000	0.000000	0.340237	0.340237	0.659763
#P0.313609	0.000000	0.000000	0.343195	0.343195	0.656805
#P0.307692	0.000000	0.000000	0.346154	0.346154	0.653846
#P0.301775	0.000000	0.000000	0.349112	0.349112	0.650888
#P0.295858	0.000000	0.000000	0.352071	0.352071	0.647929
#P0.289941	0.000000	0.000000	0.355030	0.355030	0.644970
#P0.284024	0.000000	0.000000	0.357988	0.357988	0.642012
#P0.278107	0.000000	0.000000	0.360947	0.360947	0.639053
#P0.272189	0.000000	0.000000	0.363905	0.363905	0.636095
#P0.266272	0.000000	0.000000	0.366864	0.366864	0.633136
#P0.260355	0.000000	0.000000	0.369822	0.369822	0.630178
#P0.254438	0.000000	0.000000	0.372781	0.372781	0.627219
#P0.248521	0.000000	0.000000	0.375740	0.375740	0.624260
#P0.242604	0.000000	0.000000	0.378698	0.378698	0.621302
#P0.236686	0.000000	0.000000	0.381657	0.381657	0.618343
#P0.230769	0.000000	0.000000	0.384615	0.384615	0.615385
#P0.224852	0.000000	0.000000	0.387574	0.387574	0.612426
#P0.218935	0.000000	0.000000	0.390533	0.390533	0.609467
#P0.213018	0.000000	0.000000	0.393491	0.393491	0.606509
#P0.207101	0.000000	0.000000	0.396450	0.396450	0.603550
#P0.201183	0.000000	0.000000	0.399408	0.399408	0.600592
#P0.195266	0.000000	0.000000	0.402367	0.402367	0.597633
#P0.189349	0.000000	0.000000	0.405325	0.405325	0.594675
#P0.183432	0.000000	0.000000	0.408284	0.408284	0.591716
#P0.177515	0.000000	0.000000	0.411243	0.411243	0.588757
#P0.171598	0.000000	0.000000	0.414201	0.414201	0.585799
#P0.165680	0.000000	0.000000	0.417160	0.417160	0.582840
#P0.159763	0.000000	0.000000	0.420118	0.420118	0.579882
#P0.153846	0.000000	0.000000	0.423077	0.423077	0.576923
#P0.147929	0.000000	0.000000	0.426036	0.426036	0.573964
#P0.142012	0.000000	0.000000	0.428994	0.428994	0.571006
#P0.136095	0.000000	0.000000	0.431953	0.431953	0.568047
#P0.130178	0.000000	0.000000	0.434911	0.434911	0.565089
#P0.124260	0.000000	0.000000	0.437870	0.437870	0.562130
#P0.118343	0.000000	0.000000	0.440828	0.440828	0.559172
#P0.112426	0.000000	0.000000	0.443787	0.443787	0.556213
#P0.106509	0.000000	0.000000	0.446746	0.446746	0.553254
#P0.100592	0.000000	0.000000	0.449704	0.449704	0.550296
#P0.094675	0.000000	0.000000	0.452663	0.452663	0.547337
#P0.088757	0.000000	0.000000	0.455621	0.455621	0.544379
#P0.082840	0.000000	0.000000	0.458580	0.458580	0.541420
#P0.076923	0.000000	0.000000	0.461538	0.461538	0.538462
#P0.071006	0.000000	0.000000	0.464497	0.464497	0.535503
#P0.065089	0.000000	0.000000	0.467456	0.467456	0.532544
#P0.059172	0.000000	0.000000	0.470414	0.470414	0.529586
#P0.053254	0.000000	0.000000	0.473373	0.473373	0.526627
#P0.047337	0.000000	0.000000	0.476331	0.476331	0.523669
#P0.041420	0.000000	0.000000	0.479290	0.479290	0.520710
#P0.035503	0.000000	0.000000	0.482249	0.482249	0.517751
#P0.029586	0.000000	0.000000	0.485207	0.485207	0.514793
#P0.023669	0.000000	0.000000	0.488166	0.488166	0.511834
#P0.017751	0.000000	0.000000	0.491124	0.491124	0.508876
#P0.011834	0.000000	0.000000	0.494083	0.494083	0.505917
#P0.005917	0.000000	0.000000	0.497041	0.497041	0.502959
#P0.000000	0.000000	0.000000	0.500000	0.500000	0.500000
