#N1020
#P-1.000000	-1.000000	-1.000000	1.000000	0.000000	0.000000
#P-1.000000	-0.976190	-1.000000	1.000000	0.011905	0.011905
#P-1.000000	-0.952381	-1.000000	1.000000	0.023810	0.023810
#P-1.000000	-0.928571	-1.000000	1.000000	0.035714	0.035714
#P-1.000000	-0.904762	-1.000000	1.000000	0.047619	0.047619
#P-1.000000	-0.880952	-1.000000	1.000000	0.059524	0.059524
#P-1.000000	-0.857143	-1.000000	1.000000	0.071429	0.071429
#P-1.000000	-0.833333	-1.000000	1.000000	0.083333	0.083333
#P-1.000000	-0.809524	-1.000000	1.000000	0.095238	0.095238
#P-1.000000	-0.785714	-1.000000	1.000000	0.107143	0.107143
#P-1.000000	-0.761905	-1.000000	1.000000	0.119048	0.119048
#P-1.000000	-0.738095	-1.000000	1.000000	0.130952	0.130952
#P-1.000000	-0.714286	-1.000000	1.000000	0.142857	0.142857
#P-1.000000	-0.690476	-1.000000	1.000000	0.154762	0.154762
#P-1.000000	-0.666667	-1.000000	1.000000	0.166667	0.166667
#P-1.000000	-0.642857	-1.000000	1.000000	0.178571	0.178571
#P-1.000000	-0.619048	-1.000000	1.000000	0.190476	0.190476
#P-1.000000	-0.595238	-1.000000	1.000000	0.202381	0.202381
#P-1.000000	-0.571429	-1.000000	1.000000	0.214286	0.214286
#P-1.000000	-0.547619	-1.000000	1.000000	0.226190	0.226190
#P-1.000000	-0.523810	-1.000000	1.000000	0.238095	0.238095
#P-1.000000	-0.500000	-1.000000	1.000000	0.250000	0.250000
#P-1.000000	-0.476190	-1.000000	1.000000	0.261905	0.261905
#P-1.000000	-0.452381	-1.000000	1.000000	0.273810	0.273810
#P-1.000000	-0.428571	-1.000000	1.000000	0.285714	0.285714
#P-1.000000	-0.404762	-1.000000	1.000000	0.297619	0.297619
#P-1.000000	-0.380952	-1.000000	1.000000	0.309524	0.309524
#P-1.000000	-0.357143	-1.000000	1.000000	0.321429	0.321429
#P-1.000000	-0.333333	-1.000000	1.000000	0.333333	0.333333
#P-1.000000	-0.309524	-1.000000	1.000000	0.345238	0.345238
#P-1.000000	-0.285714	-1.000000	1.000000	0.357143	0.357143
#P-1.000000	-0.261905	-1.000000	1.000000	0.369048	0.369048
#P-1.000000	-0.238095	-1.000000	1.000000	0.380952	0.380952
#P-1.000000	-0.214286	-1.000000	1.000000	0.392857	0.392857
#P-1.000000	-0.190476	-1.000000	1.000000	0.404762	0.404762
#P-1.000000	-0.166667	-1.000000	1.000000	0.416667	0.416667
#P-1.000000	-0.142857	-1.000000	1.000000	0.428571	0.428571
#P-1.000000	-0.119048	-1.000000	1.000000	0.440476	0.440476
#P-1.000000	-0.095238	-1.000000	1.000000	0.452381	0.452381
#P-1.000000	-0.071429	-1.000000	1.000000	0.464286	0.464286
#P-1.000000	-0.047619	-1.000000	1.000000	0.476190	0.476190
#P-1.000000	-0.023810	-1.000000	1.000000	0.488095	0.488095
#P-1.000000	0.000000	-1.000000	1.000000	0.500000	0.500000
#P-1.000000	0.023810	-1.000000	1.000000	0.511905	0.511905
#P-1.000000	0.047619	-1.000000	1.000000	0.523810	0.523810
#P-1.000000	0.071429	-1.000000	1.000000	0.535714	0.535714
#P-1.000000	0.095238	-1.000000	1.000000	0.547619	0.547619
#P-1.000000	0.119048	-1.000000	1.000000	0.559524	0.559524
#P-1.000000	0.142857	-1.000000	1.000000	0.571429	0.571429
#P-1.000000	0.166667	-1.000000	1.000000	0.583333	0.583333
#P-1.000000	0.190476	-1.000000	1.000000	0.595238	0.595238
#P-1.000000	0.214286	-1.000000	1.000000	0.607143	0.607143
#P-1.000000	0.238095	-1.000000	1.000000	0.619048	0.619048
#P-1.000000	0.261905	-1.000000	1.000000	0.630952	0.630952
#P-1.000000	0.285714	-1.000000	1.000000	0.642857	0.642857
#P-1.000000	0.309524	-1.000000	1.000000	0.654762	0.654762
#P-1.000000	0.333333	-1.000000	1.000000	0.666667	0.666667
#P-1.000000	0.357143	-1.000000	1.000000	0.678571	0.678571
#P-1.000000	0.380952	-1.000000	1.000000	0.690476	0.690476
#P-1.000000	0.404762	-1.000000	1.000000	0.702381	0.702381
#P-1.000000	0.428571	-1.000000	1.000000	0.714286	0.714286
#P-1.000000	0.452381	-1.000000	1.000000	0.726190	0.726190
#P-1.000000	0.476190	-1.000000	1.000000	0.738095	0.738095
#P-1.000000	0.500000	-1.000000	1.000000	0.750000	0.750000
#P-1.000000	0.523810	-1.000000	1.000000	0.761905	0.761905
#P-1.000000	0.547619	-1.000000	1.000000	0.773810	0.773810
#P-1.000000	0.571429	-1.000000	1.000000	0.785714	0.785714
#P-1.000000	0.595238	-1.000000	1.000000	0.797619	0.797619
#P-1.000000	0.619048	-1.000000	1.000000	0.809524	0.809524
#P-1.000000	0.642857	-1.000000	1.000000	0.821429	0.821429
#P-1.000000	0.666667	-1.000000	1.000000	0.833333	0.833333
#P-1.000000	0.690476	-1.000000	1.000000	0.845238	0.845238
#P-1.000000	0.714286	-1.000000	1.000000	0.857143	0.857143
#P-1.000000	0.738095	-1.000000	1.000000	0.869048	0.869048
#P-1.000000	0.761905	-1.000000	1.000000	0.880952	0.880952
#P-1.000000	0.785714	-1.000000	1.000000	0.892857	0.892857
#P-1.000000	0.809524	-1.000000	1.000000	0.904762	0.904762
#P-1.000000	0.833333	-1.000000	1.000000	0.916667	0.916667
#P-1.000000	0.857143	-1.000000	1.000000	0.928571	0.928571
#P-1.000000	0.880952	-1.000000	1.000000	0.940476	0.940476
#P-1.000000	0.904762	-1.000000	1.000000	0.952381	0.952381
#P-1.000000	0.928571	-1.000000	1.000000	0.964286	0.964286
#P-1.000000	0.952381	-1.000000	1.000000	0.976190	0.976190
#P-1.000000	0.976190	-1.000000	1.000000	0.988095	0.988095
#P-1.000000	1.000000	-1.000000	1.000000	1.000000	1.000000
#P-1.000000	1.000000	-1.000000	1.000000	1.000000	1.000000
#P-0.976190	1.000000	-1.000000	0.988095	1.000000	0.988095
#P-0.952381	1.000000	-1.000000	0.976190	1.000000	0.976190
#P-0.928571	1.000000	-1.000000	0.964286	1.000000	0.964286
#P-0.904762	1.000000	-1.000000	0.952381	1.000000	0.952381
#P-0.880952	1.000000	-1.000000	0.940476	1.000000	0.940476
#P-0.857143	1.000000	-1.000000	0.928571	1.000000	0.928571
#P-0.833333	1.000000	-1.000000	0.916667	1.000000	0.916667
#P-0.809524	1.000000	-1.000000	0.904762	1.000000	0.904762
#P-0.785714	1.000000	-1.000000	0.892857	1.000000	0.892857
#P-0.761905	1.000000	-1.000000	0.880952	1.000000	0.880952
#P-0.738095	1.000000	-1.000000	0.869048	1.000000	0.869048
#P-0.714286	1.000000	-1.000000	0.857143	1.000000	0.857143
#P-0.690476	1.000000	-1.000000	0.845238	1.000000	0.845238
#P-0.666667	1.000000	-1.000000	0.833333	1.000000	0.833333
#P-0.642857	1.000000	-1.000000	0.821429	1.000000	0.821429
#P-0.619048	1.000000	-1.000000	0.809524	1.000000	0.809524
#P-0.595238	1.000000	-1.000000	0.797619	1.000000	0.797619
#P-0.571429	1.000000	-1.000000	0.785714	1.000000	0.785714
#P-0.547619	1.000000	-1.000000	0.773810	1.000000	0.773810
#P-0.523810	1.000000	-1.000000	0.761905	1.000000	0.761905
#P-0.500000	1.000000	-1.000000	0.750000	1.000000	0.750000
#P-0.476190	1.000000	-1.000000	0.738095	1.000000	0.738095
#P-0.452381	1.000000	-1.000000	0.726190	1.000000	0.726190
#P-0.428571	1.000000	-1.000000	0.714286	1.000000	0.714286
#P-0.404762	1.000000	-1.000000	0.702381	1.000000	0.702381
#P-0.380952	1.000000	-1.000000	0.690476	1.000000	0.690476
#P-0.357143	1.000000	-1.000000	0.678571	1.000000	0.678571
#P-0.333333	1.000000	-1.000000	0.666667	1.000000	0.666667
#P-0.309524	1.000000	-1.000000	0.654762	1.000000	0.654762
#P-0.285714	1.000000	-1.000000	0.642857	1.000000	0.642857
#P-0.261905	1.000000	-1.000000	0.630952	1.000000	0.630952
#P-0.238095	1.000000	-1.000000	0.619048	1.000000	0.619048
#P-0.214286	1.000000	-1.000000	0.607143	1.000000	0.607143
#P-0.190476	1.000000	-1.000000	0.595238	1.000000	0.595238
#P-0.166667	1.000000	-1.000000	0.583333	1.000000	0.583333
#P-0.142857	1.000000	-1.000000	0.571429	1.000000	0.571429
#P-0.119048	1.000000	-1.000000	0.559524	1.000000	0.559524
#P-0.095238	1.000000	-1.000000	0.547619	1.000000	0.547619
#P-0.071429	1.000000	-1.000000	0.535714	1.000000	0.535714
#P-0.047619	1.000000	-1.000000	0.523810	1.000000	0.523810
#P-0.023810	1.000000	-1.000000	0.511905	1.000000	0.511905
#P0.000000	1.000000	-1.000000	0.500000	1.000000	0.500000
#P0.023810	1.000000	-1.000000	0.488095	1.000000	0.488095
#P0.047619	1.000000	-1.000000	0.476190	1.000000	0.476190
#P0.071429	1.000000	-1.000000	0.464286	1.000000	0.464286
#P0.095238	1.000000	-1.000000	0.452381	1.000000	0.452381
#P0.119048	1.000000	-1.000000	0.440476	1.000000	0.440476
#P0.142857	1.000000	-1.000000	0.428571	1.000000	0.428571
#P0.166667	1.000000	-1.000000	0.416667	1.000000	0.416667
#P0.190476	1.000000	-1.000000	0.404762	1.000000	0.404762
#P0.214286	1.000000	-1.000000	0.392857	1.000000	0.392857
#P0.238095	1.000000	-1.000000	0.380952	1.000000	0.380952
#P0.261905	1.000000	-1.000000	0.369048	1.000000	0.369048
#P0.285714	1.000000	-1.000000	0.357143	1.000000	0.357143
#P0.309524	1.000000	-1.000000	0.345238	1.000000	0.345238
#P0.333333	1.000000	-1.000000	0.333333	1.000000	0.333333
#P0.357143	1.000000	-1.000000	0.321429	1.000000	0.321429
#P0.380952	1.000000	-1.000000	0.309524	1.000000	0.309524
#P0.404762	1.000000	-1.000000	0.297619	1.000000	0.297619
#P0.428571	1.000000	-1.000000	0.285714	1.000000	0.285714
#P0.452381	1.000000	-1.000000	0.273810	1.000000	0.273810
#P0.476190	1.000000	-1.000000	0.261905	1.000000	0.261905
#P0.500000	1.000000	-1.000000	0.250000	1.000000	0.250000
#P0.523810	1.000000	-1.000000	0.238095	1.000000	0.238095
#P0.547619	1.000000	-1.000000	0.226190	1.000000	0.226190
#P0.571429	1.000000	-1.000000	0.214286	1.000000	0.214286
#P0.595238	1.000000	-1.000000	0.202381	1.000000	0.202381
#P0.619048	1.000000	-1.000000	0.190476	1.000000	0.190476
#P0.642857	1.000000	-1.000000	0.178571	1.000000	0.178571
#P0.666667	1.000000	-1.000000	0.166667	1.000000	0.166667
#P0.690476	1.000000	-1.000000	0.154762	1.000000	0.154762
#P0.714286	1.000000	-1.000000	0.142857	1.000000	0.142857
#P0.738095	1.000000	-1.000000	0.130952	1.000000	0.130952
#P0.761905	1.000000	-1.000000	0.119048	1.000000	0.119048
#P0.785714	1.000000	-1.000000	0.107143	1.000000	0.107143
#P0.809524	1.000000	-1.000000	0.095238	1.000000	0.095238
#P0.833333	1.000000	-1.000000	0.083333	1.000000	0.083333
#P0.857143	1.000000	-1.000000	0.071429	1.000000	0.071429
#P0.880952	1.000000	-1.000000	0.059524	1.000000	0.059524
#P0.904762	1.000000	-1.000000	0.047619	1.000000	0.047619
#P0.928571	1.000000	-1.000000	0.035714	1.000000	0.035714
#P0.952381	1.000000	-1.000000	0.023810	1.000000	0.023810
#P0.976190	1.000000	-1.000000	0.011905	1.000000	0.011905
#P1.000000	1.000000	-1.000000	0.000000	1.000000	0.000000
#P1.000000	1.000000	-1.000000	0.000000	1.000000	0.000000
#P1.000000	0.976190	-1.000000	0.011905	1.000000	0.000000
#P1.000000	0.952381	-1.000000	0.023810	1.000000	0.000000
#P1.000000	0.928571	-1.000000	0.035714	1.000000	0.000000
#P1.000000	0.904762	-1.000000	0.047619	1.000000	0.000000
#P1.000000	0.880952	-1.000000	0.059524	1.000000	0.000000
#P1.000000	0.857143	-1.000000	0.071429	1.000000	0.000000
#P1.000000	0.833333	-1.000000	0.083333	1.000000	0.000000
#P1.000000	0.809524	-1.000000	0.095238	1.000000	0.000000
#P1.000000	0.785714	-1.000000	0.107143	1.000000	0.000000
#P1.000000	0.761905	-1.000000	0.119048	1.000000	0.000000
#P1.000000	0.738095	-1.000000	0.130952	1.000000	0.000000
#P1.000000	0.714286	-1.000000	0.142857	1.000000	0.000000
#P1.000000	0.690476	-1.000000	0.154762	1.000000	0.000000
#P1.000000	0.666667	-1.000000	0.166667	1.000000	0.000000
#P1.000000	0.642857	-1.000000	0.178571	1.000000	0.000000
#P1.000000	0.619048	-1.000000	0.190476	1.000000	0.000000
#P1.000000	0.595238	-1.000000	0.202381	1.000000	0.000000
#P1.000000	0.571429	-1.000000	0.214286	1.000000	0.000000
#P1.000000	0.547619	-1.000000	0.226190	1.000000	0.000000
#P1.000000	0.523810	-1.000000	0.238095	1.000000	0.000000
#P1.000000	0.500000	-1.000000	0.250000	1.000000	0.000000
#P1.000000	0.476190	-1.000000	0.261905	1.000000	0.000000
#P1.000000	0.452381	-1.000000	0.273810	1.000000	0.000000
#P1.000000	0.428571	-1.000000	0.285714	1.000000	0.000000
#P1.000000	0.404762	-1.000000	0.297619	1.000000	0.000000
#P1.000000	0.380952	-1.000000	0.309524	1.000000	0.000000
#P1.000000	0.357143	-1.000000	0.321429	1.000000	0.000000
#P1.000000	0.333333	-1.000000	0.333333	1.000000	0.000000
#P1.000000	0.309524	-1.000000	0.345238	1.000000	0.000000
#P1.000000	0.285714	-1.000000	0.357143	1.000000	0.000000
#P1.000000	0.261905	-1.000000	0.369048	1.000000	0.000000
#P1.000000	0.238095	-1.000000	0.380952	1.000000	0.000000
#P1.000000	0.214286	-1.000000	0.392857	1.000000	0.000000
#P1.000000	0.190476	-1.000000	0.404762	1.000000	0.000000
#P1.000000	0.166667	-1.000000	0.416667	1.000000	0.000000
#P1.000000	0.142857	-1.000000	0.428571	1.000000	0.000000
#P1.000000	0.119048	-1.000000	0.440476	1.000000	0.000000
#P1.000000	0.095238	-1.000000	0.452381	1.000000	0.000000
#P1.000000	0.071429	-1.000000	0.464286	1.000000	0.000000
#P1.000000	0.047619	-1.000000	0.476190	1.000000	0.000000
#P1.000000	0.023810	-1.000000	0.488095	1.000000	0.000000
#P1.000000	0.000000	-1.000000	0.500000	1.000000	0.000000
#P1.000000	-0.023810	-1.000000	0.511905	1.000000	0.000000
#P1.000000	-0.047619	-1.000000	0.523810	1.000000	0.000000
#P1.000000	-0.071429	-1.000000	0.535714	1.000000	0.000000
#P1.000000	-0.095238	-1.000000	0.547619	1.000000	0.000000
#P1.000000	-0.119048	-1.000000	0.559524	1.000000	0.000000
#P1.000000	-0.142857	-1.000000	0.571429	1.000000	0.000000
#P1.000000	-0.166667	-1.000000	0.583333	1.000000	0.000000
#P1.000000	-0.190476	-1.000000	0.595238	1.000000	0.000000
#P1.000000	-0.214286	-1.000000	0.607143	1.000000	0.000000
#P1.000000	-0.238095	-1.000000	0.619048	1.000000	0.000000
#P1.000000	-0.261905	-1.000000	0.630952	1.000000	0.000000
#P1.000000	-0.285714	-1.000000	0.642857	1.000000	0.000000
#P1.000000	-0.309524	-1.000000	0.654762	1.000000	0.000000
#P1.000000	-0.333333	-1.000000	0.666667	1.000000	0.000000
#P1.000000	-0.357143	-1.000000	0.678571	1.000000	0.000000
#P1.000000	-0.380952	-1.000000	0.690476	1.000000	0.000000
#P1.000000	-0.404762	-1.000000	0.702381	1.000000	0.000000
#P1.000000	-0.428571	-1.000000	0.714286	1.000000	0.000000
#P1.000000	-0.452381	-1.000000	0.726190	1.000000	0.000000
#P1.000000	-0.476190	-1.000000	0.738095	1.000000	0.000000
#P1.000000	-0.500000	-1.000000	0.750000	1.000000	0.000000
#P1.000000	-0.523810	-1.000000	0.761905	1.000000	0.000000
#P1.000000	-0.547619	-1.000000	0.773810	1.000000	0.000000
#P1.000000	-0.571429	-1.000000	0.785714	1.000000	0.000000
#P1.000000	-0.595238	-1.000000	0.797619	1.000000	0.000000
#P1.000000	-0.619048	-1.000000	0.809524	1.000000	0.000000
#P1.000000	-0.642857	-1.000000	0.821429	1.000000	0.000000
#P1.000000	-0.666667	-1.000000	0.833333	1.000000	0.000000
#P1.000000	-0.690476	-1.000000	0.845238	1.000000	0.000000
#P1.000000	-0.714286	-1.000000	0.857143	1.000000	0.000000
#P1.000000	-0.738095	-1.000000	0.869048	1.000000	0.000000
#P1.000000	-0.761905	-1.000000	0.880952	1.000000	0.000000
#P1.000000	-0.785714	-1.000000	0.892857	1.000000	0.000000
#P1.000000	-0.809524	-1.000000	0.904762	1.000000	0.000000
#P1.000000	-0.833333	-1.000000	0.916667	1.000000	0.000000
#P1.000000	-0.857143	-1.000000	0.928571	1.000000	0.000000
#P1.000000	-0.880952	-1.000000	0.940476	1.000000	0.000000
#P1.000000	-0.904762	-1.000000	0.952381	1.000000	0.000000
#P1.000000	-0.928571	-1.000000	0.964286	1.000000	0.000000
#P1.000000	-0.952381	-1.000000	0.976190	1.000000	0.000000
#P1.000000	-0.976190	-1.000000	0.988095	1.000000	0.000000
#P1.000000	-1.000000	-1.000000	1.000000	1.000000	0.000000
#P1.000000	-1.000000	-1.000000	1.000000	1.000000	0.000000
#P0.976190	-1.000000	-1.000000	1.000000	0.988095	0.000000
#P0.952381	-1.000000	-1.000000	1.000000	0.976190	0.000000
#P0.928571	-1.000000	-1.000000	1.000000	0.964286	0.000000
#P0.904762	-1.000000	-1.000000	1.000000	0.952381	0.000000
#P0.880952	-1.000000	-1.000000	1.000000	0.940476	0.000000
#P0.857143	-1.000000	-1.000000	1.000000	0.928571	0.000000
#P0.833333	-1.000000	-1.000000	1.000000	0.916667	0.000000
#P0.809524	-1.000000	-1.000000	1.000000	0.904762	0.000000
#P0.785714	-1.000000	-1.000000	1.000000	0.892857	0.000000
#P0.761905	-1.000000	-1.000000	1.000000	0.880952	0.000000
#P0.738095	-1.000000	-1.000000	1.000000	0.869048	0.000000
#P0.714286	-1.000000	-1.000000	1.000000	0.857143	0.000000
#P0.690476	-1.000000	-1.000000	1.000000	0.845238	0.000000
#P0.666667	-1.000000	-1.000000	1.000000	0.833333	0.000000
#P0.642857	-1.000000	-1.000000	1.000000	0.821429	0.000000
#P0.619048	-1.000000	-1.000000	1.000000	0.809524	0.000000
#P0.595238	-1.000000	-1.000000	1.000000	0.797619	0.000000
#P0.571429	-1.000000	-1.000000	1.000000	0.785714	0.000000
#P0.547619	-1.000000	-1.000000	1.000000	0.773810	0.000000
#P0.523810	-1.000000	-1.000000	1.000000	0.761905	0.000000
#P0.500000	-1.000000	-1.000000	1.000000	0.750000	0.000000
#P0.476190	-1.000000	-1.000000	1.000000	0.738095	0.000000
#P0.452381	-1.000000	-1.000000	1.000000	0.726190	0.000000
#P0.428571	-1.000000	-1.000000	1.000000	0.714286	0.000000
#P0.404762	-1.000000	-1.000000	1.000000	0.702381	0.000000
#P0.380952	-1.000000	-1.000000	1.000000	0.690476	0.000000
#P0.357143	-1.000000	-1.000000	1.000000	0.678571	0.000000
#P0.333333	-1.000000	-1.000000	1.000000	0.666667	0.000000
#P0.309524	-1.000000	-1.000000	1.000000	0.654762	0.000000
#P0.285714	-1.000000	-1.000000	1.000000	0.642857	0.000000
#P0.261905	-1.000000	-1.000000	1.000000	0.630952	0.000000
#P0.238095	-1.000000	-1.000000	1.000000	0.619048	0.000000
#P0.214286	-1.000000	-1.000000	1.000000	0.607143	0.000000
#P0.190476	-1.000000	-1.000000	1.000000	0.595238	0.000000
#P0.166667	-1.000000	-1.000000	1.000000	0.583333	0.000000
#P0.142857	-1.000000	-1.000000	1.000000	0.571429	0.000000
#P0.119048	-1.000000	-1.000000	1.000000	0.559524	0.000000
#P0.095238	-1.000000	-1.000000	1.000000	0.547619	0.000000
#P0.071429	-1.000000	-1.000000	1.000000	0.535714	0.000000
#P0.047619	-1.000000	-1.000000	1.000000	0.523810	0.000000
#P0.023810	-1.000000	-1.000000	1.000000	0.511905	0.000000
#P0.000000	-1.000000	-1.000000	1.000000	0.500000	0.000000
#P-0.023810	-1.000000	-1.000000	1.000000	0.488095	0.000000
#P-0.047619	-1.000000	-1.000000	1.000000	0.476190	0.000000
#P-0.071429	-1.000000	-1.000000	1.000000	0.464286	0.000000
#P-0.095238	-1.000000	-1.000000	1.000000	0.452381	0.000000
#P-0.119048	-1.000000	-1.000000	1.000000	0.440476	0.000000
#P-0.142857	-1.000000	-1.000000	1.000000	0.428571	0.000000
#P-0.166667	-1.000000	-1.000000	1.000000	0.416667	0.000000
#P-0.190476	-1.000000	-1.000000	1.000000	0.404762	0.000000
#P-0.214286	-1.000000	-1.000000	1.000000	0.392857	0.000000
#P-0.238095	-1.000000	-1.000000	1.000000	0.380952	0.000000
#P-0.261905	-1.000000	-1.000000	1.000000	0.369048	0.000000
#P-0.285714	-1.000000	-1.000000	1.000000	0.357143	0.000000
#P-0.309524	-1.000000	-1.000000	1.000000	0.345238	0.000000
#P-0.333333	-1.000000	-1.000000	1.000000	0.333333	0.000000
#P-0.357143	-1.000000	-1.000000	1.000000	0.321429	0.000000
#P-0.380952	-1.000000	-1.000000	1.000000	0.309524	0.000000
#P-0.404762	-1.000000	-1.000000	1.000000	0.297619	0.000000
#P-0.428571	-1.000000	-1.000000	1.000000	0.285714	0.000000
#P-0.452381	-1.000000	-1.000000	1.000000	0.273810	0.000000
#P-0.476190	-1.000000	-1.000000	1.000000	0.261905	0.000000
#P-0.500000	-1.000000	-1.000000	1.000000	0.250000	0.000000
#P-0.523810	-1.000000	-1.000000	1.000000	0.238095	0.000000
#P-0.547619	-1.000000	-1.000000	1.000000	0.226190	0.000000
#P-0.571429	-1.000000	-1.000000	1.000000	0.214286	0.000000
#P-0.595238	-1.000000	-1.000000	1.000000	0.202381	0.000000
#P-0.619048	-1.000000	-1.000000	1.000000	0.190476	0.000000
#P-0.642857	-1.000000	-1.000000	1.000000	0.178571	0.000000
#P-0.666667	-1.000000	-1.000000	1.000000	0.166667	0.000000
#P-0.690476	-1.000000	-1.000000	1.000000	0.154762	0.000000
#P-0.714286	-1.000000	-1.000000	1.000000	0.142857	0.000000
#P-0.738095	-1.000000	-1.000000	1.000000	0.130952	0.000000
#P-0.761905	-1.000000	-1.000000	1.000000	0.119048	0.000000
#P-0.785714	-1.000000	-1.000000	1.000000	0.107143	0.000000
#P-0.809524	-1.000000	-1.000000	1.000000	0.095238	0.000000
#P-0.833333	-1.000000	-1.000000	1.000000	0.083333	0.000000
#P-0.857143	-1.000000	-1.000000	1.000000	0.071429	0.000000
#P-0.880952	-1.000000	-1.000000	1.000000	0.059524	0.000000
#P-0.904762	-1.000000	-1.000000	1.000000	0.047619	0.000000
#P-0.928571	-1.000000	-1.000000	1.000000	0.035714	0.000000
#P-0.952381	-1.000000	-1.000000	1.000000	0.023810	0.000000
#P-0.976190	-1.000000	-1.000000	1.000000	0.011905	0.000000
#P-1.000000	-1.000000	-1.000000	1.000000	0.000000	0.000000
#P-1.000000	-1.000000	1.000000	1.000000	0.000000	1.000000
#P-1.000000	-0.976190	1.000000	0.988095	0.000000	1.000000
#P-1.000000	-0.952381	1.000000	0.976190	0.000000	1.000000
#P-1.000000	-0.928571	1.000000	0.964286	0.000000	1.000000
#P-1.000000	-0.904762	1.000000	0.952381	0.000000	1.000000
#P-1.000000	-0.880952	1.000000	0.940476	0.000000	1.000000
#P-1.000000	-0.857143	1.000000	0.928571	0.000000	1.000000
#P-1.000000	-0.833333	1.000000	0.916667	0.000000	1.000000
#P-1.000000	-0.809524	1.000000	0.904762	0.000000	1.000000
#P-1.000000	-0.785714	1.000000	0.892857	0.000000	1.000000
#P-1.000000	-0.761905	1.000000	0.880952	0.000000	1.000000
#P-1.000000	-0.738095	1.000000	0.869048	0.000000	1.000000
#P-1.000000	-0.714286	1.000000	0.857143	0.000000	1.000000
#P-1.000000	-0.690476	1.000000	0.845238	0.000000	1.000000
#P-1.000000	-0.666667	1.000000	0.833333	0.000000	1.000000
#P-1.000000	-0.642857	1.000000	0.821429	0.000000	1.000000
#P-1.000000	-0.619048	1.000000	0.809524	0.000000	1.000000
#P-1.000000	-0.595238	1.000000	0.797619	0.000000	1.000000
#P-1.000000	-0.571429	1.000000	0.785714	0.000000	1.000000
#P-1.000000	-0.547619	1.000000	0.773810	0.000000	1.000000
#P-1.000000	-0.523810	1.000000	0.761905	0.000000	1.000000
#P-1.000000	-0.500000	1.000000	0.750000	0.000000	1.000000
#P-1.000000	-0.476190	1.000000	0.738095	0.000000	1.000000
#P-1.000000	-0.452381	1.000000	0.726190	0.000000	1.000000
#P-1.000000	-0.428571	1.000000	0.714286	0.000000	1.000000
#P-1.000000	-0.404762	1.000000	0.702381	0.000000	1.000000
#P-1.000000	-0.380952	1.000000	0.690476	0.000000	1.000000
#P-1.000000	-0.357143	1.000000	0.678571	0.000000	1.000000
#P-1.000000	-0.333333	1.000000	0.666667	0.000000	1.000000
#P-1.000000	-0.309524	1.000000	0.654762	0.000000	1.000000
#P-1.000000	-0.285714	1.000000	0.642857	0.000000	1.000000
#P-1.000000	-0.261905	1.000000	0.630952	0.000000	1.000000
#P-1.000000	-0.238095	1.000000	0.619048	0.000000	1.000000
#P-1.000000	-0.214286	1.000000	0.607143	0.000000	1.000000
#P-1.000000	-0.190476	1.000000	0.595238	0.000000	1.000000
#P-1.000000	-0.166667	1.000000	0.583333	0.000000	1.000000
#P-1.000000	-0.142857	1.000000	0.571429	0.000000	1.000000
#P-1.000000	-0.119048	1.000000	0.559524	0.000000	1.000000
#P-1.000000	-0.095238	1.000000	0.547619	0.000000	1.000000
#P-1.000000	-0.071429	1.000000	0.535714	0.000000	1.000000
#P-1.000000	-0.047619	1.000000	0.523810	0.000000	1.000000
#P-1.000000	-0.023810	1.000000	0.511905	0.000000	1.000000
#P-1.000000	0.000000	1.000000	0.500000	0.000000	1.000000
#P-1.000000	0.023810	1.000000	0.488095	0.000000	1.000000
#P-1.000000	0.047619	1.000000	0.476190	0.000000	1.000000
#P-1.000000	0.071429	1.000000	0.464286	0.000000	1.000000
#P-1.000000	0.095238	1.000000	0.452381	0.000000	1.000000
#P-1.000000	0.119048	1.000000	0.440476	0.000000	1.000000
#P-1.000000	0.142857	1.000000	0.428571	0.000000	1.000000
#P-1.000000	0.166667	1.000000	0.416667	0.000000	1.000000
#P-1.000000	0.190476	1.000000	0.404762	0.000000	1.000000
#P-1.000000	0.214286	1.000000	0.392857	0.000000	1.000000
#P-1.000000	0.238095	1.000000	0.380952	0.000000	1.000000
#P-1.000000	0.261905	1.000000	0.369048	0.000000	1.000000
#P-1.000000	0.285714	1.000000	0.357143	0.000000	1.000000
#P-1.000000	0.309524	1.000000	0.345238	0.000000	1.000000
#P-1.000000	0.333333	1.000000	0.333333	0.000000	1.000000
#P-1.000000	0.357143	1.000000	0.321429	0.000000	1.000000
#P-1.000000	0.380952	1.000000	0.309524	0.000000	1.000000
#P-1.000000	0.404762	1.000000	0.297619	0.000000	1.000000
#P-1.000000	0.428571	1.000000	0.285714	0.000000	1.000000
#P-1.000000	0.452381	1.000000	0.273810	0.000000	1.000000
#P-1.000000	0.476190	1.000000	0.261905	0.000000	1.000000
#P-1.000000	0.500000	1.000000	0.250000	0.000000	1.000000
#P-1.000000	0.523810	1.000000	0.238095	0.000000	1.000000
#P-1.000000	0.547619	1.000000	0.226190	0.000000	1.000000
#P-1.000000	0.571429	1.000000	0.214286	0.000000	1.000000
#P-1.000000	0.595238	1.000000	0.202381	0.000000	1.000000
#P-1.000000	0.619048	1.000000	0.190476	0.000000	1.000000
#P-1.000000	0.642857	1.000000	0.178571	0.000000	1.000000
#P-1.000000	0.666667	1.000000	0.166667	0.000000	1.000000
#P-1.000000	0.690476	1.000000	0.154762	0.000000	1.000000
#P-1.000000	0.714286	1.000000	0.142857	0.000000	1.000000
#P-1.000000	0.738095	1.000000	0.130952	0.000000	1.000000
#P-1.000000	0.761905	1.000000	0.119048	0.000000	1.000000
#P-1.000000	0.785714	1.000000	0.107143	0.000000	1.000000
#P-1.000000	0.809524	1.000000	0.095238	0.000000	1.000000
#P-1.000000	0.833333	1.000000	0.083333	0.000000	1.000000
#P-1.000000	0.857143	1.000000	0.071429	0.000000	1.000000
#P-1.000000	0.880952	1.000000	0.059524	0.000000	1.000000
#P-1.000000	0.904762	1.000000	0.047619	0.000000	1.000000
#P-1.000000	0.928571	1.000000	0.035714	0.000000	1.000000
#P-1.000000	0.952381	1.000000	0.023810	0.000000	1.000000
#P-1.000000	0.976190	1.000000	0.011905	0.000000	1.000000
#P-1.000000	1.000000	1.000000	0.000000	0.000000	1.000000
#P-1.000000	1.000000	1.000000	0.000000	0.000000	1.000000
#P-0.976190	1.000000	1.000000	0.000000	0.011905	1.000000
#P-0.952381	1.000000	1.000000	0.000000	0.023810	1.000000
#P-0.928571	1.000000	1.000000	0.000000	0.035714	1.000000
#P-0.904762	1.000000	1.000000	0.000000	0.047619	1.000000
#P-0.880952	1.000000	1.000000	0.000000	0.059524	1.000000
#P-0.857143	1.000000	1.000000	0.000000	0.071429	1.000000
#P-0.833333	1.000000	1.000000	0.000000	0.083333	1.000000
#P-0.809524	1.000000	1.000000	0.000000	0.095238	1.000000
#P-0.785714	1.000000	1.000000	0.000000	0.107143	1.000000
#P-0.761905	1.000000	1.000000	0.000000	0.119048	1.000000
#P-0.738095	1.000000	1.000000	0.000000	0.130952	1.000000
#P-0.714286	1.000000	1.000000	0.000000	0.142857	1.000000
#P-0.690476	1.000000	1.000000	0.000000	0.154762	1.000000
#P-0.666667	1.000000	1.000000	0.000000	0.166667	1.000000
#P-0.642857	1.000000	1.000000	0.000000	0.178571	1.000000
#P-0.619048	1.000000	1.000000	0.000000	0.190476	1.000000
#P-0.595238	1.000000	1.000000	0.000000	0.202381	1.000000
#P-0.571429	1.000000	1.000000	0.000000	0.214286	1.000000
#P-0.547619	1.000000	1.000000	0.000000	0.226190	1.000000
#P-0.523810	1.000000	1.000000	0.000000	0.238095	1.000000
#P-0.500000	1.000000	1.000000	0.000000	0.250000	1.000000
#P-0.476190	1.000000	1.000000	0.000000	0.261905	1.000000
#P-0.452381	1.000000	1.000000	0.000000	0.273810	1.000000
#P-0.428571	1.000000	1.000000	0.000000	0.285714	1.000000
#P-0.404762	1.000000	1.000000	0.000000	0.297619	1.000000
#P-0.380952	1.000000	1.000000	0.000000	0.309524	1.000000
#P-0.357143	1.000000	1.000000	0.000000	0.321429	1.000000
#P-0.333333	1.000000	1.000000	0.000000	0.333333	1.000000
#P-0.309524	1.000000	1.000000	0.000000	0.345238	1.000000
#P-0.285714	1.000000	1.000000	0.000000	0.357143	1.000000
#P-0.261905	1.000000	1.000000	0.000000	0.369048	1.000000
#P-0.238095	1.000000	1.000000	0.000000	0.380952	1.000000
#P-0.214286	1.000000	1.000000	0.000000	0.392857	1.000000
#P-0.190476	1.000000	1.000000	0.000000	0.404762	1.000000
#P-0.166667	1.000000	1.000000	0.000000	0.416667	1.000000
#P-0.142857	1.000000	1.000000	0.000000	0.428571	1.000000
#P-0.119048	1.000000	1.000000	0.000000	0.440476	1.000000
#P-0.095238	1.000000	1.000000	0.000000	0.452381	1.000000
#P-0.071429	1.000000	1.000000	0.000000	0.464286	1.000000
#P-0.047619	1.000000	1.000000	0.000000	0.476190	1.000000
#P-0.023810	1.000000	1.000000	0.000000	0.488095	1.000000
#P0.000000	1.000000	1.000000	0.000000	0.500000	1.000000
#P0.023810	1.000000	1.000000	0.000000	0.511905	1.000000
#P0.047619	1.000000	1.000000	0.000000	0.523810	1.000000
#P0.071429	1.000000	1.000000	0.000000	0.535714	1.000000
#P0.095238	1.000000	1.000000	0.000000	0.547619	1.000000
#P0.119048	1.000000	1.000000	0.000000	0.559524	1.000000
#P0.142857	1.000000	1.000000	0.000000	0.571429	1.000000
#P0.166667	1.000000	1.000000	0.000000	0.583333	1.000000
#P0.190476	1.000000	1.000000	0.000000	0.595238	1.000000
#P0.214286	1.000000	1.000000	0.000000	0.607143	1.000000
#P0.238095	1.000000	1.000000	0.000000	0.619048	1.000000
#P0.261905	1.000000	1.000000	0.000000	0.630952	1.000000
#P0.285714	1.000000	1.000000	0.000000	0.642857	1.000000
#P0.309524	1.000000	1.000000	0.000000	0.654762	1.000000
#P0.333333	1.000000	1.000000	0.000000	0.666667	1.000000
#P0.357143	1.000000	1.000000	0.000000	0.678571	1.000000
#P0.380952	1.000000	1.000000	0.000000	0.690476	1.000000
#P0.404762	1.000000	1.000000	0.000000	0.702381	1.000000
#P0.428571	1.000000	1.000000	0.000000	0.714286	1.000000
#P0.452381	1.000000	1.000000	0.000000	0.726190	1.000000
#P0.476190	1.000000	1.000000	0.000000	0.738095	1.000000
#P0.500000	1.000000	1.000000	0.000000	0.750000	1.000000
#P0.523810	1.000000	1.000000	0.000000	0.761905	1.000000
#P0.547619	1.000000	1.000000	0.000000	0.773810	1.000000
#P0.571429	1.000000	1.000000	0.000000	0.785714	1.000000
#P0.595238	1.000000	1.000000	0.000000	0.797619	1.000000
#P0.619048	1.000000	1.000000	0.000000	0.809524	1.000000
#P0.642857	1.000000	1.000000	0.000000	0.821429	1.000000
#P0.666667	1.000000	1.000000	0.000000	0.833333	1.000000
#P0.690476	1.000000	1.000000	0.000000	0.845238	1.000000
#P0.714286	1.000000	1.000000	0.000000	0.857143	1.000000
#P0.738095	1.000000	1.000000	0.000000	0.869048	1.000000
#P0.761905	1.000000	1.000000	0.000000	0.880952	1.000000
#P0.785714	1.000000	1.000000	0.000000	0.892857	1.000000
#P0.809524	1.000000	1.000000	0.000000	0.904762	1.000000
#P0.833333	1.000000	1.000000	0.000000	0.916667	1.000000
#P0.857143	1.000000	1.000000	0.000000	0.928571	1.000000
#P0.880952	1.000000	1.000000	0.000000	0.940476	1.000000
#P0.904762	1.000000	1.000000	0.000000	0.952381	1.000000
#P0.928571	1.000000	1.000000	0.000000	0.964286	1.000000
#P0.952381	1.000000	1.000000	0.000000	0.976190	1.000000
#P0.976190	1.000000	1.000000	0.000000	0.988095	1.000000
#P1.000000	1.000000	1.000000	0.000000	1.000000	1.000000
#P1.000000	1.000000	1.000000	0.000000	1.000000	1.000000
#P1.000000	0.976190	1.000000	0.011071	0.996071	0.988929
#P1.000000	0.952381	1.000000	0.022143	0.992143	0.977857
#P1.000000	0.928571	1.000000	0.033214	0.988214	0.966786
#P1.000000	0.904762	1.000000	0.044286	0.984286	0.955714
#P1.000000	0.880952	1.000000	0.055357	0.980357	0.944643
#P1.000000	0.857143	1.000000	0.066429	0.976429	0.933571
#P1.000000	0.833333	1.000000	0.077500	0.972500	0.922500
#P1.000000	0.809524	1.000000	0.088571	0.968571	0.911429
#P1.000000	0.785714	1.000000	0.099643	0.964643	0.900357
#P1.000000	0.761905	1.000000	0.110714	0.960714	0.889286
#P1.000000	0.738095	1.000000	0.121786	0.956786	0.878214
#P1.000000	0.714286	1.000000	0.132857	0.952857	0.867143
#P1.000000	0.690476	1.000000	0.143929	0.948929	0.856071
#P1.000000	0.666667	1.000000	0.155000	0.945000	0.845000
#P1.000000	0.642857	1.000000	0.166071	0.941071	0.833929
#P1.000000	0.619048	1.000000	0.177143	0.937143	0.822857
#P1.000000	0.595238	1.000000	0.188214	0.933214	0.811786
#P1.000000	0.571429	1.000000	0.199286	0.929286	0.800714
#P1.000000	0.547619	1.000000	0.210357	0.925357	0.789643
#P1.000000	0.523810	1.000000	0.221429	0.921429	0.778571
#P1.000000	0.500000	1.000000	0.232500	0.917500	0.767500
#P1.000000	0.476190	1.000000	0.243571	0.913571	0.756429
#P1.000000	0.452381	1.000000	0.254643	0.909643	0.745357
#P1.000000	0.428571	1.000000	0.265714	0.905714	0.734286
#P1.000000	0.404762	1.000000	0.276786	0.901786	0.723214
#P1.000000	0.380952	1.000000	0.287857	0.897857	0.712143
#P1.000000	0.357143	1.000000	0.298929	0.893929	0.701071
#P1.000000	0.333333	1.000000	0.310000	0.890000	0.690000
#P1.000000	0.309524	1.000000	0.321071	0.886071	0.678929
#P1.000000	0.285714	1.000000	0.332143	0.882143	0.667857
#P1.000000	0.261905	1.000000	0.343214	0.878214	0.656786
#P1.000000	0.238095	1.000000	0.354286	0.874286	0.645714
#P1.000000	0.214286	1.000000	0.365357	0.870357	0.634643
#P1.000000	0.190476	1.000000	0.376429	0.866429	0.623571
#P1.000000	0.166667	1.000000	0.387500	0.862500	0.612500
#P1.000000	0.142857	1.000000	0.398571	0.858571	0.601429
#P1.000000	0.119048	1.000000	0.409643	0.854643	0.590357
#P1.000000	0.095238	1.000000	0.420714	0.850714	0.579286
#P1.000000	0.071429	1.000000	0.431786	0.846786	0.568214
#P1.000000	0.047619	1.000000	0.442857	0.842857	0.557143
#P1.000000	0.023810	1.000000	0.453929	0.838929	0.546071
#P1.000000	0.000000	1.000000	0.465000	0.835000	0.535000
#P1.000000	-0.023810	1.000000	0.476071	0.831071	0.523929
#P1.000000	-0.047619	1.000000	0.487143	0.827143	0.512857
#P1.000000	-0.071429	1.000000	0.498214	0.823214	0.501786
#P1.000000	-0.095238	1.000000	0.509286	0.819286	0.490714
#P1.000000	-0.119048	1.000000	0.520357	0.815357	0.479643
#P1.000000	-0.142857	1.000000	0.531429	0.811429	0.468571
#P1.000000	-0.166667	1.000000	0.542500	0.807500	0.457500
#P1.000000	-0.190476	1.000000	0.553571	0.803571	0.446429
#P1.000000	-0.214286	1.000000	0.564643	0.799643	0.435357
#P1.000000	-0.238095	1.000000	0.575714	0.795714	0.424286
#P1.000000	-0.261905	1.000000	0.586786	0.791786	0.413214
#P1.000000	-0.285714	1.000000	0.597857	0.787857	0.402143
#P1.000000	-0.309524	1.000000	0.608929	0.783929	0.391071
#P1.000000	-0.333333	1.000000	0.620000	0.780000	0.380000
#P1.000000	-0.357143	1.000000	0.631071	0.776071	0.368929
#P1.000000	-0.380952	1.000000	0.642143	0.772143	0.357857
#P1.000000	-0.404762	1.000000	0.653214	0.768214	0.346786
#P1.000000	-0.428571	1.000000	0.664286	0.764286	0.335714
#P1.000000	-0.452381	1.000000	0.675357	0.760357	0.324643
#P1.000000	-0.476190	1.000000	0.686429	0.756429	0.313571
#P1.000000	-0.500000	1.000000	0.697500	0.752500	0.302500
#P1.000000	-0.523810	1.000000	0.708571	0.748571	0.291429
#P1.000000	-0.547619	1.000000	0.719643	0.744643	0.280357
#P1.000000	-0.571429	1.000000	0.730714	0.740714	0.269286
#P1.000000	-0.595238	1.000000	0.741786	0.736786	0.258214
#P1.000000	-0.619048	1.000000	0.752857	0.732857	0.247143
#P1.000000	-0.642857	1.000000	0.763929	0.728929	0.236071
#P1.000000	-0.666667	1.000000	0.775000	0.725000	0.225000
#P1.000000	-0.690476	1.000000	0.786071	0.721071	0.213929
#P1.000000	-0.714286	1.000000	0.797143	0.717143	0.202857
#P1.000000	-0.738095	1.000000	0.808214	0.713214	0.191786
#P1.000000	-0.761905	1.000000	0.819286	0.709286	0.180714
#P1.000000	-0.785714	1.000000	0.830357	0.705357	0.169643
#P1.000000	-0.809524	1.000000	0.841429	0.701429	0.158571
#P1.000000	-0.833333	1.000000	0.852500	0.697500	0.147500
#P1.000000	-0.857143	1.000000	0.863571	0.693571	0.136429
#P1.000000	-0.880952	1.000000	0.874643	0.689643	0.125357
#P1.000000	-0.904762	1.000000	0.885714	0.685714	0.114286
#P1.000000	-0.928571	1.000000	0.896786	0.681786	0.103214
#P1.000000	-0.952381	1.000000	0.907857	0.677857	0.092143
#P1.000000	-0.976190	1.000000	0.918929	0.673929	0.081071
#P1.000000	-1.000000	1.000000	0.930000	0.670000	0.070000
#P1.000000	-1.000000	1.000000	0.930000	0.670000	0.070000
#P0.976190	-1.000000	1.000000	0.930833	0.662024	0.081071
#P0.952381	-1.000000	1.000000	0.931667	0.654048	0.092143
#P0.928571	-1.000000	1.000000	0.932500	0.646071	0.103214
#P0.904762	-1.000000	1.000000	0.933333	0.638095	0.114286
#P0.880952	-1.000000	1.000000	0.934167	0.630119	0.125357
#P0.857143	-1.000000	1.000000	0.935000	0.622143	0.136429
#P0.833333	-1.000000	1.000000	0.935833	0.614167	0.147500
#P0.809524	-1.000000	1.000000	0.936667	0.606190	0.158571
#P0.785714	-1.000000	1.000000	0.937500	0.598214	0.169643
#P0.761905	-1.000000	1.000000	0.938333	0.590238	0.180714
#P0.738095	-1.000000	1.000000	0.939167	0.582262	0.191786
#P0.714286	-1.000000	1.000000	0.940000	0.574286	0.202857
#P0.690476	-1.000000	1.000000	0.940833	0.566310	0.213929
#P0.666667	-1.000000	1.000000	0.941667	0.558333	0.225000
#P0.642857	-1.000000	1.000000	0.942500	0.550357	0.236071
#P0.619048	-1.000000	1.000000	0.943333	0.542381	0.247143
#P0.595238	-1.000000	1.000000	0.944167	0.534405	0.258214
#P0.571429	-1.000000	1.000000	0.945000	0.526429	0.269286
#P0.547619	-1.000000	1.000000	0.945833	0.518452	0.280357
#P0.523810	-1.000000	1.000000	0.946667	0.510476	0.291429
#P0.500000	-1.000000	1.000000	0.947500	0.502500	0.302500
#P0.476190	-1.000000	1.000000	0.948333	0.494524	0.313571
#P0.452381	-1.000000	1.000000	0.949167	0.486548	0.324643
#P0.428571	-1.000000	1.000000	0.950000	0.478571	0.335714
#P0.404762	-1.000000	1.000000	0.950833	0.470595	0.346786
#P0.380952	-1.000000	1.000000	0.951667	0.462619	0.357857
#P0.357143	-1.000000	1.000000	0.952500	0.454643	0.368929
#P0.333333	-1.000000	1.000000	0.953333	0.446667	0.380000
#P0.309524	-1.000000	1.000000	0.954167	0.438690	0.391071
#P0.285714	-1.000000	1.000000	0.955000	0.430714	0.402143
#P0.261905	-1.000000	1.000000	0.955833	0.422738	0.413214
#P0.238095	-1.000000	1.000000	0.956667	0.414762	0.424286
#P0.214286	-1.000000	1.000000	0.957500	0.406786	0.435357
#P0.190476	-1.000000	1.000000	0.958333	0.398810	0.446429
#P0.166667	-1.000000	1.000000	0.959167	0.390833	0.457500
#P0.142857	-1.000000	1.000000	0.960000	0.382857	0.468571
#P0.119048	-1.000000	1.000000	0.960833	0.374881	0.479643
#P0.095238	-1.000000	1.000000	0.961667	0.366905	0.490714
#P0.071429	-1.000000	1.000000	0.962500	0.358929	0.501786
#P0.047619	-1.000000	1.000000	0.963333	0.350952	0.512857
#P0.023810	-1.000000	1.000000	0.964167	0.342976	0.523929
#P0.000000	-1.000000	1.000000	0.965000	0.335000	0.535000
#P-0.023810	-1.000000	1.000000	0.965833	0.327024	0.546071
#P-0.047619	-1.000000	1.000000	0.966667	0.319048	0.557143
#P-0.071429	-1.000000	1.000000	0.967500	0.311071	0.568214
#P-0.095238	-1.000000	1.000000	0.968333	0.303095	0.579286
#P-0.119048	-1.000000	1.000000	0.969167	0.295119	0.590357
#P-0.142857	-1.000000	1.000000	0.970000	0.287143	0.601429
#P-0.166667	-1.000000	1.000000	0.970833	0.279167	0.612500
#P-0.190476	-1.000000	1.000000	0.971667	0.271190	0.623571
#P-0.214286	-1.000000	1.000000	0.972500	0.263214	0.634643
#P-0.238095	-1.000000	1.000000	0.973333	0.255238	0.645714
#P-0.261905	-1.000000	1.000000	0.974167	0.247262	0.656786
#P-0.285714	-1.000000	1.000000	0.975000	0.239286	0.667857
#P-0.309524	-1.000000	1.000000	0.975833	0.231310	0.678929
#P-0.333333	-1.000000	1.000000	0.976667	0.223333	0.690000
#P-0.357143	-1.000000	1.000000	0.977500	0.215357	0.701071
#P-0.380952	-1.000000	1.000000	0.978333	0.207381	0.712143
#P-0.404762	-1.000000	1.000000	0.979167	0.199405	0.723214
#P-0.428571	-1.000000	1.000000	0.980000	0.191429	0.734286
#P-0.452381	-1.000000	1.000000	0.980833	0.183452	0.745357
#P-0.476190	-1.000000	1.000000	0.981667	0.175476	0.756429
#P-0.500000	-1.000000	1.000000	0.982500	0.167500	0.767500
#P-0.523810	-1.000000	1.000000	0.983333	0.159524	0.778571
#P-0.547619	-1.000000	1.000000	0.984167	0.151548	0.789643
#P-0.571429	-1.000000	1.000000	0.985000	0.143571	0.800714
#P-0.595238	-1.000000	1.000000	0.985833	0.135595	0.811786
#P-0.619048	-1.000000	1.000000	0.986667	0.127619	0.822857
#P-0.642857	-1.000000	1.000000	0.987500	0.119643	0.833929
#P-0.666667	-1.000000	1.000000	0.988333	0.111667	0.845000
#P-0.690476	-1.000000	1.000000	0.989167	0.103690	0.856071
#P-0.714286	-1.000000	1.000000	0.990000	0.095714	0.867143
#P-0.738095	-1.000000	1.000000	0.990833	0.087738	0.878214
#P-0.761905	-1.000000	1.000000	0.991667	0.079762	0.889286
#P-0.785714	-1.000000	1.000000	0.992500	0.071786	0.900357
#P-0.809524	-1.000000	1.000000	0.993333	0.063810	0.911429
#P-0.833333	-1.000000	1.000000	0.994167	0.055833	0.922500
#P-0.857143	-1.000000	1.000000	0.995000	0.047857	0.933571
#P-0.880952	-1.000000	1.000000	0.995833	0.039881	0.944643
#P-0.904762	-1.000000	1.000000	0.996667	0.031905	0.955714
#P-0.928571	-1.000000	1.000000	0.997500	0.023929	0.966786
#P-0.952381	-1.000000	1.000000	0.998333	0.015952	0.977857
#P-0.976190	-1.000000	1.000000	0.999167	0.007976	0.988929
#P-1.000000	-1.000000	1.000000	1.000000	0.000000	1.000000
#P-1.000000	-1.000000	-1.000000	1.000000	0.000000	0.000000
#P-1.000000	-1.000000	-0.976190	1.000000	0.000000	0.011905
#P-1.000000	-1.000000	-0.952381	1.000000	0.000000	0.023810
#P-1.000000	-1.000000	-0.928571	1.000000	0.000000	0.035714
#P-1.000000	-1.000000	-0.904762	1.000000	0.000000	0.047619
#P-1.000000	-1.000000	-0.880952	1.000000	0.000000	0.059524
#P-1.000000	-1.000000	-0.857143	1.000000	0.000000	0.071429
#P-1.000000	-1.000000	-0.833333	1.000000	0.000000	0.083333
#P-1.000000	-1.000000	-0.809524	1.000000	0.000000	0.095238
#P-1.000000	-1.000000	-0.785714	1.000000	0.000000	0.107143
#P-1.000000	-1.000000	-0.761905	1.000000	0.000000	0.119048
#P-1.000000	-1.000000	-0.738095	1.000000	0.000000	0.130952
#P-1.000000	-1.000000	-0.714286	1.000000	0.000000	0.142857
#P-1.000000	-1.000000	-0.690476	1.000000	0.000000	0.154762
#P-1.000000	-1.000000	-0.666667	1.000000	0.000000	0.166667
#P-1.000000	-1.000000	-0.642857	1.000000	0.000000	0.178571
#P-1.000000	-1.000000	-0.619048	1.000000	0.000000	0.190476
#P-1.000000	-1.000000	-0.595238	1.000000	0.000000	0.202381
#P-1.000000	-1.000000	-0.571429	1.000000	0.000000	0.214286
#P-1.000000	-1.000000	-0.547619	1.000000	0.000000	0.226190
#P-1.000000	-1.000000	-0.523810	1.000000	0.000000	0.238095
#P-1.000000	-1.000000	-0.500000	1.000000	0.000000	0.250000
#P-1.000000	-1.000000	-0.476190	1.000000	0.000000	0.261905
#P-1.000000	-1.000000	-0.452381	1.000000	0.000000	0.273810
#P-1.000000	-1.000000	-0.428571	1.000000	0.000000	0.285714
#P-1.000000	-1.000000	-0.404762	1.000000	0.000000	0.297619
#P-1.000000	-1.000000	-0.380952	1.000000	0.000000	0.309524
#P-1.000000	-1.000000	-0.357143	1.000000	0.000000	0.321429
#P-1.000000	-1.000000	-0.333333	1.000000	0.000000	0.333333
#P-1.000000	-1.000000	-0.309524	1.000000	0.000000	0.345238
#P-1.000000	-1.000000	-0.285714	1.000000	0.000000	0.357143
#P-1.000000	-1.000000	-0.261905	1.000000	0.000000	0.369048
#P-1.000000	-1.000000	-0.238095	1.000000	0.000000	0.380952
#P-1.000000	-1.000000	-0.214286	1.000000	0.000000	0.392857
#P-1.000000	-1.000000	-0.190476	1.000000	0.000000	0.404762
#P-1.000000	-1.000000	-0.166667	1.000000	0.000000	0.416667
#P-1.000000	-1.000000	-0.142857	1.000000	0.000000	0.428571
#P-1.000000	-1.000000	-0.119048	1.000000	0.000000	0.440476
#P-1.000000	-1.000000	-0.095238	1.000000	0.000000	0.452381
#P-1.000000	-1.000000	-0.071429	1.000000	0.000000	0.464286
#P-1.000000	-1.000000	-0.047619	1.000000	0.000000	0.476190
#P-1.000000	-1.000000	-0.023810	1.000000	0.000000	0.488095
#P-1.000000	-1.000000	0.000000	1.000000	0.000000	0.500000
#P-1.000000	-1.000000	0.023810	1.000000	0.000000	0.511905
#P-1.000000	-1.000000	0.047619	1.000000	0.000000	0.523810
#P-1.000000	-1.000000	0.071429	1.000000	0.000000	0.535714
#P-1.000000	-1.000000	0.095238	1.000000	0.000000	0.547619
#P-1.000000	-1.000000	0.119048	1.000000	0.000000	0.559524
#P-1.000000	-1.000000	0.142857	1.000000	0.000000	0.571429
#P-1.000000	-1.000000	0.166667	1.000000	0.000000	0.583333
#P-1.000000	-1.000000	0.190476	1.000000	0.000000	0.595238
#P-1.000000	-1.000000	0.214286	1.000000	0.000000	0.607143
#P-1.000000	-1.000000	0.238095	1.000000	0.000000	0.619048
#P-1.000000	-1.000000	0.261905	1.000000	0.000000	0.630952
#P-1.000000	-1.000000	0.285714	1.000000	0.000000	0.642857
#P-1.000000	-1.000000	0.309524	1.000000	0.000000	0.654762
#P-1.000000	-1.000000	0.333333	1.000000	0.000000	0.666667
#P-1.000000	-1.000000	0.357143	1.000000	0.000000	0.678571
#P-1.000000	-1.000000	0.380952	1.000000	0.000000	0.690476
#P-1.000000	-1.000000	0.404762	1.000000	0.000000	0.702381
#P-1.000000	-1.000000	0.428571	1.000000	0.000000	0.714286
#P-1.000000	-1.000000	0.452381	1.000000	0.000000	0.726190
#P-1.000000	-1.000000	0.476190	1.000000	0.000000	0.738095
#P-1.000000	-1.000000	0.500000	1.000000	0.000000	0.750000
#P-1.000000	-1.000000	0.523810	1.000000	0.000000	0.761905
#P-1.000000	-1.000000	0.547619	1.000000	0.000000	0.773810
#P-1.000000	-1.000000	0.571429	1.000000	0.000000	0.785714
#P-1.000000	-1.000000	0.595238	1.000000	0.000000	0.797619
#P-1.000000	-1.000000	0.619048	1.000000	0.000000	0.809524
#P-1.000000	-1.000000	0.642857	1.000000	0.000000	0.821429
#P-1.000000	-1.000000	0.666667	1.000000	0.000000	0.833333
#P-1.000000	-1.000000	0.690476	1.000000	0.000000	0.845238
#P-1.000000	-1.000000	0.714286	1.000000	0.000000	0.857143
#P-1.000000	-1.000000	0.738095	1.000000	0.000000	0.869048
#P-1.000000	-1.000000	0.761905	1.000000	0.000000	0.880952
#P-1.000000	-1.000000	0.785714	1.000000	0.000000	0.892857
#P-1.000000	-1.000000	0.809524	1.000000	0.000000	0.904762
#P-1.000000	-1.000000	0.833333	1.000000	0.000000	0.916667
#P-1.000000	-1.000000	0.857143	1.000000	0.000000	0.928571
#P-1.000000	-1.000000	0.880952	1.000000	0.000000	0.940476
#P-1.000000	-1.000000	0.904762	1.000000	0.000000	0.952381
#P-1.000000	-1.000000	0.928571	1.000000	0.000000	0.964286
#P-1.000000	-1.000000	0.952381	1.000000	0.000000	0.976190
#P-1.000000	-1.000000	0.976190	1.000000	0.000000	0.988095
#P-1.000000	-1.000000	1.000000	1.000000	0.000000	1.000000
#P-1.000000	1.000000	-1.000000	1.000000	1.000000	1.000000
#P-1.000000	1.000000	-0.976190	0.988095	0.988095	1.000000
#P-1.000000	1.000000	-0.952381	0.976190	0.976190	1.000000
#P-1.000000	1.000000	-0.928571	0.964286	0.964286	1.000000
#P-1.000000	1.000000	-0.904762	0.952381	0.952381	1.000000
#P-1.000000	1.000000	-0.880952	0.940476	0.940476	1.000000
#P-1.000000	1.000000	-0.857143	0.928571	0.928571	1.000000
#P-1.000000	1.000000	-0.833333	0.916667	0.916667	1.000000
#P-1.000000	1.000000	-0.809524	0.904762	0.904762	1.000000
#P-1.000000	1.000000	-0.785714	0.892857	0.892857	1.000000
#P-1.000000	1.000000	-0.761905	0.880952	0.880952	1.000000
#P-1.000000	1.000000	-0.738095	0.869048	0.869048	1.000000
#P-1.000000	1.000000	-0.714286	0.857143	0.857143	1.000000
#P-1.000000	1.000000	-0.690476	0.845238	0.845238	1.000000
#P-1.000000	1.000000	-0.666667	0.833333	0.833333	1.000000
#P-1.000000	1.000000	-0.642857	0.821429	0.821429	1.000000
#P-1.000000	1.000000	-0.619048	0.809524	0.809524	1.000000
#P-1.000000	1.000000	-0.595238	0.797619	0.797619	1.000000
#P-1.000000	1.000000	-0.571429	0.785714	0.785714	1.000000
#P-1.000000	1.000000	-0.547619	0.773810	0.773810	1.000000
#P-1.000000	1.000000	-0.523810	0.761905	0.761905	1.000000
#P-1.000000	1.000000	-0.500000	0.750000	0.750000	1.000000
#P-1.000000	1.000000	-0.476190	0.738095	0.738095	1.000000
#P-1.000000	1.000000	-0.452381	0.726190	0.726190	1.000000
#P-1.000000	1.000000	-0.428571	0.714286	0.714286	1.000000
#P-1.000000	1.000000	-0.404762	0.702381	0.702381	1.000000
#P-1.000000	1.000000	-0.380952	0.690476	0.690476	1.000000
#P-1.000000	1.000000	-0.357143	0.678571	0.678571	1.000000
#P-1.000000	1.000000	-0.333333	0.666667	0.666667	1.000000
#P-1.000000	1.000000	-0.309524	0.654762	0.654762	1.000000
#P-1.000000	1.000000	-0.285714	0.642857	0.642857	1.000000
#P-1.000000	1.000000	-0.261905	0.630952	0.630952	1.000000
#P-1.000000	1.000000	-0.238095	0.619048	0.619048	1.000000
#P-1.000000	1.000000	-0.214286	0.607143	0.607143	1.000000
#P-1.000000	1.000000	-0.190476	0.595238	0.595238	1.000000
#P-1.000000	1.000000	-0.166667	0.583333	0.583333	1.000000
#P-1.000000	1.000000	-0.142857	0.571429	0.571429	1.000000
#P-1.000000	1.000000	-0.119048	0.559524	0.559524	1.000000
#P-1.000000	1.000000	-0.095238	0.547619	0.547619	1.000000
#P-1.000000	1.000000	-0.071429	0.535714	0.535714	1.000000
#P-1.000000	1.000000	-0.047619	0.523810	0.523810	1.000000
#P-1.000000	1.000000	-0.023810	0.511905	0.511905	1.000000
#P-1.000000	1.000000	0.000000	0.500000	0.500000	1.000000
#P-1.000000	1.000000	0.023810	0.488095	0.488095	1.000000
#P-1.000000	1.000000	0.047619	0.476190	0.476190	1.000000
#P-1.000000	1.000000	0.071429	0.464286	0.464286	1.000000
#P-1.000000	1.000000	0.095238	0.452381	0.452381	1.000000
#P-1.000000	1.000000	0.119048	0.440476	0.440476	1.000000
#P-1.000000	1.000000	0.142857	0.428571	0.428571	1.000000
#P-1.000000	1.000000	0.166667	0.416667	0.416667	1.000000
#P-1.000000	1.000000	0.190476	0.404762	0.404762	1.000000
#P-1.000000	1.000000	0.214286	0.392857	0.392857	1.000000
#P-1.000000	1.000000	0.238095	0.380952	0.380952	1.000000
#P-1.000000	1.000000	0.261905	0.369048	0.369048	1.000000
#P-1.000000	1.000000	0.285714	0.357143	0.357143	1.000000
#P-1.000000	1.000000	0.309524	0.345238	0.345238	1.000000
#P-1.000000	1.000000	0.333333	0.333333	0.333333	1.000000
#P-1.000000	1.000000	0.357143	0.321429	0.321429	1.000000
#P-1.000000	1.000000	0.380952	0.309524	0.309524	1.000000
#P-1.000000	1.000000	0.404762	0.297619	0.297619	1.000000
#P-1.000000	1.000000	0.428571	0.285714	0.285714	1.000000
#P-1.000000	1.000000	0.452381	0.273810	0.273810	1.000000
#P-1.000000	1.000000	0.476190	0.261905	0.261905	1.000000
#P-1.000000	1.000000	0.500000	0.250000	0.250000	1.000000
#P-1.000000	1.000000	0.523810	0.238095	0.238095	1.000000
#P-1.000000	1.000000	0.547619	0.226190	0.226190	1.000000
#P-1.000000	1.000000	0.571429	0.214286	0.214286	1.000000
#P-1.000000	1.000000	0.595238	0.202381	0.202381	1.000000
#P-1.000000	1.000000	0.619048	0.190476	0.190476	1.000000
#P-1.000000	1.000000	0.642857	0.178571	0.178571	1.000000
#P-1.000000	1.000000	0.666667	0.166667	0.166667	1.000000
#P-1.000000	1.000000	0.690476	0.154762	0.154762	1.000000
#P-1.000000	1.000000	0.714286	0.142857	0.142857	1.000000
#P-1.000000	1.000000	0.738095	0.130952	0.130952	1.000000
#P-1.000000	1.000000	0.761905	0.119048	0.119048	1.000000
#P-1.000000	1.000000	0.785714	0.107143	0.107143	1.000000
#P-1.000000	1.000000	0.809524	0.095238	0.095238	1.000000
#P-1.000000	1.000000	0.833333	0.083333	0.083333	1.000000
#P-1.000000	1.000000	0.857143	0.071429	0.071429	1.000000
#P-1.000000	1.000000	0.880952	0.059524	0.059524	1.000000
#P-1.000000	1.000000	0.904762	0.047619	0.047619	1.000000
#P-1.000000	1.000000	0.928571	0.035714	0.035714	1.000000
#P-1.000000	1.000000	0.952381	0.023810	0.023810	1.000000
#P-1.000000	1.000000	0.976190	0.011905	0.011905	1.000000
#P-1.000000	1.000000	1.000000	0.000000	0.000000	1.000000
#P1.000000	1.000000	-1.000000	0.000000	1.000000	0.000000
#P1.000000	1.000000	-0.976190	0.000000	1.000000	0.011905
#P1.000000	1.000000	-0.952381	0.000000	1.000000	0.023810
#P1.000000	1.000000	-0.928571	0.000000	1.000000	0.035714
#P1.000000	1.000000	-0.904762	0.000000	1.000000	0.047619
#P1.000000	1.000000	-0.880952	0.000000	1.000000	0.059524
#P1.000000	1.000000	-0.857143	0.000000	1.000000	0.071429
#P1.000000	1.000000	-0.833333	0.000000	1.000000	0.083333
#P1.000000	1.000000	-0.809524	0.000000	1.000000	0.095238
#P1.000000	1.000000	-0.785714	0.000000	1.000000	0.107143
#P1.000000	1.000000	-0.761905	0.000000	1.000000	0.119048
#P1.000000	1.000000	-0.738095	0.000000	1.000000	0.130952
#P1.000000	1.000000	-0.714286	0.000000	1.000000	0.142857
#P1.000000	1.000000	-0.690476	0.000000	1.000000	0.154762
#P1.000000	1.000000	-0.666667	0.000000	1.000000	0.166667
#P1.000000	1.000000	-0.642857	0.000000	1.000000	0.178571
#P1.000000	1.000000	-0.619048	0.000000	1.000000	0.190476
#P1.000000	1.000000	-0.595238	0.000000	1.000000	0.202381
#P1.000000	1.000000	-0.571429	0.000000	1.000000	0.214286
#P1.000000	1.000000	-0.547619	0.000000	1.000000	0.226190
#P1.000000	1.000000	-0.523810	0.000000	1.000000	0.238095
#P1.000000	1.000000	-0.500000	0.000000	1.000000	0.250000
#P1.000000	1.000000	-0.476190	0.000000	1.000000	0.261905
#P1.000000	1.000000	-0.452381	0.000000	1.000000	0.273810
#P1.000000	1.000000	-0.428571	0.000000	1.000000	0.285714
#P1.000000	1.000000	-0.404762	0.000000	1.000000	0.297619
#P1.000000	1.000000	-0.380952	0.000000	1.000000	0.309524
#P1.000000	1.000000	-0.357143	0.000000	1.000000	0.321429
#P1.000000	1.000000	-0.333333	0.000000	1.000000	0.333333
#P1.000000	1.000000	-0.309524	0.000000	1.000000	0.345238
#P1.000000	1.000000	-0.285714	0.000000	1.000000	0.357143
#P1.000000	1.000000	-0.261905	0.000000	1.000000	0.369048
#P1.000000	1.000000	-0.238095	0.000000	1.000000	0.380952
#P1.000000	1.000000	-0.214286	0.000000	1.000000	0.392857
#P1.000000	1.000000	-0.190476	0.000000	1.000000	0.404762
#P1.000000	1.000000	-0.166667	0.000000	1.000000	0.416667
#P1.000000	1.000000	-0.142857	0.000000	1.000000	0.428571
#P1.000000	1.000000	-0.119048	0.000000	1.000000	0.440476
#P1.000000	1.000000	-0.095238	0.000000	1.000000	0.452381
#P1.000000	1.000000	-0.071429	0.000000	1.000000	0.464286
#P1.000000	1.000000	-0.047619	0.000000	1.000000	0.476190
#P1.000000	1.000000	-0.023810	0.000000	1.000000	0.488095
#P1.000000	1.000000	0.000000	0.000000	1.000000	0.500000
#P1.000000	1.000000	0.023810	0.000000	1.000000	0.511905
#P1.000000	1.000000	0.047619	0.000000	1.000000	0.523810
#P1.000000	1.000000	0.071429	0.000000	1.000000	0.535714
#P1.000000	1.000000	0.095238	0.000000	1.000000	0.547619
#P1.000000	1.000000	0.119048	0.000000	1.000000	0.559524
#P1.000000	1.000000	0.142857	0.000000	1.000000	0.571429
#P1.000000	1.000000	0.166667	0.000000	1.000000	0.583333
#P1.000000	1.000000	0.190476	0.000000	1.000000	0.595238
#P1.000000	1.000000	0.214286	0.000000	1.000000	0.607143
#P1.000000	1.000000	0.238095	0.000000	1.000000	0.619048
#P1.000000	1.000000	0.261905	0.000000	1.000000	0.630952
#P1.000000	1.000000	0.285714	0.000000	1.000000	0.642857
#P1.000000	1.000000	0.309524	0.000000	1.000000	0.654762
#P1.000000	1.000000	0.333333	0.000000	1.000000	0.666667
#P1.000000	1.000000	0.357143	0.000000	1.000000	0.678571
#P1.000000	1.000000	0.380952	0.000000	1.000000	0.690476
#P1.000000	1.000000	0.404762	0.000000	1.000000	0.702381
#P1.000000	1.000000	0.428571	0.000000	1.000000	0.714286
#P1.000000	1.000000	0.452381	0.000000	1.000000	0.726190
#P1.000000	1.000000	0.476190	0.000000	1.000000	0.738095
#P1.000000	1.000000	0.500000	0.000000	1.000000	0.750000
#P1.000000	1.000000	0.523810	0.000000	1.000000	0.761905
#P1.000000	1.000000	0.547619	0.000000	1.000000	0.773810
#P1.000000	1.000000	0.571429	0.000000	1.000000	0.785714
#P1.000000	1.000000	0.595238	0.000000	1.000000	0.797619
#P1.000000	1.000000	0.619048	0.000000	1.000000	0.809524
#P1.000000	1.000000	0.642857	0.000000	1.000000	0.821429
#P1.000000	1.000000	0.666667	0.000000	1.000000	0.833333
#P1.000000	1.000000	0.690476	0.000000	1.000000	0.845238
#P1.000000	1.000000	0.714286	0.000000	1.000000	0.857143
#P1.000000	1.000000	0.738095	0.000000	1.000000	0.869048
#P1.000000	1.000000	0.761905	0.000000	1.000000	0.880952
#P1.000000	1.000000	0.785714	0.000000	1.000000	0.892857
#P1.000000	1.000000	0.809524	0.000000	1.000000	0.904762
#P1.000000	1.000000	0.833333	0.000000	1.000000	0.916667
#P1.000000	1.000000	0.857143	0.000000	1.000000	0.928571
#P1.000000	1.000000	0.880952	0.000000	1.000000	0.940476
#P1.000000	1.000000	0.904762	0.000000	1.000000	0.952381
#P1.000000	1.000000	0.928571	0.000000	1.000000	0.964286
#P1.000000	1.000000	0.952381	0.000000	1.000000	0.976190
#P1.000000	1.000000	0.976190	0.000000	1.000000	0.988095
#P1.000000	1.000000	1.000000	0.000000	1.000000	1.000000
#P1.000000	-1.000000	-1.000000	1.000000	1.000000	0.000000
#P1.000000	-1.000000	-0.976190	0.999167	0.996071	0.000833
#P1.000000	-1.000000	-0.952381	0.998333	0.992143	0.001667
#P1.000000	-1.000000	-0.928571	0.997500	0.988214	0.002500
#P1.000000	-1.000000	-0.904762	0.996667	0.984286	0.003333
#P1.000000	-1.000000	-0.880952	0.995833	0.980357	0.004167
#P1.000000	-1.000000	-0.857143	0.995000	0.976429	0.005000
#P1.000000	-1.000000	-0.833333	0.994167	0.972500	0.005833
#P1.000000	-1.000000	-0.809524	0.993333	0.968571	0.006667
#P1.000000	-1.000000	-0.785714	0.992500	0.964643	0.007500
#P1.000000	-1.000000	-0.761905	0.991667	0.960714	0.008333
#P1.000000	-1.000000	-0.738095	0.990833	0.956786	0.009167
#P1.000000	-1.000000	-0.714286	0.990000	0.952857	0.010000
#P1.000000	-1.000000	-0.690476	0.989167	0.948929	0.010833
#P1.000000	-1.000000	-0.666667	0.988333	0.945000	0.011667
#P1.000000	-1.000000	-0.642857	0.987500	0.941071	0.012500
#P1.000000	-1.000000	-0.619048	0.986667	0.937143	0.013333
#P1.000000	-1.000000	-0.595238	0.985833	0.933214	0.014167
#P1.000000	-1.000000	-0.571429	0.985000	0.929286	0.015000
#P1.000000	-1.000000	-0.547619	0.984167	0.925357	0.015833
#P1.000000	-1.000000	-0.523810	0.983333	0.921429	0.016667
#P1.000000	-1.000000	-0.500000	0.982500	0.917500	0.017500
#P1.000000	-1.000000	-0.476190	0.981667	0.913571	0.018333
#P1.000000	-1.000000	-0.452381	0.980833	0.909643	0.019167
#P1.000000	-1.000000	-0.428571	0.980000	0.905714	0.020000
#P1.000000	-1.000000	-0.404762	0.979167	0.901786	0.020833
#P1.000000	-1.000000	-0.380952	0.978333	0.897857	0.021667
#P1.000000	-1.000000	-0.357143	0.977500	0.893929	0.022500
#P1.000000	-1.000000	-0.333333	0.976667	0.890000	0.023333
#P1.000000	-1.000000	-0.309524	0.975833	0.886071	0.024167
#P1.000000	-1.000000	-0.285714	0.975000	0.882143	0.025000
#P1.000000	-1.000000	-0.261905	0.974167	0.878214	0.025833
#P1.000000	-1.000000	-0.238095	0.973333	0.874286	0.026667
#P1.000000	-1.000000	-0.214286	0.972500	0.870357	0.027500
#P1.000000	-1.000000	-0.190476	0.971667	0.866429	0.028333
#P1.000000	-1.000000	-0.166667	0.970833	0.862500	0.029167
#P1.000000	-1.000000	-0.142857	0.970000	0.858571	0.030000
#P1.000000	-1.000000	-0.119048	0.969167	0.854643	0.030833
#P1.000000	-1.000000	-0.095238	0.968333	0.850714	0.031667
#P1.000000	-1.000000	-0.071429	0.967500	0.846786	0.032500
#P1.000000	-1.000000	-0.047619	0.966667	0.842857	0.033333
#P1.000000	-1.000000	-0.023810	0.965833	0.838929	0.034167
#P1.000000	-1.000000	0.000000	0.965000	0.835000	0.035000
#P1.000000	-1.000000	0.023810	0.964167	0.831071	0.035833
#P1.000000	-1.000000	0.047619	0.963333	0.827143	0.036667
#P1.000000	-1.000000	0.071429	0.962500	0.823214	0.037500
#P1.000000	-1.000000	0.095238	0.961667	0.819286	0.038333
#P1.000000	-1.000000	0.119048	0.960833	0.815357	0.039167
#P1.000000	-1.000000	0.142857	0.960000	0.811429	0.040000
#P1.000000	-1.000000	0.166667	0.959167	0.807500	0.040833
#P1.000000	-1.000000	0.190476	0.958333	0.803571	0.041667
#P1.000000	-1.000000	0.214286	0.957500	0.799643	0.042500
#P1.000000	-1.000000	0.238095	0.956667	0.795714	0.043333
#P1.000000	-1.000000	0.261905	0.955833	0.791786	0.044167
#P1.000000	-1.000000	0.285714	0.955000	0.787857	0.045000
#P1.000000	-1.000000	0.309524	0.954167	0.783929	0.045833
#P1.000000	-1.000000	0.333333	0.953333	0.780000	0.046667
#P1.000000	-1.000000	0.357143	0.952500	0.776071	0.047500
#P1.000000	-1.000000	0.380952	0.951667	0.772143	0.048333
#P1.000000	-1.000000	0.404762	0.950833	0.768214	0.049167
#P1.000000	-1.000000	0.428571	0.950000	0.764286	0.050000
#P1.000000	-1.000000	0.452381	0.949167	0.760357	0.050833
#P1.000000	-1.000000	0.476190	0.948333	0.756429	0.051667
#P1.000000	-1.000000	0.500000	0.947500	0.752500	0.052500
#P1.000000	-1.000000	0.523810	0.946667	0.748571	0.053333
#P1.000000	-1.000000	0.547619	0.945833	0.744643	0.054167
#P1.000000	-1.000000	0.571429	0.945000	0.740714	0.055000
#P1.000000	-1.000000	0.595238	0.944167	0.736786	0.055833
#P1.000000	-1.000000	0.619048	0.943333	0.732857	0.056667
#P1.000000	-1.000000	0.642857	0.942500	0.728929	0.057500
#P1.000000	-1.000000	0.666667	0.941667	0.725000	0.058333
#P1.000000	-1.000000	0.690476	0.940833	0.721071	0.059167
#P1.000000	-1.000000	0.714286	0.940000	0.717143	0.060000
#P1.000000	-1.000000	0.738095	0.939167	0.713214	0.060833
#P1.000000	-1.000000	0.761905	0.938333	0.709286	0.061667
#P1.000000	-1.000000	0.785714	0.937500	0.705357	0.062500
#P1.000000	-1.000000	0.809524	0.936667	0.701429	0.063333
#P1.000000	-1.000000	0.833333	0.935833	0.697500	0.064167
#P1.000000	-1.000000	0.857143	0.935000	0.693571	0.065000
#P1.000000	-1.000000	0.880952	0.934167	0.689643	0.065833
#P1.000000	-1.000000	0.904762	0.933333	0.685714	0.066667
#P1.000000	-1.000000	0.928571	0.932500	0.681786	0.067500
#P1.000000	-1.000000	0.952381	0.931667	0.677857	0.068333
#P1.000000	-1.000000	0.976190	0.930833	0.673929	0.069167
#P1.000000	-1.000000	1.000000	0.930000	0.670000	0.070000
