#N1020
#P0.500000	0.000000	-1.000000	1.000000	0.019608	0.000000
#P0.472909	0.162350	-1.000000	1.000000	0.072239	0.000000
#P0.394570	0.307106	-1.000000	1.000000	0.124871	0.000000
#P0.273474	0.418583	-1.000000	1.000000	0.177503	0.000000
#P0.122743	0.484700	-1.000000	1.000000	0.230134	0.000000
#P-0.041290	0.498292	-1.000000	1.000000	0.282766	0.000000
#P-0.200848	0.457887	-1.000000	1.000000	0.335397	0.000000
#P-0.338641	0.367862	-1.000000	1.000000	0.388029	0.000000
#P-0.439737	0.237974	-1.000000	1.000000	0.440660	0.000000
#P-0.493181	0.082297	-1.000000	1.000000	0.493292	0.000000
#P-0.493181	-0.082297	-1.000000	1.000000	0.545924	0.000000
#P-0.439737	-0.237974	-1.000000	1.000000	0.598555	0.000000
#P-0.338641	-0.367862	-1.000000	1.000000	0.651187	0.000000
#P-0.200848	-0.457887	-1.000000	1.000000	0.703818	0.000000
#P-0.041290	-0.498292	-1.000000	1.000000	0.756450	0.000000
#P0.122743	-0.484700	-1.000000	1.000000	0.809082	0.000000
#P0.273474	-0.418583	-1.000000	1.000000	0.861713	0.000000
#P0.394570	-0.307106	-1.000000	1.000000	0.914345	0.000000
#P0.472909	-0.162350	-1.000000	1.000000	0.966976	0.000000
#P0.500000	0.000000	-1.000000	1.000000	0.019608	0.000000
#P0.500000	0.000000	-0.960000	1.000000	0.039216	0.000000
#P0.472909	0.162350	-0.960000	1.000000	0.091847	0.000000
#P0.394570	0.307106	-0.960000	1.000000	0.144479	0.000000
#P0.273474	0.418583	-0.960000	1.000000	0.197110	0.000000
#P0.122743	0.484700	-0.960000	1.000000	0.249742	0.000000
#P-0.041290	0.498292	-0.960000	1.000000	0.302374	0.000000
#P-0.200848	0.457887	-0.960000	1.000000	0.355005	0.000000
#P-0.338641	0.367862	-0.960000	1.000000	0.407637	0.000000
#P-0.439737	0.237974	-0.960000	1.000000	0.460268	0.000000
#P-0.493181	0.082297	-0.960000	1.000000	0.512900	0.000000
#P-0.493181	-0.082297	-0.960000	1.000000	0.565531	0.000000
#P-0.439737	-0.237974	-0.960000	1.000000	0.618163	0.000000
#P-0.338641	-0.367862	-0.960000	1.000000	0.670795	0.000000
#P-0.200848	-0.457887	-0.960000	1.000000	0.723426	0.000000
#P-0.041290	-0.498292	-0.960000	1.000000	0.776058	0.000000
#P0.122743	-0.484700	-0.960000	1.000000	0.828689	0.000000
#P0.273474	-0.418583	-0.960000	1.000000	0.881321	0.000000
#P0.394570	-0.307106	-0.960000	1.000000	0.933953	0.000000
#P0.472909	-0.162350	-0.960000	1.000000	0.986584	0.000000
#P0.500000	0.000000	-0.960000	1.000000	0.039216	0.000000
#P0.500000	0.000000	-0.920000	1.000000	0.058824	0.000000
#P0.472909	0.162350	-0.920000	1.000000	0.111455	0.000000
#P0.394570	0.307106	-0.920000	1.000000	0.164087	0.000000
#P0.273474	0.418583	-0.920000	1.000000	0.216718	0.000000
#P0.122743	0.484700	-0.920000	1.000000	0.269350	0.000000
#P-0.041290	0.498292	-0.920000	1.000000	0.321981	0.000000
#P-0.200848	0.457887	-0.920000	1.000000	0.374613	0.000000
#P-0.338641	0.367862	-0.920000	1.000000	0.427245	0.000000
#P-0.439737	0.237974	-0.920000	1.000000	0.479876	0.000000
#P-0.493181	0.082297	-0.920000	1.000000	0.532508	0.000000
#P-0.493181	-0.082297	-0.920000	1.000000	0.585139	0.000000
#P-0.439737	-0.237974	-0.920000	1.000000	0.637771	0.000000
#P-0.338641	-0.367862	-0.920000	1.000000	0.690402	0.000000
#P-0.200848	-0.457887	-0.920000	1.000000	0.743034	0.000000
#P-0.041290	-0.498292	-0.920000	1.000000	0.795666	0.000000
#P0.122743	-0.484700	-0.920000	1.000000	0.848297	0.000000
#P0.273474	-0.418583	-0.920000	1.000000	0.900929	0.000000
#P0.394570	-0.307106	-0.920000	1.000000	0.953560	0.000000
#P0.472909	-0.162350	-0.920000	1.000000	0.006192	0.000000
#P0.500000	0.000000	-0.920000	1.000000	0.058824	0.000000
#P0.500000	0.000000	-0.880000	1.000000	0.078431	0.000000
#P0.472909	0.162350	-0.880000	1.000000	0.131063	0.000000
#P0.394570	0.307106	-0.880000	1.000000	0.183695	0.000000
#P0.273474	0.418583	-0.880000	1.000000	0.236326	0.000000
#P0.122743	0.484700	-0.880000	1.000000	0.288958	0.000000
#P-0.041290	0.498292	-0.880000	1.000000	0.341589	0.000000
#P-0.200848	0.457887	-0.880000	1.000000	0.394221	0.000000
#P-0.338641	0.367862	-0.880000	1.000000	0.446852	0.000000
#P-0.439737	0.237974	-0.880000	1.000000	0.499484	0.000000
#P-0.493181	0.082297	-0.880000	1.000000	0.552116	0.000000
#P-0.493181	-0.082297	-0.880000	1.000000	0.604747	0.000000
#P-0.439737	-0.237974	-0.880000	1.000000	0.657379	0.000000
#P-0.338641	-0.367862	-0.880000	1.000000	0.710010	0.000000
#P-0.200848	-0.457887	-0.880000	1.000000	0.762642	0.000000
#P-0.041290	-0.498292	-0.880000	1.000000	0.815273	0.000000
#P0.122743	-0.484700	-0.880000	1.000000	0.867905	0.000000
#P0.273474	-0.418583	-0.880000	1.000000	0.920537	0.000000
#P0.394570	-0.307106	-0.880000	1.000000	0.973168	0.000000
#P0.472909	-0.162350	-0.880000	1.000000	0.025800	0.000000
#P0.500000	0.000000	-0.880000	1.000000	0.078431	0.000000
#P0.500000	0.000000	-0.840000	1.000000	0.098039	0.000000
#P0.472909	0.162350	-0.840000	1.000000	0.150671	0.000000
#P0.394570	0.307106	-0.840000	1.000000	0.203302	0.000000
#P0.273474	0.418583	-0.840000	1.000000	0.255934	0.000000
#P0.122743	0.484700	-0.840000	1.000000	0.308566	0.000000
#P-0.041290	0.498292	-0.840000	1.000000	0.361197	0.000000
#P-0.200848	0.457887	-0.840000	1.000000	0.413829	0.000000
#P-0.338641	0.367862	-0.840000	1.000000	0.466460	0.000000
#P-0.439737	0.237974	-0.840000	1.000000	0.519092	0.000000
#P-0.493181	0.082297	-0.840000	1.000000	0.571723	0.000000
#P-0.493181	-0.082297	-0.840000	1.000000	0.624355	0.000000
#P-0.439737	-0.237974	-0.840000	1.000000	0.676987	0.000000
#P-0.338641	-0.367862	-0.840000	1.000000	0.729618	0.000000
#P-0.200848	-0.457887	-0.840000	1.000000	0.782250	0.000000
#P-0.041290	-0.498292	-0.840000	1.000000	0.834881	0.000000
#P0.122743	-0.484700	-0.840000	1.000000	0.887513	0.000000
#P0.273474	-0.418583	-0.840000	1.000000	0.940144	0.000000
#P0.394570	-0.307106	-0.840000	1.000000	0.992776	0.000000
#P0.472909	-0.162350	-0.840000	1.000000	0.045408	0.000000
#P0.500000	0.000000	-0.840000	1.000000	0.098039	0.000000
#P0.500000	0.000000	-0.800000	1.000000	0.117647	0.000000
#P0.472909	0.162350	-0.800000	1.000000	0.170279	0.000000
#P0.394570	0.307106	-0.800000	1.000000	0.222910	0.000000
#P0.273474	0.418583	-0.800000	1.000000	0.275542	0.000000
#P0.122743	0.484700	-0.800000	1.000000	0.328173	0.000000
#P-0.041290	0.498292	-0.800000	1.000000	0.380805	0.000000
#P-0.200848	0.457887	-0.800000	1.000000	0.433437	0.000000
#P-0.338641	0.367862	-0.800000	1.000000	0.486068	0.000000
#P-0.439737	0.237974	-0.800000	1.000000	0.538700	0.000000
#P-0.493181	0.082297	-0.800000	1.000000	0.591331	0.000000
#P-0.493181	-0.082297	-0.800000	1.000000	0.643963	0.000000
#P-0.439737	-0.237974	-0.800000	1.000000	0.696594	0.000000
#P-0.338641	-0.367862	-0.800000	1.000000	0.749226	0.000000
#P-0.200848	-0.457887	-0.800000	1.000000	0.801858	0.000000
#P-0.041290	-0.498292	-0.800000	1.000000	0.854489	0.000000
#P0.122743	-0.484700	-0.800000	1.000000	0.907121	0.000000
#P0.273474	-0.418583	-0.800000	1.000000	0.959752	0.000000
#P0.394570	-0.307106	-0.800000	1.000000	0.012384	0.000000
#P0.472909	-0.162350	-0.800000	1.000000	0.065015	0.000000
#P0.500000	0.000000	-0.800000	1.000000	0.117647	0.000000
#P0.500000	0.000000	-0.760000	1.000000	0.137255	0.000000
#P0.472909	0.162350	-0.760000	1.000000	0.189886	0.000000
#P0.394570	0.307106	-0.760000	1.000000	0.242518	0.000000
#P0.273474	0.418583	-0.760000	1.000000	0.295150	0.000000
#P0.122743	0.484700	-0.760000	1.000000	0.347781	0.000000
#P-0.041290	0.498292	-0.760000	1.000000	0.400413	0.000000
#P-0.200848	0.457887	-0.760000	1.000000	0.453044	0.000000
#P-0.338641	0.367862	-0.760000	1.000000	0.505676	0.000000
#P-0.439737	0.237974	-0.760000	1.000000	0.558308	0.000000
#P-0.493181	0.082297	-0.760000	1.000000	0.610939	0.000000
#P-0.493181	-0.082297	-0.760000	1.000000	0.663571	0.000000
#P-0.439737	-0.237974	-0.760000	1.000000	0.716202	0.000000
#P-0.338641	-0.367862	-0.760000	1.000000	0.768834	0.000000
#P-0.200848	-0.457887	-0.760000	1.000000	0.821465	0.000000
#P-0.041290	-0.498292	-0.760000	1.000000	0.874097	0.000000
#P0.122743	-0.484700	-0.760000	1.000000	0.926729	0.000000
#P0.273474	-0.418583	-0.760000	1.000000	0.979360	0.000000
#P0.394570	-0.307106	-0.760000	1.000000	0.031992	0.000000
#P0.472909	-0.162350	-0.760000	1.000000	0.084623	0.000000
#P0.500000	0.000000	-0.760000	1.000000	0.137255	0.000000
#P0.500000	0.000000	-0.720000	1.000000	0.156863	0.000000
#P0.472909	0.162350	-0.720000	1.000000	0.209494	0.000000
#P0.394570	0.307106	-0.720000	1.000000	0.262126	0.000000
#P0.273474	0.418583	-0.720000	1.000000	0.314757	0.000000
#P0.122743	0.484700	-0.720000	1.000000	0.367389	0.000000
#P-0.041290	0.498292	-0.720000	1.000000	0.420021	0.000000
#P-0.200848	0.457887	-0.720000	1.000000	0.472652	0.000000
#P-0.338641	0.367862	-0.720000	1.000000	0.525284	0.000000
#P-0.439737	0.237974	-0.720000	1.000000	0.577915	0.000000
#P-0.493181	0.082297	-0.720000	1.000000	0.630547	0.000000
#P-0.493181	-0.082297	-0.720000	1.000000	0.683179	0.000000
#P-0.439737	-0.237974	-0.720000	1.000000	0.735810	0.000000
#P-0.338641	-0.367862	-0.720000	1.000000	0.788442	0.000000
#P-0.200848	-0.457887	-0.720000	1.000000	0.841073	0.000000
#P-0.041290	-0.498292	-0.720000	1.000000	0.893705	0.000000
#P0.122743	-0.484700	-0.720000	1.000000	0.946336	0.000000
#P0.273474	-0.418583	-0.720000	1.000000	0.998968	0.000000
#P0.394570	-0.307106	-0.720000	1.000000	0.051600	0.000000
#P0.472909	-0.162350	-0.720000	1.000000	0.104231	0.000000
#P0.500000	0.000000	-0.720000	1.000000	0.156863	0.000000
#P0.500000	0.000000	-0.680000	1.000000	0.176471	0.000000
#P0.472909	0.162350	-0.680000	1.000000	0.229102	0.000000
#P0.394570	0.307106	-0.680000	1.000000	0.281734	0.000000
#P0.273474	0.418583	-0.680000	1.000000	0.334365	0.000000
#P0.122743	0.484700	-0.680000	1.000000	0.386997	0.000000
#P-0.041290	0.498292	-0.680000	1.000000	0.439628	0.000000
#P-0.200848	0.457887	-0.680000	1.000000	0.492260	0.000000
#P-0.338641	0.367862	-0.680000	1.000000	0.544892	0.000000
#P-0.439737	0.237974	-0.680000	1.000000	0.597523	0.000000
#P-0.493181	0.082297	-0.680000	1.000000	0.650155	0.000000
#P-0.493181	-0.082297	-0.680000	1.000000	0.702786	0.000000
#P-0.439737	-0.237974	-0.680000	1.000000	0.755418	0.000000
#P-0.338641	-0.367862	-0.680000	1.000000	0.808050	0.000000
#P-0.200848	-0.457887	-0.680000	1.000000	0.860681	0.000000
#P-0.041290	-0.498292	-0.680000	1.000000	0.913313	0.000000
#P0.122743	-0.484700	-0.680000	1.000000	0.965944	0.000000
#P0.273474	-0.418583	-0.680000	1.000000	0.018576	0.000000
#P0.394570	-0.307106	-0.680000	1.000000	0.071207	0.000000
#P0.472909	-0.162350	-0.680000	1.000000	0.123839	0.000000
#P0.500000	0.000000	-0.680000	1.000000	0.176471	0.000000
#P0.500000	0.000000	-0.640000	1.000000	0.196078	0.000000
#P0.472909	0.162350	-0.640000	1.000000	0.248710	0.000000
#P0.394570	0.307106	-0.640000	1.000000	0.301342	0.000000
#P0.273474	0.418583	-0.640000	1.000000	0.353973	0.000000
#P0.122743	0.484700	-0.640000	1.000000	0.406605	0.000000
#P-0.041290	0.498292	-0.640000	1.000000	0.459236	0.000000
#P-0.200848	0.457887	-0.640000	1.000000	0.511868	0.000000
#P-0.338641	0.367862	-0.640000	1.000000	0.564499	0.000000
#P-0.439737	0.237974	-0.640000	1.000000	0.617131	0.000000
#P-0.493181	0.082297	-0.640000	1.000000	0.669763	0.000000
#P-0.493181	-0.082297	-0.640000	1.000000	0.722394	0.000000
#P-0.439737	-0.237974	-0.640000	1.000000	0.775026	0.000000
#P-0.338641	-0.367862	-0.640000	1.000000	0.827657	0.000000
#P-0.200848	-0.457887	-0.640000	1.000000	0.880289	0.000000
#P-0.041290	-0.498292	-0.640000	1.000000	0.932921	0.000000
#P0.122743	-0.484700	-0.640000	1.000000	0.985552	0.000000
#P0.273474	-0.418583	-0.640000	1.000000	0.038184	0.000000
#P0.394570	-0.307106	-0.640000	1.000000	0.090815	0.000000
#P0.472909	-0.162350	-0.640000	1.000000	0.143447	0.000000
#P0.500000	0.000000	-0.640000	1.000000	0.196078	0.000000
#P0.500000	0.000000	-0.600000	1.000000	0.215686	0.000000
#P0.472909	0.162350	-0.600000	1.000000	0.268318	0.000000
#P0.394570	0.307106	-0.600000	1.000000	0.320949	0.000000
#P0.273474	0.418583	-0.600000	1.000000	0.373581	0.000000
#P0.122743	0.484700	-0.600000	1.000000	0.426213	0.000000
#P-0.041290	0.498292	-0.600000	1.000000	0.478844	0.000000
#P-0.200848	0.457887	-0.600000	1.000000	0.531476	0.000000
#P-0.338641	0.367862	-0.600000	1.000000	0.584107	0.000000
#P-0.439737	0.237974	-0.600000	1.000000	0.636739	0.000000
#P-0.493181	0.082297	-0.600000	1.000000	0.689370	0.000000
#P-0.493181	-0.082297	-0.600000	1.000000	0.742002	0.000000
#P-0.439737	-0.237974	-0.600000	1.000000	0.794634	0.000000
#P-0.338641	-0.367862	-0.600000	1.000000	0.847265	0.000000
#P-0.200848	-0.457887	-0.600000	1.000000	0.899897	0.000000
#P-0.041290	-0.498292	-0.600000	1.000000	0.952528	0.000000
#P0.122743	-0.484700	-0.600000	1.000000	0.005160	0.000000
#P0.273474	-0.418583	-0.600000	1.000000	0.057792	0.000000
#P0.394570	-0.307106	-0.600000	1.000000	0.110423	0.000000
#P0.472909	-0.162350	-0.600000	1.000000	0.163055	0.000000
#P0.500000	0.000000	-0.600000	1.000000	0.215686	0.000000
#P0.500000	0.000000	-0.560000	1.000000	0.235294	0.000000
#P0.472909	0.162350	-0.560000	1.000000	0.287926	0.000000
#P0.394570	0.307106	-0.560000	1.000000	0.340557	0.000000
#P0.273474	0.418583	-0.560000	1.000000	0.393189	0.000000
#P0.122743	0.484700	-0.560000	1.000000	0.445820	0.000000
#P-0.041290	0.498292	-0.560000	1.000000	0.498452	0.000000
#P-0.200848	0.457887	-0.560000	1.000000	0.551084	0.000000
#P-0.338641	0.367862	-0.560000	1.000000	0.603715	0.000000
#P-0.439737	0.237974	-0.560000	1.000000	0.656347	0.000000
#P-0.493181	0.082297	-0.560000	1.000000	0.708978	0.000000
#P-0.493181	-0.082297	-0.560000	1.000000	0.761610	0.000000
#P-0.439737	-0.237974	-0.560000	1.000000	0.814241	0.000000
#P-0.338641	-0.367862	-0.560000	1.000000	0.866873	0.000000
#P-0.200848	-0.457887	-0.560000	1.000000	0.919505	0.000000
#P-0.041290	-0.498292	-0.560000	1.000000	0.972136	0.000000
#P0.122743	-0.484700	-0.560000	1.000000	0.024768	0.000000
#P0.273474	-0.418583	-0.560000	1.000000	0.077399	0.000000
#P0.394570	-0.307106	-0.560000	1.000000	0.130031	0.000000
#P0.472909	-0.162350	-0.560000	1.000000	0.182663	0.000000
#P0.500000	0.000000	-0.560000	1.000000	0.235294	0.000000
#P0.500000	0.000000	-0.520000	1.000000	0.254902	0.000000
#P0.472909	0.162350	-0.520000	1.000000	0.307534	0.000000
#P0.394570	0.307106	-0.520000	1.000000	0.360165	0.000000
#P0.273474	0.418583	-0.520000	1.000000	0.412797	0.000000
#P0.122743	0.484700	-0.520000	1.000000	0.465428	0.000000
#P-0.041290	0.498292	-0.520000	1.000000	0.518060	0.000000
#P-0.200848	0.457887	-0.520000	1.000000	0.570691	0.000000
#P-0.338641	0.367862	-0.520000	1.000000	0.623323	0.000000
#P-0.439737	0.237974	-0.520000	1.000000	0.675955	0.000000
#P-0.493181	0.082297	-0.520000	1.000000	0.728586	0.000000
#P-0.493181	-0.082297	-0.520000	1.000000	0.781218	0.000000
#P-0.439737	-0.237974	-0.520000	1.000000	0.833849	0.000000
#P-0.338641	-0.367862	-0.520000	1.000000	0.886481	0.000000
#P-0.200848	-0.457887	-0.520000	1.000000	0.939112	0.000000
#P-0.041290	-0.498292	-0.520000	1.000000	0.991744	0.000000
#P0.122743	-0.484700	-0.520000	1.000000	0.044376	0.000000
#P0.273474	-0.418583	-0.520000	1.000000	0.097007	0.000000
#P0.394570	-0.307106	-0.520000	1.000000	0.149639	0.000000
#P0.472909	-0.162350	-0.520000	1.000000	0.202270	0.000000
#P0.500000	0.000000	-0.520000	1.000000	0.254902	0.000000
#P0.500000	0.000000	-0.480000	1.000000	0.274510	0.000000
#P0.472909	0.162350	-0.480000	1.000000	0.327141	0.000000
#P0.394570	0.307106	-0.480000	1.000000	0.379773	0.000000
#P0.273474	0.418583	-0.480000	1.000000	0.432405	0.000000
#P0.122743	0.484700	-0.480000	1.000000	0.485036	0.000000
#P-0.041290	0.498292	-0.480000	1.000000	0.537668	0.000000
#P-0.200848	0.457887	-0.480000	1.000000	0.590299	0.000000
#P-0.338641	0.367862	-0.480000	1.000000	0.642931	0.000000
#P-0.439737	0.237974	-0.480000	1.000000	0.695562	0.000000
#P-0.493181	0.082297	-0.480000	1.000000	0.748194	0.000000
#P-0.493181	-0.082297	-0.480000	1.000000	0.800826	0.000000
#P-0.439737	-0.237974	-0.480000	1.000000	0.853457	0.000000
#P-0.338641	-0.367862	-0.480000	1.000000	0.906089	0.000000
#P-0.200848	-0.457887	-0.480000	1.000000	0.958720	0.000000
#P-0.041290	-0.498292	-0.480000	1.000000	0.011352	0.000000
#P0.122743	-0.484700	-0.480000	1.000000	0.063983	0.000000
#P0.273474	-0.418583	-0.480000	1.000000	0.116615	0.000000
#P0.394570	-0.307106	-0.480000	1.000000	0.169247	0.000000
#P0.472909	-0.162350	-0.480000	1.000000	0.221878	0.000000
#P0.500000	0.000000	-0.480000	1.000000	0.274510	0.000000
#P0.500000	0.000000	-0.440000	1.000000	0.294118	0.000000
#P0.472909	0.162350	-0.440000	1.000000	0.346749	0.000000
#P0.394570	0.307106	-0.440000	1.000000	0.399381	0.000000
#P0.273474	0.418583	-0.440000	1.000000	0.452012	0.000000
#P0.122743	0.484700	-0.440000	1.000000	0.504644	0.000000
#P-0.041290	0.498292	-0.440000	1.000000	0.557276	0.000000
#P-0.200848	0.457887	-0.440000	1.000000	0.609907	0.000000
#P-0.338641	0.367862	-0.440000	1.000000	0.662539	0.000000
#P-0.439737	0.237974	-0.440000	1.000000	0.715170	0.000000
#P-0.493181	0.082297	-0.440000	1.000000	0.767802	0.000000
#P-0.493181	-0.082297	-0.440000	1.000000	0.820433	0.000000
#P-0.439737	-0.237974	-0.440000	1.000000	0.873065	0.000000
#P-0.338641	-0.367862	-0.440000	1.000000	0.925697	0.000000
#P-0.200848	-0.457887	-0.440000	1.000000	0.978328	0.000000
#P-0.041290	-0.498292	-0.440000	1.000000	0.030960	0.000000
#P0.122743	-0.484700	-0.440000	1.000000	0.083591	0.000000
#P0.273474	-0.418583	-0.440000	1.000000	0.136223	0.000000
#P0.394570	-0.307106	-0.440000	1.000000	0.188854	0.000000
#P0.472909	-0.162350	-0.440000	1.000000	0.241486	0.000000
#P0.500000	0.000000	-0.440000	1.000000	0.294118	0.000000
#P0.500000	0.000000	-0.400000	1.000000	0.313725	0.000000
#P0.472909	0.162350	-0.400000	1.000000	0.366357	0.000000
#P0.394570	0.307106	-0.400000	1.000000	0.418989	0.000000
#P0.273474	0.418583	-0.400000	1.000000	0.471620	0.000000
#P0.122743	0.484700	-0.400000	1.000000	0.524252	0.000000
#P-0.041290	0.498292	-0.400000	1.000000	0.576883	0.000000
#P-0.200848	0.457887	-0.400000	1.000000	0.629515	0.000000
#P-0.338641	0.367862	-0.400000	1.000000	0.682147	0.000000
#P-0.439737	0.237974	-0.400000	1.000000	0.734778	0.000000
#P-0.493181	0.082297	-0.400000	1.000000	0.787410	0.000000
#P-0.493181	-0.082297	-0.400000	1.000000	0.840041	0.000000
#P-0.439737	-0.237974	-0.400000	1.000000	0.892673	0.000000
#P-0.338641	-0.367862	-0.400000	1.000000	0.945304	0.000000
#P-0.200848	-0.457887	-0.400000	1.000000	0.997936	0.000000
#P-0.041290	-0.498292	-0.400000	1.000000	0.050568	0.000000
#P0.122743	-0.484700	-0.400000	1.000000	0.103199	0.000000
#P0.273474	-0.418583	-0.400000	1.000000	0.155831	0.000000
#P0.394570	-0.307106	-0.400000	1.000000	0.208462	0.000000
#P0.472909	-0.162350	-0.400000	1.000000	0.261094	0.000000
#P0.500000	0.000000	-0.400000	1.000000	0.313725	0.000000
#P0.500000	0.000000	-0.360000	1.000000	0.333333	0.000000
#P0.472909	0.162350	-0.360000	1.000000	0.385965	0.000000
#P0.394570	0.307106	-0.360000	1.000000	0.438596	0.000000
#P0.273474	0.418583	-0.360000	1.000000	0.491228	0.000000
#P0.122743	0.484700	-0.360000	1.000000	0.543860	0.000000
#P-0.041290	0.498292	-0.360000	1.000000	0.596491	0.000000
#P-0.200848	0.457887	-0.360000	1.000000	0.649123	0.000000
#P-0.338641	0.367862	-0.360000	1.000000	0.701754	0.000000
#P-0.439737	0.237974	-0.360000	1.000000	0.754386	0.000000
#P-0.493181	0.082297	-0.360000	1.000000	0.807018	0.000000
#P-0.493181	-0.082297	-0.360000	1.000000	0.859649	0.000000
#P-0.439737	-0.237974	-0.360000	1.000000	0.912281	0.000000
#P-0.338641	-0.367862	-0.360000	1.000000	0.964912	0.000000
#P-0.200848	-0.457887	-0.360000	1.000000	0.017544	0.000000
#P-0.041290	-0.498292	-0.360000	1.000000	0.070175	0.000000
#P0.122743	-0.484700	-0.360000	1.000000	0.122807	0.000000
#P0.273474	-0.418583	-0.360000	1.000000	0.175439	0.000000
#P0.394570	-0.307106	-0.360000	1.000000	0.228070	0.000000
#P0.472909	-0.162350	-0.360000	1.000000	0.280702	0.000000
#P0.500000	0.000000	-0.360000	1.000000	0.333333	0.000000
#P0.500000	0.000000	-0.320000	1.000000	0.352941	0.000000
#P0.472909	0.162350	-0.320000	1.000000	0.405573	0.000000
#P0.394570	0.307106	-0.320000	1.000000	0.458204	0.000000
#P0.273474	0.418583	-0.320000	1.000000	0.510836	0.000000
#P0.122743	0.484700	-0.320000	1.000000	0.563467	0.000000
#P-0.041290	0.498292	-0.320000	1.000000	0.616099	0.000000
#P-0.200848	0.457887	-0.320000	1.000000	0.668731	0.000000
#P-0.338641	0.367862	-0.320000	1.000000	0.721362	0.000000
#P-0.439737	0.237974	-0.320000	1.000000	0.773994	0.000000
#P-0.493181	0.082297	-0.320000	1.000000	0.826625	0.000000
#P-0.493181	-0.082297	-0.320000	1.000000	0.879257	0.000000
#P-0.439737	-0.237974	-0.320000	1.000000	0.931889	0.000000
#P-0.338641	-0.367862	-0.320000	1.000000	0.984520	0.000000
#P-0.200848	-0.457887	-0.320000	1.000000	0.037152	0.000000
#P-0.041290	-0.498292	-0.320000	1.000000	0.089783	0.000000
#P0.122743	-0.484700	-0.320000	1.000000	0.142415	0.000000
#P0.273474	-0.418583	-0.320000	1.000000	0.195046	0.000000
#P0.394570	-0.307106	-0.320000	1.000000	0.247678	0.000000
#P0.472909	-0.162350	-0.320000	1.000000	0.300310	0.000000
#P0.500000	0.000000	-0.320000	1.000000	0.352941	0.000000
#P0.500000	0.000000	-0.280000	1.000000	0.372549	0.000000
#P0.472909	0.162350	-0.280000	1.000000	0.425181	0.000000
#P0.394570	0.307106	-0.280000	1.000000	0.477812	0.000000
#P0.273474	0.418583	-0.280000	1.000000	0.530444	0.000000
#P0.122743	0.484700	-0.280000	1.000000	0.583075	0.000000
#P-0.041290	0.498292	-0.280000	1.000000	0.635707	0.000000
#P-0.200848	0.457887	-0.280000	1.000000	0.688338	0.000000
#P-0.338641	0.367862	-0.280000	1.000000	0.740970	0.000000
#P-0.439737	0.237974	-0.280000	1.000000	0.793602	0.000000
#P-0.493181	0.082297	-0.280000	1.000000	0.846233	0.000000
#P-0.493181	-0.082297	-0.280000	1.000000	0.898865	0.000000
#P-0.439737	-0.237974	-0.280000	1.000000	0.951496	0.000000
#P-0.338641	-0.367862	-0.280000	1.000000	0.004128	0.000000
#P-0.200848	-0.457887	-0.280000	1.000000	0.056760	0.000000
#P-0.041290	-0.498292	-0.280000	1.000000	0.109391	0.000000
#P0.122743	-0.484700	-0.280000	1.000000	0.162023	0.000000
#P0.273474	-0.418583	-0.280000	1.000000	0.214654	0.000000
#P0.394570	-0.307106	-0.280000	1.000000	0.267286	0.000000
#P0.472909	-0.162350	-0.280000	1.000000	0.319917	0.000000
#P0.500000	0.000000	-0.280000	1.000000	0.372549	0.000000
#P0.500000	0.000000	-0.240000	1.000000	0.392157	0.000000
#P0.472909	0.162350	-0.240000	1.000000	0.444788	0.000000
#P0.394570	0.307106	-0.240000	1.000000	0.497420	0.000000
#P0.273474	0.418583	-0.240000	1.000000	0.550052	0.000000
#P0.122743	0.484700	-0.240000	1.000000	0.602683	0.000000
#P-0.041290	0.498292	-0.240000	1.000000	0.655315	0.000000
#P-0.200848	0.457887	-0.240000	1.000000	0.707946	0.000000
#P-0.338641	0.367862	-0.240000	1.000000	0.760578	0.000000
#P-0.439737	0.237974	-0.240000	1.000000	0.813209	0.000000
#P-0.493181	0.082297	-0.240000	1.000000	0.865841	0.000000
#P-0.493181	-0.082297	-0.240000	1.000000	0.918473	0.000000
#P-0.439737	-0.237974	-0.240000	1.000000	0.971104	0.000000
#P-0.338641	-0.367862	-0.240000	1.000000	0.023736	0.000000
#P-0.200848	-0.457887	-0.240000	1.000000	0.076367	0.000000
#P-0.041290	-0.498292	-0.240000	1.000000	0.128999	0.000000
#P0.122743	-0.484700	-0.240000	1.000000	0.181631	0.000000
#P0.273474	-0.418583	-0.240000	1.000000	0.234262	0.000000
#P0.394570	-0.307106	-0.240000	1.000000	0.286894	0.000000
#P0.472909	-0.162350	-0.240000	1.000000	0.339525	0.000000
#P0.500000	0.000000	-0.240000	1.000000	0.392157	0.000000
#P0.500000	0.000000	-0.200000	1.000000	0.411765	0.000000
#P0.472909	0.162350	-0.200000	1.000000	0.464396	0.000000
#P0.394570	0.307106	-0.200000	1.000000	0.517028	0.000000
#P0.273474	0.418583	-0.200000	1.000000	0.569659	0.000000
#P0.122743	0.484700	-0.200000	1.000000	0.622291	0.000000
#P-0.041290	0.498292	-0.200000	1.000000	0.674923	0.000000
#P-0.200848	0.457887	-0.200000	1.000000	0.727554	0.000000
#P-0.338641	0.367862	-0.200000	1.000000	0.780186	0.000000
#P-0.439737	0.237974	-0.200000	1.000000	0.832817	0.000000
#P-0.493181	0.082297	-0.200000	1.000000	0.885449	0.000000
#P-0.493181	-0.082297	-0.200000	1.000000	0.938080	0.000000
#P-0.439737	-0.237974	-0.200000	1.000000	0.990712	0.000000
#P-0.338641	-0.367862	-0.200000	1.000000	0.043344	0.000000
#P-0.200848	-0.457887	-0.200000	1.000000	0.095975	0.000000
#P-0.041290	-0.498292	-0.200000	1.000000	0.148607	0.000000
#P0.122743	-0.484700	-0.200000	1.000000	0.201238	0.000000
#P0.273474	-0.418583	-0.200000	1.000000	0.253870	0.000000
#P0.394570	-0.307106	-0.200000	1.000000	0.306502	0.000000
#P0.472909	-0.162350	-0.200000	1.000000	0.359133	0.000000
#P0.500000	0.000000	-0.200000	1.000000	0.411765	0.000000
#P0.500000	0.000000	-0.160000	1.000000	0.431373	0.000000
#P0.472909	0.162350	-0.160000	1.000000	0.484004	0.000000
#P0.394570	0.307106	-0.160000	1.000000	0.536636	0.000000
#P0.273474	0.418583	-0.160000	1.000000	0.589267	0.000000
#P0.122743	0.484700	-0.160000	1.000000	0.641899	0.000000
#P-0.041290	0.498292	-0.160000	1.000000	0.694530	0.000000
#P-0.200848	0.457887	-0.160000	1.000000	0.747162	0.000000
#P-0.338641	0.367862	-0.160000	1.000000	0.799794	0.000000
#P-0.439737	0.237974	-0.160000	1.000000	0.852425	0.000000
#P-0.493181	0.082297	-0.160000	1.000000	0.905057	0.000000
#P-0.493181	-0.082297	-0.160000	1.000000	0.957688	0.000000
#P-0.439737	-0.237974	-0.160000	1.000000	0.010320	0.000000
#P-0.338641	-0.367862	-0.160000	1.000000	0.062951	0.000000
#P-0.200848	-0.457887	-0.160000	1.000000	0.115583	0.000000
#P-0.041290	-0.498292	-0.160000	1.000000	0.168215	0.000000
#P0.122743	-0.484700	-0.160000	1.000000	0.220846	0.000000
#P0.273474	-0.418583	-0.160000	1.000000	0.273478	0.000000
#P0.394570	-0.307106	-0.160000	1.000000	0.326109	0.000000
#P0.472909	-0.162350	-0.160000	1.000000	0.378741	0.000000
#P0.500000	0.000000	-0.160000	1.000000	0.431373	0.000000
#P0.500000	0.000000	-0.120000	1.000000	0.450980	0.000000
#P0.472909	0.162350	-0.120000	1.000000	0.503612	0.000000
#P0.394570	0.307106	-0.120000	1.000000	0.556244	0.000000
#P0.273474	0.418583	-0.120000	1.000000	0.608875	0.000000
#P0.122743	0.484700	-0.120000	1.000000	0.661507	0.000000
#P-0.041290	0.498292	-0.120000	1.000000	0.714138	0.000000
#P-0.200848	0.457887	-0.120000	1.000000	0.766770	0.000000
#P-0.338641	0.367862	-0.120000	1.000000	0.819401	0.000000
#P-0.439737	0.237974	-0.120000	1.000000	0.872033	0.000000
#P-0.493181	0.082297	-0.120000	1.000000	0.924665	0.000000
#P-0.493181	-0.082297	-0.120000	1.000000	0.977296	0.000000
#P-0.439737	-0.237974	-0.120000	1.000000	0.029928	0.000000
#P-0.338641	-0.367862	-0.120000	1.000000	0.082559	0.000000
#P-0.200848	-0.457887	-0.120000	1.000000	0.135191	0.000000
#P-0.041290	-0.498292	-0.120000	1.000000	0.187822	0.000000
#P0.122743	-0.484700	-0.120000	1.000000	0.240454	0.000000
#P0.273474	-0.418583	-0.120000	1.000000	0.293086	0.000000
#P0.394570	-0.307106	-0.120000	1.000000	0.345717	0.000000
#P0.472909	-0.162350	-0.120000	1.000000	0.398349	0.000000
#P0.500000	0.000000	-0.120000	1.000000	0.450980	0.000000
#P0.500000	0.000000	-0.080000	1.000000	0.470588	0.000000
#P0.472909	0.162350	-0.080000	1.000000	0.523220	0.000000
#P0.394570	0.307106	-0.080000	1.000000	0.575851	0.000000
#P0.273474	0.418583	-0.080000	1.000000	0.628483	0.000000
#P0.122743	0.484700	-0.080000	1.000000	0.681115	0.000000
#P-0.041290	0.498292	-0.080000	1.000000	0.733746	0.000000
#P-0.200848	0.457887	-0.080000	1.000000	0.786378	0.000000
#P-0.338641	0.367862	-0.080000	1.000000	0.839009	0.000000
#P-0.439737	0.237974	-0.080000	1.000000	0.891641	0.000000
#P-0.493181	0.082297	-0.080000	1.000000	0.944272	0.000000
#P-0.493181	-0.082297	-0.080000	1.000000	0.996904	0.000000
#P-0.439737	-0.237974	-0.080000	1.000000	0.049536	0.000000
#P-0.338641	-0.367862	-0.080000	1.000000	0.102167	0.000000
#P-0.200848	-0.457887	-0.080000	1.000000	0.154799	0.000000
#P-0.041290	-0.498292	-0.080000	1.000000	0.207430	0.000000
#P0.122743	-0.484700	-0.080000	1.000000	0.260062	0.000000
#P0.273474	-0.418583	-0.080000	1.000000	0.312693	0.000000
#P0.394570	-0.307106	-0.080000	1.000000	0.365325	0.000000
#P0.472909	-0.162350	-0.080000	1.000000	0.417957	0.000000
#P0.500000	0.000000	-0.080000	1.000000	0.470588	0.000000
#P0.500000	0.000000	-0.040000	1.000000	0.490196	0.000000
#P0.472909	0.162350	-0.040000	1.000000	0.542828	0.000000
#P0.394570	0.307106	-0.040000	1.000000	0.595459	0.000000
#P0.273474	0.418583	-0.040000	1.000000	0.648091	0.000000
#P0.122743	0.484700	-0.040000	1.000000	0.700722	0.000000
#P-0.041290	0.498292	-0.040000	1.000000	0.753354	0.000000
#P-0.200848	0.457887	-0.040000	1.000000	0.805986	0.000000
#P-0.338641	0.367862	-0.040000	1.000000	0.858617	0.000000
#P-0.439737	0.237974	-0.040000	1.000000	0.911249	0.000000
#P-0.493181	0.082297	-0.040000	1.000000	0.963880	0.000000
#P-0.493181	-0.082297	-0.040000	1.000000	0.016512	0.000000
#P-0.439737	-0.237974	-0.040000	1.000000	0.069143	0.000000
#P-0.338641	-0.367862	-0.040000	1.000000	0.121775	0.000000
#P-0.200848	-0.457887	-0.040000	1.000000	0.174407	0.000000
#P-0.041290	-0.498292	-0.040000	1.000000	0.227038	0.000000
#P0.122743	-0.484700	-0.040000	1.000000	0.279670	0.000000
#P0.273474	-0.418583	-0.040000	1.000000	0.332301	0.000000
#P0.394570	-0.307106	-0.040000	1.000000	0.384933	0.000000
#P0.472909	-0.162350	-0.040000	1.000000	0.437564	0.000000
#P0.500000	0.000000	-0.040000	1.000000	0.490196	0.000000
#P0.500000	0.000000	0.000000	1.000000	0.509804	0.000000
#P0.472909	0.162350	0.000000	1.000000	0.562436	0.000000
#P0.394570	0.307106	0.000000	1.000000	0.615067	0.000000
#P0.273474	0.418583	0.000000	1.000000	0.667699	0.000000
#P0.122743	0.484700	0.000000	1.000000	0.720330	0.000000
#P-0.041290	0.498292	0.000000	1.000000	0.772962	0.000000
#P-0.200848	0.457887	0.000000	1.000000	0.825593	0.000000
#P-0.338641	0.367862	0.000000	1.000000	0.878225	0.000000
#P-0.439737	0.237974	0.000000	1.000000	0.930857	0.000000
#P-0.493181	0.082297	0.000000	1.000000	0.983488	0.000000
#P-0.493181	-0.082297	0.000000	1.000000	0.036120	0.000000
#P-0.439737	-0.237974	0.000000	1.000000	0.088751	0.000000
#P-0.338641	-0.367862	0.000000	1.000000	0.141383	0.000000
#P-0.200848	-0.457887	0.000000	1.000000	0.194014	0.000000
#P-0.041290	-0.498292	0.000000	1.000000	0.246646	0.000000
#P0.122743	-0.484700	0.000000	1.000000	0.299278	0.000000
#P0.273474	-0.418583	0.000000	1.000000	0.351909	0.000000
#P0.394570	-0.307106	0.000000	1.000000	0.404541	0.000000
#P0.472909	-0.162350	0.000000	1.000000	0.457172	0.000000
#P0.500000	0.000000	0.000000	1.000000	0.509804	0.000000
#P0.500000	0.000000	0.040000	1.000000	0.529412	0.000000
#P0.472909	0.162350	0.040000	1.000000	0.582043	0.000000
#P0.394570	0.307106	0.040000	1.000000	0.634675	0.000000
#P0.273474	0.418583	0.040000	1.000000	0.687307	0.000000
#P0.122743	0.484700	0.040000	1.000000	0.739938	0.000000
#P-0.041290	0.498292	0.040000	1.000000	0.792570	0.000000
#P-0.200848	0.457887	0.040000	1.000000	0.845201	0.000000
#P-0.338641	0.367862	0.040000	1.000000	0.897833	0.000000
#P-0.439737	0.237974	0.040000	1.000000	0.950464	0.000000
#P-0.493181	0.082297	0.040000	1.000000	0.003096	0.000000
#P-0.493181	-0.082297	0.040000	1.000000	0.055728	0.000000
#P-0.439737	-0.237974	0.040000	1.000000	0.108359	0.000000
#P-0.338641	-0.367862	0.040000	1.000000	0.160991	0.000000
#P-0.200848	-0.457887	0.040000	1.000000	0.213622	0.000000
#P-0.041290	-0.498292	0.040000	1.000000	0.266254	0.000000
#P0.122743	-0.484700	0.040000	1.000000	0.318885	0.000000
#P0.273474	-0.418583	0.040000	1.000000	0.371517	0.000000
#P0.394570	-0.307106	0.040000	1.000000	0.424149	0.000000
#P0.472909	-0.162350	0.040000	1.000000	0.476780	0.000000
#P0.500000	0.000000	0.040000	1.000000	0.529412	0.000000
#P0.500000	0.000000	0.080000	1.000000	0.549020	0.000000
#P0.472909	0.162350	0.080000	1.000000	0.601651	0.000000
#P0.394570	0.307106	0.080000	1.000000	0.654283	0.000000
#P0.273474	0.418583	0.080000	1.000000	0.706914	0.000000
#P0.122743	0.484700	0.080000	1.000000	0.759546	0.000000
#P-0.041290	0.498292	0.080000	1.000000	0.812178	0.000000
#P-0.200848	0.457887	0.080000	1.000000	0.864809	0.000000
#P-0.338641	0.367862	0.080000	1.000000	0.917441	0.000000
#P-0.439737	0.237974	0.080000	1.000000	0.970072	0.000000
#P-0.493181	0.082297	0.080000	1.000000	0.022704	0.000000
#P-0.493181	-0.082297	0.080000	1.000000	0.075335	0.000000
#P-0.439737	-0.237974	0.080000	1.000000	0.127967	0.000000
#P-0.338641	-0.367862	0.080000	1.000000	0.180599	0.000000
#P-0.200848	-0.457887	0.080000	1.000000	0.233230	0.000000
#P-0.041290	-0.498292	0.080000	1.000000	0.285862	0.000000
#P0.122743	-0.484700	0.080000	1.000000	0.338493	0.000000
#P0.273474	-0.418583	0.080000	1.000000	0.391125	0.000000
#P0.394570	-0.307106	0.080000	1.000000	0.443756	0.000000
#P0.472909	-0.162350	0.080000	1.000000	0.496388	0.000000
#P0.500000	0.000000	0.080000	1.000000	0.549020	0.000000
#P0.500000	0.000000	0.120000	1.000000	0.568627	0.000000
#P0.472909	0.162350	0.120000	1.000000	0.621259	0.000000
#P0.394570	0.307106	0.120000	1.000000	0.673891	0.000000
#P0.273474	0.418583	0.120000	1.000000	0.726522	0.000000
#P0.122743	0.484700	0.120000	1.000000	0.779154	0.000000
#P-0.041290	0.498292	0.120000	1.000000	0.831785	0.000000
#P-0.200848	0.457887	0.120000	1.000000	0.884417	0.000000
#P-0.338641	0.367862	0.120000	1.000000	0.937049	0.000000
#P-0.439737	0.237974	0.120000	1.000000	0.989680	0.000000
#P-0.493181	0.082297	0.120000	1.000000	0.042312	0.000000
#P-0.493181	-0.082297	0.120000	1.000000	0.094943	0.000000
#P-0.439737	-0.237974	0.120000	1.000000	0.147575	0.000000
#P-0.338641	-0.367862	0.120000	1.000000	0.200206	0.000000
#P-0.200848	-0.457887	0.120000	1.000000	0.252838	0.000000
#P-0.041290	-0.498292	0.120000	1.000000	0.305470	0.000000
#P0.122743	-0.484700	0.120000	1.000000	0.358101	0.000000
#P0.273474	-0.418583	0.120000	1.000000	0.410733	0.000000
#P0.394570	-0.307106	0.120000	1.000000	0.463364	0.000000
#P0.472909	-0.162350	0.120000	1.000000	0.515996	0.000000
#P0.500000	0.000000	0.120000	1.000000	0.568627	0.000000
#P0.500000	0.000000	0.160000	1.000000	0.588235	0.000000
#P0.472909	0.162350	0.160000	1.000000	0.640867	0.000000
#P0.394570	0.307106	0.160000	1.000000	0.693498	0.000000
#P0.273474	0.418583	0.160000	1.000000	0.746130	0.000000
#P0.122743	0.484700	0.160000	1.000000	0.798762	0.000000
#P-0.041290	0.498292	0.160000	1.000000	0.851393	0.000000
#P-0.200848	0.457887	0.160000	1.000000	0.904025	0.000000
#P-0.338641	0.367862	0.160000	1.000000	0.956656	0.000000
#P-0.439737	0.237974	0.160000	1.000000	0.009288	0.000000
#P-0.493181	0.082297	0.160000	1.000000	0.061920	0.000000
#P-0.493181	-0.082297	0.160000	1.000000	0.114551	0.000000
#P-0.439737	-0.237974	0.160000	1.000000	0.167183	0.000000
#P-0.338641	-0.367862	0.160000	1.000000	0.219814	0.000000
#P-0.200848	-0.457887	0.160000	1.000000	0.272446	0.000000
#P-0.041290	-0.498292	0.160000	1.000000	0.325077	0.000000
#P0.122743	-0.484700	0.160000	1.000000	0.377709	0.000000
#P0.273474	-0.418583	0.160000	1.000000	0.430341	0.000000
#P0.394570	-0.307106	0.160000	1.000000	0.482972	0.000000
#P0.472909	-0.162350	0.160000	1.000000	0.535604	0.000000
#P0.500000	0.000000	0.160000	1.000000	0.588235	0.000000
#P0.500000	0.000000	0.200000	1.000000	0.607843	0.000000
#P0.472909	0.162350	0.200000	1.000000	0.660475	0.000000
#P0.394570	0.307106	0.200000	1.000000	0.713106	0.000000
#P0.273474	0.418583	0.200000	1.000000	0.765738	0.000000
#P0.122743	0.484700	0.200000	1.000000	0.818369	0.000000
#P-0.041290	0.498292	0.200000	1.000000	0.871001	0.000000
#P-0.200848	0.457887	0.200000	1.000000	0.923633	0.000000
#P-0.338641	0.367862	0.200000	1.000000	0.976264	0.000000
#P-0.439737	0.237974	0.200000	1.000000	0.028896	0.000000
#P-0.493181	0.082297	0.200000	1.000000	0.081527	0.000000
#P-0.493181	-0.082297	0.200000	1.000000	0.134159	0.000000
#P-0.439737	-0.237974	0.200000	1.000000	0.186791	0.000000
#P-0.338641	-0.367862	0.200000	1.000000	0.239422	0.000000
#P-0.200848	-0.457887	0.200000	1.000000	0.292054	0.000000
#P-0.041290	-0.498292	0.200000	1.000000	0.344685	0.000000
#P0.122743	-0.484700	0.200000	1.000000	0.397317	0.000000
#P0.273474	-0.418583	0.200000	1.000000	0.449948	0.000000
#P0.394570	-0.307106	0.200000	1.000000	0.502580	0.000000
#P0.472909	-0.162350	0.200000	1.000000	0.555212	0.000000
#P0.500000	0.000000	0.200000	1.000000	0.607843	0.000000
#P0.500000	0.000000	0.240000	1.000000	0.627451	0.000000
#P0.472909	0.162350	0.240000	1.000000	0.680083	0.000000
#P0.394570	0.307106	0.240000	1.000000	0.732714	0.000000
#P0.273474	0.418583	0.240000	1.000000	0.785346	0.000000
#P0.122743	0.484700	0.240000	1.000000	0.837977	0.000000
#P-0.041290	0.498292	0.240000	1.000000	0.890609	0.000000
#P-0.200848	0.457887	0.240000	1.000000	0.943240	0.000000
#P-0.338641	0.367862	0.240000	1.000000	0.995872	0.000000
#P-0.439737	0.237974	0.240000	1.000000	0.048504	0.000000
#P-0.493181	0.082297	0.240000	1.000000	0.101135	0.000000
#P-0.493181	-0.082297	0.240000	1.000000	0.153767	0.000000
#P-0.439737	-0.237974	0.240000	1.000000	0.206398	0.000000
#P-0.338641	-0.367862	0.240000	1.000000	0.259030	0.000000
#P-0.200848	-0.457887	0.240000	1.000000	0.311662	0.000000
#P-0.041290	-0.498292	0.240000	1.000000	0.364293	0.000000
#P0.122743	-0.484700	0.240000	1.000000	0.416925	0.000000
#P0.273474	-0.418583	0.240000	1.000000	0.469556	0.000000
#P0.394570	-0.307106	0.240000	1.000000	0.522188	0.000000
#P0.472909	-0.162350	0.240000	1.000000	0.574819	0.000000
#P0.500000	0.000000	0.240000	1.000000	0.627451	0.000000
#P0.500000	0.000000	0.280000	1.000000	0.647059	0.000000
#P0.472909	0.162350	0.280000	1.000000	0.699690	0.000000
#P0.394570	0.307106	0.280000	1.000000	0.752322	0.000000
#P0.273474	0.418583	0.280000	1.000000	0.804954	0.000000
#P0.122743	0.484700	0.280000	1.000000	0.857585	0.000000
#P-0.041290	0.498292	0.280000	1.000000	0.910217	0.000000
#P-0.200848	0.457887	0.280000	1.000000	0.962848	0.000000
#P-0.338641	0.367862	0.280000	1.000000	0.015480	0.000000
#P-0.439737	0.237974	0.280000	1.000000	0.068111	0.000000
#P-0.493181	0.082297	0.280000	1.000000	0.120743	0.000000
#P-0.493181	-0.082297	0.280000	1.000000	0.173375	0.000000
#P-0.439737	-0.237974	0.280000	1.000000	0.226006	0.000000
#P-0.338641	-0.367862	0.280000	1.000000	0.278638	0.000000
#P-0.200848	-0.457887	0.280000	1.000000	0.331269	0.000000
#P-0.041290	-0.498292	0.280000	1.000000	0.383901	0.000000
#P0.122743	-0.484700	0.280000	1.000000	0.436533	0.000000
#P0.273474	-0.418583	0.280000	1.000000	0.489164	0.000000
#P0.394570	-0.307106	0.280000	1.000000	0.541796	0.000000
#P0.472909	-0.162350	0.280000	1.000000	0.594427	0.000000
#P0.500000	0.000000	0.280000	1.000000	0.647059	0.000000
#P0.500000	0.000000	0.320000	1.000000	0.666667	0.000000
#P0.472909	0.162350	0.320000	1.000000	0.719298	0.000000
#P0.394570	0.307106	0.320000	1.000000	0.771930	0.000000
#P0.273474	0.418583	0.320000	1.000000	0.824561	0.000000
#P0.122743	0.484700	0.320000	1.000000	0.877193	0.000000
#P-0.041290	0.498292	0.320000	1.000000	0.929825	0.000000
#P-0.200848	0.457887	0.320000	1.000000	0.982456	0.000000
#P-0.338641	0.367862	0.320000	1.000000	0.035088	0.000000
#P-0.439737	0.237974	0.320000	1.000000	0.087719	0.000000
#P-0.493181	0.082297	0.320000	1.000000	0.140351	0.000000
#P-0.493181	-0.082297	0.320000	1.000000	0.192982	0.000000
#P-0.439737	-0.237974	0.320000	1.000000	0.245614	0.000000
#P-0.338641	-0.367862	0.320000	1.000000	0.298246	0.000000
#P-0.200848	-0.457887	0.320000	1.000000	0.350877	0.000000
#P-0.041290	-0.498292	0.320000	1.000000	0.403509	0.000000
#P0.122743	-0.484700	0.320000	1.000000	0.456140	0.000000
#P0.273474	-0.418583	0.320000	1.000000	0.508772	0.000000
#P0.394570	-0.307106	0.320000	1.000000	0.561404	0.000000
#P0.472909	-0.162350	0.320000	1.000000	0.614035	0.000000
#P0.500000	0.000000	0.320000	1.000000	0.666667	0.000000
#P0.500000	0.000000	0.360000	1.000000	0.686275	0.000000
#P0.472909	0.162350	0.360000	1.000000	0.738906	0.000000
#P0.394570	0.307106	0.360000	1.000000	0.791538	0.000000
#P0.273474	0.418583	0.360000	1.000000	0.844169	0.000000
#P0.122743	0.484700	0.360000	1.000000	0.896801	0.000000
#P-0.041290	0.498292	0.360000	1.000000	0.949432	0.000000
#P-0.200848	0.457887	0.360000	1.000000	0.002064	0.000000
#P-0.338641	0.367862	0.360000	1.000000	0.054696	0.000000
#P-0.439737	0.237974	0.360000	1.000000	0.107327	0.000000
#P-0.493181	0.082297	0.360000	1.000000	0.159959	0.000000
#P-0.493181	-0.082297	0.360000	1.000000	0.212590	0.000000
#P-0.439737	-0.237974	0.360000	1.000000	0.265222	0.000000
#P-0.338641	-0.367862	0.360000	1.000000	0.317853	0.000000
#P-0.200848	-0.457887	0.360000	1.000000	0.370485	0.000000
#P-0.041290	-0.498292	0.360000	1.000000	0.423117	0.000000
#P0.122743	-0.484700	0.360000	1.000000	0.475748	0.000000
#P0.273474	-0.418583	0.360000	1.000000	0.528380	0.000000
#P0.394570	-0.307106	0.360000	1.000000	0.581011	0.000000
#P0.472909	-0.162350	0.360000	1.000000	0.633643	0.000000
#P0.500000	0.000000	0.360000	1.000000	0.686275	0.000000
#P0.500000	0.000000	0.400000	1.000000	0.705882	0.000000
#P0.472909	0.162350	0.400000	1.000000	0.758514	0.000000
#P0.394570	0.307106	0.400000	1.000000	0.811146	0.000000
#P0.273474	0.418583	0.400000	1.000000	0.863777	0.000000
#P0.122743	0.484700	0.400000	1.000000	0.916409	0.000000
#P-0.041290	0.498292	0.400000	1.000000	0.969040	0.000000
#P-0.200848	0.457887	0.400000	1.000000	0.021672	0.000000
#P-0.338641	0.367862	0.400000	1.000000	0.074303	0.000000
#P-0.439737	0.237974	0.400000	1.000000	0.126935	0.000000
#P-0.493181	0.082297	0.400000	1.000000	0.179567	0.000000
#P-0.493181	-0.082297	0.400000	1.000000	0.232198	0.000000
#P-0.439737	-0.237974	0.400000	1.000000	0.284830	0.000000
#P-0.338641	-0.367862	0.400000	1.000000	0.337461	0.000000
#P-0.200848	-0.457887	0.400000	1.000000	0.390093	0.000000
#P-0.041290	-0.498292	0.400000	1.000000	0.442724	0.000000
#P0.122743	-0.484700	0.400000	1.000000	0.495356	0.000000
#P0.273474	-0.418583	0.400000	1.000000	0.547988	0.000000
#P0.394570	-0.307106	0.400000	1.000000	0.600619	0.000000
#P0.472909	-0.162350	0.400000	1.000000	0.653251	0.000000
#P0.500000	0.000000	0.400000	1.000000	0.705882	0.000000
#P0.500000	0.000000	0.440000	1.000000	0.725490	0.000000
#P0.472909	0.162350	0.440000	1.000000	0.778122	0.000000
#P0.394570	0.307106	0.440000	1.000000	0.830753	0.000000
#P0.273474	0.418583	0.440000	1.000000	0.883385	0.000000
#P0.122743	0.484700	0.440000	1.000000	0.936017	0.000000
#P-0.041290	0.498292	0.440000	1.000000	0.988648	0.000000
#P-0.200848	0.457887	0.440000	1.000000	0.041280	0.000000
#P-0.338641	0.367862	0.440000	1.000000	0.093911	0.000000
#P-0.439737	0.237974	0.440000	1.000000	0.146543	0.000000
#P-0.493181	0.082297	0.440000	1.000000	0.199174	0.000000
#P-0.493181	-0.082297	0.440000	1.000000	0.251806	0.000000
#P-0.439737	-0.237974	0.440000	1.000000	0.304438	0.000000
#P-0.338641	-0.367862	0.440000	1.000000	0.357069	0.000000
#P-0.200848	-0.457887	0.440000	1.000000	0.409701	0.000000
#P-0.041290	-0.498292	0.440000	1.000000	0.462332	0.000000
#P0.122743	-0.484700	0.440000	1.000000	0.514964	0.000000
#P0.273474	-0.418583	0.440000	1.000000	0.567595	0.000000
#P0.394570	-0.307106	0.440000	1.000000	0.620227	0.000000
#P0.472909	-0.162350	0.440000	1.000000	0.672859	0.000000
#P0.500000	0.000000	0.440000	1.000000	0.725490	0.000000
#P0.500000	0.000000	0.480000	1.000000	0.745098	0.000000
#P0.472909	0.162350	0.480000	1.000000	0.797730	0.000000
#P0.394570	0.307106	0.480000	1.000000	0.850361	0.000000
#P0.273474	0.418583	0.480000	1.000000	0.902993	0.000000
#P0.122743	0.484700	0.480000	1.000000	0.955624	0.000000
#P-0.041290	0.498292	0.480000	1.000000	0.008256	0.000000
#P-0.200848	0.457887	0.480000	1.000000	0.060888	0.000000
#P-0.338641	0.367862	0.480000	1.000000	0.113519	0.000000
#P-0.439737	0.237974	0.480000	1.000000	0.166151	0.000000
#P-0.493181	0.082297	0.480000	1.000000	0.218782	0.000000
#P-0.493181	-0.082297	0.480000	1.000000	0.271414	0.000000
#P-0.439737	-0.237974	0.480000	1.000000	0.324045	0.000000
#P-0.338641	-0.367862	0.480000	1.000000	0.376677	0.000000
#P-0.200848	-0.457887	0.480000	1.000000	0.429309	0.000000
#P-0.041290	-0.498292	0.480000	1.000000	0.481940	0.000000
#P0.122743	-0.484700	0.480000	1.000000	0.534572	0.000000
#P0.273474	-0.418583	0.480000	1.000000	0.587203	0.000000
#P0.394570	-0.307106	0.480000	1.000000	0.639835	0.000000
#P0.472909	-0.162350	0.480000	1.000000	0.692466	0.000000
#P0.500000	0.000000	0.480000	1.000000	0.745098	0.000000
#P0.500000	0.000000	0.520000	1.000000	0.764706	0.000000
#P0.472909	0.162350	0.520000	1.000000	0.817337	0.000000
#P0.394570	0.307106	0.520000	1.000000	0.869969	0.000000
#P0.273474	0.418583	0.520000	1.000000	0.922601	0.000000
#P0.122743	0.484700	0.520000	1.000000	0.975232	0.000000
#P-0.041290	0.498292	0.520000	1.000000	0.027864	0.000000
#P-0.200848	0.457887	0.520000	1.000000	0.080495	0.000000
#P-0.338641	0.367862	0.520000	1.000000	0.133127	0.000000
#P-0.439737	0.237974	0.520000	1.000000	0.185759	0.000000
#P-0.493181	0.082297	0.520000	1.000000	0.238390	0.000000
#P-0.493181	-0.082297	0.520000	1.000000	0.291022	0.000000
#P-0.439737	-0.237974	0.520000	1.000000	0.343653	0.000000
#P-0.338641	-0.367862	0.520000	1.000000	0.396285	0.000000
#P-0.200848	-0.457887	0.520000	1.000000	0.448916	0.000000
#P-0.041290	-0.498292	0.520000	1.000000	0.501548	0.000000
#P0.122743	-0.484700	0.520000	1.000000	0.554180	0.000000
#P0.273474	-0.418583	0.520000	1.000000	0.606811	0.000000
#P0.394570	-0.307106	0.520000	1.000000	0.659443	0.000000
#P0.472909	-0.162350	0.520000	1.000000	0.712074	0.000000
#P0.500000	0.000000	0.520000	1.000000	0.764706	0.000000
#P0.500000	0.000000	0.560000	1.000000	0.784314	0.000000
#P0.472909	0.162350	0.560000	1.000000	0.836945	0.000000
#P0.394570	0.307106	0.560000	1.000000	0.889577	0.000000
#P0.273474	0.418583	0.560000	1.000000	0.942208	0.000000
#P0.122743	0.484700	0.560000	1.000000	0.994840	0.000000
#P-0.041290	0.498292	0.560000	1.000000	0.047472	0.000000
#P-0.200848	0.457887	0.560000	1.000000	0.100103	0.000000
#P-0.338641	0.367862	0.560000	1.000000	0.152735	0.000000
#P-0.439737	0.237974	0.560000	1.000000	0.205366	0.000000
#P-0.493181	0.082297	0.560000	1.000000	0.257998	0.000000
#P-0.493181	-0.082297	0.560000	1.000000	0.310630	0.000000
#P-0.439737	-0.237974	0.560000	1.000000	0.363261	0.000000
#P-0.338641	-0.367862	0.560000	1.000000	0.415893	0.000000
#P-0.200848	-0.457887	0.560000	1.000000	0.468524	0.000000
#P-0.041290	-0.498292	0.560000	1.000000	0.521156	0.000000
#P0.122743	-0.484700	0.560000	1.000000	0.573787	0.000000
#P0.273474	-0.418583	0.560000	1.000000	0.626419	0.000000
#P0.394570	-0.307106	0.560000	1.000000	0.679051	0.000000
#P0.472909	-0.162350	0.560000	1.000000	0.731682	0.000000
#P0.500000	0.000000	0.560000	1.000000	0.784314	0.000000
#P0.500000	0.000000	0.600000	1.000000	0.803922	0.000000
#P0.472909	0.162350	0.600000	1.000000	0.856553	0.000000
#P0.394570	0.307106	0.600000	1.000000	0.909185	0.000000
#P0.273474	0.418583	0.600000	1.000000	0.961816	0.000000
#P0.122743	0.484700	0.600000	1.000000	0.014448	0.000000
#P-0.041290	0.498292	0.600000	1.000000	0.067079	0.000000
#P-0.200848	0.457887	0.600000	1.000000	0.119711	0.000000
#P-0.338641	0.367862	0.600000	1.000000	0.172343	0.000000
#P-0.439737	0.237974	0.600000	1.000000	0.224974	0.000000
#P-0.493181	0.082297	0.600000	1.000000	0.277606	0.000000
#P-0.493181	-0.082297	0.600000	1.000000	0.330237	0.000000
#P-0.439737	-0.237974	0.600000	1.000000	0.382869	0.000000
#P-0.338641	-0.367862	0.600000	1.000000	0.435501	0.000000
#P-0.200848	-0.457887	0.600000	1.000000	0.488132	0.000000
#P-0.041290	-0.498292	0.600000	1.000000	0.540764	0.000000
#P0.122743	-0.484700	0.600000	1.000000	0.593395	0.000000
#P0.273474	-0.418583	0.600000	1.000000	0.646027	0.000000
#P0.394570	-0.307106	0.600000	1.000000	0.698658	0.000000
#P0.472909	-0.162350	0.600000	1.000000	0.751290	0.000000
#P0.500000	0.000000	0.600000	1.000000	0.803922	0.000000
#P0.500000	0.000000	0.640000	1.000000	0.823529	0.000000
#P0.472909	0.162350	0.640000	1.000000	0.876161	0.000000
#P0.394570	0.307106	0.640000	1.000000	0.928793	0.000000
#P0.273474	0.418583	0.640000	1.000000	0.981424	0.000000
#P0.122743	0.484700	0.640000	1.000000	0.034056	0.000000
#P-0.041290	0.498292	0.640000	1.000000	0.086687	0.000000
#P-0.200848	0.457887	0.640000	1.000000	0.139319	0.000000
#P-0.338641	0.367862	0.640000	1.000000	0.191950	0.000000
#P-0.439737	0.237974	0.640000	1.000000	0.244582	0.000000
#P-0.493181	0.082297	0.640000	1.000000	0.297214	0.000000
#P-0.493181	-0.082297	0.640000	1.000000	0.349845	0.000000
#P-0.439737	-0.237974	0.640000	1.000000	0.402477	0.000000
#P-0.338641	-0.367862	0.640000	1.000000	0.455108	0.000000
#P-0.200848	-0.457887	0.640000	1.000000	0.507740	0.000000
#P-0.041290	-0.498292	0.640000	1.000000	0.560372	0.000000
#P0.122743	-0.484700	0.640000	1.000000	0.613003	0.000000
#P0.273474	-0.418583	0.640000	1.000000	0.665635	0.000000
#P0.394570	-0.307106	0.640000	1.000000	0.718266	0.000000
#P0.472909	-0.162350	0.640000	1.000000	0.770898	0.000000
#P0.500000	0.000000	0.640000	1.000000	0.823529	0.000000
#P0.500000	0.000000	0.680000	1.000000	0.843137	0.000000
#P0.472909	0.162350	0.680000	1.000000	0.895769	0.000000
#P0.394570	0.307106	0.680000	1.000000	0.948400	0.000000
#P0.273474	0.418583	0.680000	1.000000	0.001032	0.000000
#P0.122743	0.484700	0.680000	1.000000	0.053664	0.000000
#P-0.041290	0.498292	0.680000	1.000000	0.106295	0.000000
#P-0.200848	0.457887	0.680000	1.000000	0.158927	0.000000
#P-0.338641	0.367862	0.680000	1.000000	0.211558	0.000000
#P-0.439737	0.237974	0.680000	1.000000	0.264190	0.000000
#P-0.493181	0.082297	0.680000	1.000000	0.316821	0.000000
#P-0.493181	-0.082297	0.680000	1.000000	0.369453	0.000000
#P-0.439737	-0.237974	0.680000	1.000000	0.422085	0.000000
#P-0.338641	-0.367862	0.680000	1.000000	0.474716	0.000000
#P-0.200848	-0.457887	0.680000	1.000000	0.527348	0.000000
#P-0.041290	-0.498292	0.680000	1.000000	0.579979	0.000000
#P0.122743	-0.484700	0.680000	1.000000	0.632611	0.000000
#P0.273474	-0.418583	0.680000	1.000000	0.685243	0.000000
#P0.394570	-0.307106	0.680000	1.000000	0.737874	0.000000
#P0.472909	-0.162350	0.680000	1.000000	0.790506	0.000000
#P0.500000	0.000000	0.680000	1.000000	0.843137	0.000000
#P0.500000	0.000000	0.720000	1.000000	0.862745	0.000000
#P0.472909	0.162350	0.720000	1.000000	0.915377	0.000000
#P0.394570	0.307106	0.720000	1.000000	0.968008	0.000000
#P0.273474	0.418583	0.720000	1.000000	0.020640	0.000000
#P0.122743	0.484700	0.720000	1.000000	0.073271	0.000000
#P-0.041290	0.498292	0.720000	1.000000	0.125903	0.000000
#P-0.200848	0.457887	0.720000	1.000000	0.178535	0.000000
#P-0.338641	0.367862	0.720000	1.000000	0.231166	0.000000
#P-0.439737	0.237974	0.720000	1.000000	0.283798	0.000000
#P-0.493181	0.082297	0.720000	1.000000	0.336429	0.000000
#P-0.493181	-0.082297	0.720000	1.000000	0.389061	0.000000
#P-0.439737	-0.237974	0.720000	1.000000	0.441692	0.000000
#P-0.338641	-0.367862	0.720000	1.000000	0.494324	0.000000
#P-0.200848	-0.457887	0.720000	1.000000	0.546956	0.000000
#P-0.041290	-0.498292	0.720000	1.000000	0.599587	0.000000
#P0.122743	-0.484700	0.720000	1.000000	0.652219	0.000000
#P0.273474	-0.418583	0.720000	1.000000	0.704850	0.000000
#P0.394570	-0.307106	0.720000	1.000000	0.757482	0.000000
#P0.472909	-0.162350	0.720000	1.000000	0.810114	0.000000
#P0.500000	0.000000	0.720000	1.000000	0.862745	0.000000
#P0.500000	0.000000	0.760000	1.000000	0.882353	0.000000
#P0.472909	0.162350	0.760000	1.000000	0.934985	0.000000
#P0.394570	0.307106	0.760000	1.000000	0.987616	0.000000
#P0.273474	0.418583	0.760000	1.000000	0.040248	0.000000
#P0.122743	0.484700	0.760000	1.000000	0.092879	0.000000
#P-0.041290	0.498292	0.760000	1.000000	0.145511	0.000000
#P-0.200848	0.457887	0.760000	1.000000	0.198142	0.000000
#P-0.338641	0.367862	0.760000	1.000000	0.250774	0.000000
#P-0.439737	0.237974	0.760000	1.000000	0.303406	0.000000
#P-0.493181	0.082297	0.760000	1.000000	0.356037	0.000000
#P-0.493181	-0.082297	0.760000	1.000000	0.408669	0.000000
#P-0.439737	-0.237974	0.760000	1.000000	0.461300	0.000000
#P-0.338641	-0.367862	0.760000	1.000000	0.513932	0.000000
#P-0.200848	-0.457887	0.760000	1.000000	0.566563	0.000000
#P-0.041290	-0.498292	0.760000	1.000000	0.619195	0.000000
#P0.122743	-0.484700	0.760000	1.000000	0.671827	0.000000
#P0.273474	-0.418583	0.760000	1.000000	0.724458	0.000000
#P0.394570	-0.307106	0.760000	1.000000	0.777090	0.000000
#P0.472909	-0.162350	0.760000	1.000000	0.829721	0.000000
#P0.500000	0.000000	0.760000	1.000000	0.882353	0.000000
#P0.500000	0.000000	0.800000	1.000000	0.901961	0.000000
#P0.472909	0.162350	0.800000	1.000000	0.954592	0.000000
#P0.394570	0.307106	0.800000	1.000000	0.007224	0.000000
#P0.273474	0.418583	0.800000	1.000000	0.059856	0.000000
#P0.122743	0.484700	0.800000	1.000000	0.112487	0.000000
#P-0.041290	0.498292	0.800000	1.000000	0.165119	0.000000
#P-0.200848	0.457887	0.800000	1.000000	0.217750	0.000000
#P-0.338641	0.367862	0.800000	1.000000	0.270382	0.000000
#P-0.439737	0.237974	0.800000	1.000000	0.323013	0.000000
#P-0.493181	0.082297	0.800000	1.000000	0.375645	0.000000
#P-0.493181	-0.082297	0.800000	1.000000	0.428277	0.000000
#P-0.439737	-0.237974	0.800000	1.000000	0.480908	0.000000
#P-0.338641	-0.367862	0.800000	1.000000	0.533540	0.000000
#P-0.200848	-0.457887	0.800000	1.000000	0.586171	0.000000
#P-0.041290	-0.498292	0.800000	1.000000	0.638803	0.000000
#P0.122743	-0.484700	0.800000	1.000000	0.691434	0.000000
#P0.273474	-0.418583	0.800000	1.000000	0.744066	0.000000
#P0.394570	-0.307106	0.800000	1.000000	0.796698	0.000000
#P0.472909	-0.162350	0.800000	1.000000	0.849329	0.000000
#P0.500000	0.000000	0.800000	1.000000	0.901961	0.000000
#P0.500000	0.000000	0.840000	1.000000	0.921569	0.000000
#P0.472909	0.162350	0.840000	1.000000	0.974200	0.000000
#P0.394570	0.307106	0.840000	1.000000	0.026832	0.000000
#P0.273474	0.418583	0.840000	1.000000	0.079463	0.000000
#P0.122743	0.484700	0.840000	1.000000	0.132095	0.000000
#P-0.041290	0.498292	0.840000	1.000000	0.184727	0.000000
#P-0.200848	0.457887	0.840000	1.000000	0.237358	0.000000
#P-0.338641	0.367862	0.840000	1.000000	0.289990	0.000000
#P-0.439737	0.237974	0.840000	1.000000	0.342621	0.000000
#P-0.493181	0.082297	0.840000	1.000000	0.395253	0.000000
#P-0.493181	-0.082297	0.840000	1.000000	0.447884	0.000000
#P-0.439737	-0.237974	0.840000	1.000000	0.500516	0.000000
#P-0.338641	-0.367862	0.840000	1.000000	0.553148	0.000000
#P-0.200848	-0.457887	0.840000	1.000000	0.605779	0.000000
#P-0.041290	-0.498292	0.840000	1.000000	0.658411	0.000000
#P0.122743	-0.484700	0.840000	1.000000	0.711042	0.000000
#P0.273474	-0.418583	0.840000	1.000000	0.763674	0.000000
#P0.394570	-0.307106	0.840000	1.000000	0.816305	0.000000
#P0.472909	-0.162350	0.840000	1.000000	0.868937	0.000000
#P0.500000	0.000000	0.840000	1.000000	0.921569	0.000000
#P0.500000	0.000000	0.880000	1.000000	0.941176	0.000000
#P0.472909	0.162350	0.880000	1.000000	0.993808	0.000000
#P0.394570	0.307106	0.880000	1.000000	0.046440	0.000000
#P0.273474	0.418583	0.880000	1.000000	0.099071	0.000000
#P0.122743	0.484700	0.880000	1.000000	0.151703	0.000000
#P-0.041290	0.498292	0.880000	1.000000	0.204334	0.000000
#P-0.200848	0.457887	0.880000	1.000000	0.256966	0.000000
#P-0.338641	0.367862	0.880000	1.000000	0.309598	0.000000
#P-0.439737	0.237974	0.880000	1.000000	0.362229	0.000000
#P-0.493181	0.082297	0.880000	1.000000	0.414861	0.000000
#P-0.493181	-0.082297	0.880000	1.000000	0.467492	0.000000
#P-0.439737	-0.237974	0.880000	1.000000	0.520124	0.000000
#P-0.338641	-0.367862	0.880000	1.000000	0.572755	0.000000
#P-0.200848	-0.457887	0.880000	1.000000	0.625387	0.000000
#P-0.041290	-0.498292	0.880000	1.000000	0.678019	0.000000
#P0.122743	-0.484700	0.880000	1.000000	0.730650	0.000000
#P0.273474	-0.418583	0.880000	1.000000	0.783282	0.000000
#P0.394570	-0.307106	0.880000	1.000000	0.835913	0.000000
#P0.472909	-0.162350	0.880000	1.000000	0.888545	0.000000
#P0.500000	0.000000	0.880000	1.000000	0.941176	0.000000
#P0.500000	0.000000	0.920000	1.000000	0.960784	0.000000
#P0.472909	0.162350	0.920000	1.000000	0.013416	0.000000
#P0.394570	0.307106	0.920000	1.000000	0.066047	0.000000
#P0.273474	0.418583	0.920000	1.000000	0.118679	0.000000
#P0.122743	0.484700	0.920000	1.000000	0.171311	0.000000
#P-0.041290	0.498292	0.920000	1.000000	0.223942	0.000000
#P-0.200848	0.457887	0.920000	1.000000	0.276574	0.000000
#P-0.338641	0.367862	0.920000	1.000000	0.329205	0.000000
#P-0.439737	0.237974	0.920000	1.000000	0.381837	0.000000
#P-0.493181	0.082297	0.920000	1.000000	0.434469	0.000000
#P-0.493181	-0.082297	0.920000	1.000000	0.487100	0.000000
#P-0.439737	-0.237974	0.920000	1.000000	0.539732	0.000000
#P-0.338641	-0.367862	0.920000	1.000000	0.592363	0.000000
#P-0.200848	-0.457887	0.920000	1.000000	0.644995	0.000000
#P-0.041290	-0.498292	0.920000	1.000000	0.697626	0.000000
#P0.122743	-0.484700	0.920000	1.000000	0.750258	0.000000
#P0.273474	-0.418583	0.920000	1.000000	0.802890	0.000000
#P0.394570	-0.307106	0.920000	1.000000	0.855521	0.000000
#P0.472909	-0.162350	0.920000	1.000000	0.908153	0.000000
#P0.500000	0.000000	0.920000	1.000000	0.960784	0.000000
#P0.500000	0.000000	0.960000	1.000000	0.980392	0.000000
#P0.472909	0.162350	0.960000	1.000000	0.033024	0.000000
#P0.394570	0.307106	0.960000	1.000000	0.085655	0.000000
#P0.273474	0.418583	0.960000	1.000000	0.138287	0.000000
#P0.122743	0.484700	0.960000	1.000000	0.190918	0.000000
#P-0.041290	0.498292	0.960000	1.000000	0.243550	0.000000
#P-0.200848	0.457887	0.960000	1.000000	0.296182	0.000000
#P-0.338641	0.367862	0.960000	1.000000	0.348813	0.000000
#P-0.439737	0.237974	0.960000	1.000000	0.401445	0.000000
#P-0.493181	0.082297	0.960000	1.000000	0.454076	0.000000
#P-0.493181	-0.082297	0.960000	1.000000	0.506708	0.000000
#P-0.439737	-0.237974	0.960000	1.000000	0.559340	0.000000
#P-0.338641	-0.367862	0.960000	1.000000	0.611971	0.000000
#P-0.200848	-0.457887	0.960000	1.000000	0.664603	0.000000
#P-0.041290	-0.498292	0.960000	1.000000	0.717234	0.000000
#P0.122743	-0.484700	0.960000	1.000000	0.769866	0.000000
#P0.273474	-0.418583	0.960000	1.000000	0.822497	0.000000
#P0.394570	-0.307106	0.960000	1.000000	0.875129	0.000000
#P0.472909	-0.162350	0.960000	1.000000	0.927761	0.000000
#P0.500000	0.000000	0.960000	1.000000	0.980392	0.000000
#P0.500000	0.000000	1.000000	1.000000	0.000000	0.000000
#P0.472909	0.162350	1.000000	1.000000	0.052632	0.000000
#P0.394570	0.307106	1.000000	1.000000	0.105263	0.000000
#P0.273474	0.418583	1.000000	1.000000	0.157895	0.000000
#P0.122743	0.484700	1.000000	1.000000	0.210526	0.000000
#P-0.041290	0.498292	1.000000	1.000000	0.263158	0.000000
#P-0.200848	0.457887	1.000000	1.000000	0.315789	0.000000
#P-0.338641	0.367862	1.000000	1.000000	0.368421	0.000000
#P-0.439737	0.237974	1.000000	1.000000	0.421053	0.000000
#P-0.493181	0.082297	1.000000	1.000000	0.473684	0.000000
#P-0.493181	-0.082297	1.000000	1.000000	0.526316	0.000000
#P-0.439737	-0.237974	1.000000	1.000000	0.578947	0.000000
#P-0.338641	-0.367862	1.000000	1.000000	0.631579	0.000000
#P-0.200848	-0.457887	1.000000	1.000000	0.684211	0.000000
#P-0.041290	-0.498292	1.000000	1.000000	0.736842	0.000000
#P0.122743	-0.484700	1.000000	1.000000	0.789474	0.000000
#P0.273474	-0.418583	1.000000	1.000000	0.842105	0.000000
#P0.394570	-0.307106	1.000000	1.000000	0.894737	0.000000
#P0.472909	-0.162350	1.000000	1.000000	0.947368	0.000000
#P0.500000	0.000000	1.000000	1.000000	0.000000	0.000000
