#N1024
#P0.945126	-0.326706	-0.008682	0.000000	0.500000	1.000000
#P-0.041272	-0.999148	0.078871	0.000000	0.499511	1.000000
#P0.426303	-0.904580	-0.410061	0.000000	0.499022	1.000000
#P-0.240825	0.970569	0.110711	0.000000	0.498534	1.000000
#P-0.496214	0.868200	0.727063	0.000000	0.498045	1.000000
#P-0.559220	-0.829019	-0.251939	0.000000	0.497556	1.000000
#P0.509228	-0.860632	-0.332046	0.000000	0.497067	1.000000
#P-0.889041	0.457828	-0.695619	0.000000	0.496579	1.000000
#P-0.932955	0.359994	0.732610	0.000000	0.496090	1.000000
#P-0.908618	0.417627	0.975976	0.000000	0.495601	1.000000
#P0.931967	0.362544	-0.779702	0.000000	0.495112	1.000000
#P-0.742384	0.669974	-0.451893	0.000000	0.494624	1.000000
#P-0.616445	-0.787398	-0.971014	0.000000	0.494135	1.000000
#P-0.993604	-0.112924	0.159977	0.000000	0.493646	1.000000
#P0.255467	0.966818	0.740777	0.000000	0.493157	1.000000
#P-0.076399	-0.997077	0.239614	0.000000	0.492669	1.000000
#P-0.374829	-0.927094	-0.813196	0.000000	0.492180	1.000000
#P-0.996500	-0.083594	0.608010	0.000000	0.491691	1.000000
#P-0.670778	0.741658	0.819239	0.000000	0.491202	1.000000
#P-0.999896	-0.014439	0.957727	0.000000	0.490714	1.000000
#P0.712757	0.701411	0.515703	0.000000	0.490225	1.000000
#P-0.862622	0.505850	-0.584001	0.000000	0.489736	1.000000
#P0.386942	-0.922104	0.698717	0.000000	0.489247	1.000000
#P0.983300	0.181992	-0.655620	0.000000	0.488759	1.000000
#P-0.967709	-0.252069	0.990916	0.000000	0.488270	1.000000
#P0.746160	0.665767	0.329011	0.000000	0.487781	1.000000
#P-0.107317	-0.994225	-0.306983	0.000000	0.487292	1.000000
#P-0.675188	-0.737646	0.544979	0.000000	0.486804	1.000000
#P-0.951671	-0.307118	-0.537864	0.000000	0.486315	1.000000
#P-0.997706	-0.067691	0.111388	0.000000	0.485826	1.000000
#P-0.267996	-0.963420	0.098746	0.000000	0.485337	1.000000
#P-0.997115	-0.075900	-0.371918	0.000000	0.484848	1.000000
#P-0.181526	-0.983386	-0.821318	0.000000	0.484360	1.000000
#P0.988316	-0.152416	0.111465	0.000000	0.483871	1.000000
#P-0.277192	-0.960815	-0.602499	0.000000	0.483382	1.000000
#P0.943977	-0.330012	-0.202127	0.000000	0.482893	1.000000
#P-0.738360	0.674407	0.859479	0.000000	0.482405	1.000000
#P-0.683791	-0.729678	-0.733743	0.000000	0.481916	1.000000
#P0.400852	0.916143	-0.010519	0.000000	0.481427	1.000000
#P-0.997500	0.070671	-0.800992	0.000000	0.480938	1.000000
#P-0.333651	0.942697	-0.274639	0.000000	0.480450	1.000000
#P-0.386518	-0.922282	0.150563	0.000000	0.479961	1.000000
#P-0.307612	-0.951512	0.510843	0.000000	0.479472	1.000000
#P0.584921	-0.811091	-0.253682	0.000000	0.478983	1.000000
#P-0.998128	0.061160	0.361113	0.000000	0.478495	1.000000
#P0.312066	-0.950061	-0.780158	0.000000	0.478006	1.000000
#P0.430108	0.902778	-0.113831	0.000000	0.477517	1.000000
#P-0.950719	0.310054	0.849771	0.000000	0.477028	1.000000
#P0.100293	0.994958	0.105602	0.000000	0.476540	1.000000
#P0.989143	0.146957	0.848125	0.000000	0.476051	1.000000
#P-0.984904	-0.173100	0.441860	0.000000	0.475562	1.000000
#P0.692747	-0.721181	0.332980	0.000000	0.475073	1.000000
#P-0.530158	0.847899	0.399182	0.000000	0.474585	1.000000
#P-0.966549	0.256483	-0.949927	0.000000	0.474096	1.000000
#P-0.456167	-0.889894	0.569377	0.000000	0.473607	1.000000
#P0.381894	0.924206	-0.482494	0.000000	0.473118	1.000000
#P-0.820897	-0.571076	0.717157	0.000000	0.472630	1.000000
#P-0.623584	0.781757	-0.735373	0.000000	0.472141	1.000000
#P0.431077	-0.902315	0.580189	0.000000	0.471652	1.000000
#P-0.885525	0.464591	-0.759569	0.000000	0.471163	1.000000
#P0.947352	0.320193	-0.077081	0.000000	0.470674	1.000000
#P0.562153	-0.827034	0.500744	0.000000	0.470186	1.000000
#P0.643756	0.765231	0.009461	0.000000	0.469697	1.000000
#P0.888169	-0.459517	-0.985183	0.000000	0.469208	1.000000
#P0.618162	-0.786051	0.023456	0.000000	0.468719	1.000000
#P0.426551	-0.904463	0.216638	0.000000	0.468231	1.000000
#P0.990243	0.139353	-0.966052	0.000000	0.467742	1.000000
#P0.987598	-0.157007	-0.438992	0.000000	0.467253	1.000000
#P-0.160056	0.987108	-0.132125	0.000000	0.466764	1.000000
#P-0.088169	-0.996106	-0.626473	0.000000	0.466276	1.000000
#P0.812054	0.583582	0.873734	0.000000	0.465787	1.000000
#P0.476494	-0.879178	0.855510	0.000000	0.465298	1.000000
#P0.200786	-0.979635	0.557855	0.000000	0.464809	1.000000
#P0.996984	0.077606	-0.135420	0.000000	0.464321	1.000000
#P0.293334	-0.956010	-0.011356	0.000000	0.463832	1.000000
#P-0.788828	-0.614614	-0.854694	0.000000	0.463343	1.000000
#P0.994147	0.108034	-0.839278	0.000000	0.462854	1.000000
#P-0.956363	-0.292180	0.251972	0.000000	0.462366	1.000000
#P-0.698957	-0.715163	0.890050	0.000000	0.461877	1.000000
#P0.983384	0.181540	-0.923162	0.000000	0.461388	1.000000
#P-0.379708	0.925107	0.415652	0.000000	0.460899	1.000000
#P-0.885113	-0.465377	-0.138870	0.000000	0.460411	1.000000
#P-0.429298	0.903163	0.018195	0.000000	0.459922	1.000000
#P-0.579509	-0.814966	-0.196040	0.000000	0.459433	1.000000
#P0.393037	-0.919523	-0.841939	0.000000	0.458944	1.000000
#P-0.090165	-0.995927	-0.463394	0.000000	0.458456	1.000000
#P-0.081245	-0.996694	-0.265634	0.000000	0.457967	1.000000
#P-0.388093	-0.921620	-0.505519	0.000000	0.457478	1.000000
#P0.685679	0.727904	-0.255683	0.000000	0.456989	1.000000
#P0.026564	-0.999647	0.740486	0.000000	0.456500	1.000000
#P-0.403930	0.914790	-0.651992	0.000000	0.456012	1.000000
#P0.999795	0.020225	-0.035390	0.000000	0.455523	1.000000
#P0.793617	0.608417	-0.808047	0.000000	0.455034	1.000000
#P-0.906429	-0.422358	-0.851615	0.000000	0.454545	1.000000
#P0.745150	-0.666897	0.910068	0.000000	0.454057	1.000000
#P0.237758	0.971324	-0.479099	0.000000	0.453568	1.000000
#P-0.745411	-0.666605	-0.221849	0.000000	0.453079	1.000000
#P0.056746	0.998389	-0.611161	0.000000	0.452590	1.000000
#P0.721227	-0.692699	0.221989	0.000000	0.452102	1.000000
#P0.848756	0.528784	0.975867	0.000000	0.451613	1.000000
#P-0.715768	0.698338	-0.605453	0.000000	0.451124	1.000000
#P-0.831750	-0.555150	0.149813	0.000000	0.450635	1.000000
#P0.331607	-0.943418	-0.091787	0.000000	0.450147	1.000000
#P-0.769540	0.638599	-0.660098	0.000000	0.449658	1.000000
#P-0.598546	-0.801089	-0.265901	0.000000	0.449169	1.000000
#P0.295998	-0.955189	-0.997291	0.000000	0.448680	1.000000
#P0.922508	0.385977	0.524644	0.000000	0.448192	1.000000
#P0.992835	-0.119496	-0.310871	0.000000	0.447703	1.000000
#P-0.837892	-0.545836	-0.804907	0.000000	0.447214	1.000000
#P0.971009	-0.239042	-0.070424	0.000000	0.446725	1.000000
#P-0.488799	0.872396	0.384062	0.000000	0.446237	1.000000
#P0.655458	-0.755232	0.925890	0.000000	0.445748	1.000000
#P-0.004382	0.999990	-0.559154	0.000000	0.445259	1.000000
#P-0.985356	0.170511	0.293292	0.000000	0.444770	1.000000
#P0.541889	0.840450	-0.646230	0.000000	0.444282	1.000000
#P0.687980	-0.725730	0.808510	0.000000	0.443793	1.000000
#P-0.219590	-0.975592	0.622401	0.000000	0.443304	1.000000
#P0.968973	0.247166	0.696703	0.000000	0.442815	1.000000
#P0.899457	0.437010	-0.507704	0.000000	0.442326	1.000000
#P0.249651	-0.968336	-0.979465	0.000000	0.441838	1.000000
#P0.392082	0.919930	0.135653	0.000000	0.441349	1.000000
#P0.966509	0.256632	-0.083803	0.000000	0.440860	1.000000
#P0.076215	0.997091	-0.470517	0.000000	0.440371	1.000000
#P-0.410691	-0.911774	0.025102	0.000000	0.439883	1.000000
#P0.351969	0.936012	-0.107051	0.000000	0.439394	1.000000
#P-0.580566	-0.814213	0.798781	0.000000	0.438905	1.000000
#P-0.558944	0.829206	-0.894167	0.000000	0.438416	1.000000
#P-0.146602	0.989196	-0.257106	0.000000	0.437928	1.000000
#P-0.408719	0.912660	0.827516	0.000000	0.437439	1.000000
#P0.989821	0.142316	0.054755	0.000000	0.436950	1.000000
#P0.992225	-0.124455	0.261383	0.000000	0.436461	1.000000
#P0.135692	0.990751	-0.932531	0.000000	0.435973	1.000000
#P-0.524224	-0.851580	0.951576	0.000000	0.435484	1.000000
#P0.179889	0.983687	-0.870369	0.000000	0.434995	1.000000
#P0.901869	-0.432009	-0.293087	0.000000	0.434506	1.000000
#P0.925679	0.378310	0.083102	0.000000	0.434018	1.000000
#P0.225723	-0.974192	0.695775	0.000000	0.433529	1.000000
#P-0.239489	0.970899	-0.101212	0.000000	0.433040	1.000000
#P-0.581466	-0.813571	0.922230	0.000000	0.432551	1.000000
#P-0.748498	0.663137	-0.087659	0.000000	0.432063	1.000000
#P0.419178	0.907904	0.716549	0.000000	0.431574	1.000000
#P-0.058657	-0.998278	-0.962888	0.000000	0.431085	1.000000
#P-0.045139	0.998981	0.735568	0.000000	0.430596	1.000000
#P-0.977891	-0.209115	0.694176	0.000000	0.430108	1.000000
#P0.988374	0.152042	-0.986779	0.000000	0.429619	1.000000
#P-0.200776	0.979637	-0.790640	0.000000	0.429130	1.000000
#P-0.994775	0.102092	-0.293151	0.000000	0.428641	1.000000
#P0.917372	-0.398032	-0.983742	0.000000	0.428152	1.000000
#P0.979436	-0.201757	0.253723	0.000000	0.427664	1.000000
#P-0.854049	-0.520193	0.314898	0.000000	0.427175	1.000000
#P0.752123	-0.659023	0.488147	0.000000	0.426686	1.000000
#P-0.565620	0.824666	0.279140	0.000000	0.426197	1.000000
#P0.681247	-0.732053	-0.485976	0.000000	0.425709	1.000000
#P0.999152	0.041183	0.197297	0.000000	0.425220	1.000000
#P0.357331	0.933978	-0.029447	0.000000	0.424731	1.000000
#P-0.379586	0.925156	-0.916089	0.000000	0.424242	1.000000
#P0.151656	0.988433	-0.714196	0.000000	0.423754	1.000000
#P-0.997997	-0.063256	0.507169	0.000000	0.423265	1.000000
#P0.414067	-0.910246	-0.016493	0.000000	0.422776	1.000000
#P0.184809	0.982775	0.806068	0.000000	0.422287	1.000000
#P-0.962518	-0.271219	-0.408952	0.000000	0.421799	1.000000
#P0.357027	0.934094	0.745578	0.000000	0.421310	1.000000
#P0.408320	0.912839	0.935992	0.000000	0.420821	1.000000
#P-0.614566	-0.788865	-0.778001	0.000000	0.420332	1.000000
#P0.784909	-0.619611	0.143469	0.000000	0.419844	1.000000
#P-0.999493	0.031854	-0.723720	0.000000	0.419355	1.000000
#P-0.184141	0.982900	0.437788	0.000000	0.418866	1.000000
#P0.641915	0.766776	-0.099212	0.000000	0.418377	1.000000
#P-0.596742	0.802433	0.550291	0.000000	0.417889	1.000000
#P0.404204	0.914669	0.745074	0.000000	0.417400	1.000000
#P-0.349193	-0.937051	0.463165	0.000000	0.416911	1.000000
#P0.869101	0.494635	0.412556	0.000000	0.416422	1.000000
#P0.963458	0.267860	-0.178340	0.000000	0.415934	1.000000
#P-0.639934	0.768430	0.643460	0.000000	0.415445	1.000000
#P0.037545	0.999295	0.626565	0.000000	0.414956	1.000000
#P-0.289924	0.957050	0.685670	0.000000	0.414467	1.000000
#P-0.903005	-0.429630	0.048777	0.000000	0.413978	1.000000
#P-0.746554	0.665325	-0.197407	0.000000	0.413490	1.000000
#P-0.593341	0.804951	0.174206	0.000000	0.413001	1.000000
#P0.669192	-0.743089	-0.116590	0.000000	0.412512	1.000000
#P-0.244302	0.969699	0.472570	0.000000	0.412023	1.000000
#P0.872476	-0.488657	0.479059	0.000000	0.411535	1.000000
#P-0.430005	0.902826	-0.457136	0.000000	0.411046	1.000000
#P-0.018163	-0.999835	0.918813	0.000000	0.410557	1.000000
#P-0.522767	-0.852475	0.482678	0.000000	0.410068	1.000000
#P0.271936	-0.962315	0.373288	0.000000	0.409580	1.000000
#P0.915057	-0.403324	-0.148996	0.000000	0.409091	1.000000
#P-0.994899	-0.100876	-0.172982	0.000000	0.408602	1.000000
#P0.279079	-0.960268	0.689062	0.000000	0.408113	1.000000
#P0.362779	-0.931875	-0.927279	0.000000	0.407625	1.000000
#P-0.353624	0.935388	-0.773084	0.000000	0.407136	1.000000
#P-0.882313	-0.470663	0.780411	0.000000	0.406647	1.000000
#P-0.442235	0.896899	0.369121	0.000000	0.406158	1.000000
#P0.808498	0.588499	-0.175904	0.000000	0.405670	1.000000
#P0.931654	0.363347	-0.424660	0.000000	0.405181	1.000000
#P-0.366259	-0.930513	0.732403	0.000000	0.404692	1.000000
#P0.338714	0.940889	-0.501672	0.000000	0.404203	1.000000
#P-0.913619	0.406572	0.404137	0.000000	0.403715	1.000000
#P-0.995029	-0.099585	0.323189	0.000000	0.403226	1.000000
#P-0.441713	0.897156	-0.157135	0.000000	0.402737	1.000000
#P-0.963345	-0.268265	-0.961967	0.000000	0.402248	1.000000
#P0.994896	-0.100911	0.226332	0.000000	0.401760	1.000000
#P-0.760959	-0.648800	-0.035601	0.000000	0.401271	1.000000
#P0.999044	0.043719	-0.350137	0.000000	0.400782	1.000000
#P0.993097	-0.117293	-0.749924	0.000000	0.400293	1.000000
#P-0.985622	-0.168964	0.030928	0.000000	0.399804	1.000000
#P-0.621697	-0.783258	-0.190406	0.000000	0.399316	1.000000
#P-0.696504	-0.717553	-0.149226	0.000000	0.398827	1.000000
#P0.360481	0.932767	-0.035546	0.000000	0.398338	1.000000
#P-0.219302	0.975657	0.581405	0.000000	0.397849	1.000000
#P0.472471	0.881346	-0.333152	0.000000	0.397361	1.000000
#P-0.937780	0.347231	0.710008	0.000000	0.396872	1.000000
#P0.901559	-0.432656	-0.899803	0.000000	0.396383	1.000000
#P0.617216	0.786794	-0.996025	0.000000	0.395894	1.000000
#P-0.799256	0.600991	-0.199434	0.000000	0.395406	1.000000
#P0.695668	-0.718363	0.113894	0.000000	0.394917	1.000000
#P0.333319	0.942814	0.218638	0.000000	0.394428	1.000000
#P0.038329	-0.999265	0.644009	0.000000	0.393939	1.000000
#P0.316924	-0.948451	-0.143171	0.000000	0.393451	1.000000
#P0.679005	-0.734134	-0.277750	0.000000	0.392962	1.000000
#P0.449840	-0.893109	-0.146332	0.000000	0.392473	1.000000
#P-0.471652	0.881785	0.595181	0.000000	0.391984	1.000000
#P-0.902326	-0.431053	-0.801335	0.000000	0.391496	1.000000
#P-0.797239	-0.603664	-0.031418	0.000000	0.391007	1.000000
#P0.863166	0.504920	-0.047959	0.000000	0.390518	1.000000
#P0.343122	-0.939291	-0.051161	0.000000	0.390029	1.000000
#P0.773922	0.633281	0.137980	0.000000	0.389541	1.000000
#P-0.867857	0.496815	-0.973573	0.000000	0.389052	1.000000
#P-0.036975	-0.999316	-0.837172	0.000000	0.388563	1.000000
#P-0.446107	0.894980	-0.345823	0.000000	0.388074	1.000000
#P-0.537441	-0.843302	-0.239098	0.000000	0.387586	1.000000
#P-0.999714	-0.023926	-0.517268	0.000000	0.387097	1.000000
#P-0.999086	-0.042754	0.272201	0.000000	0.386608	1.000000
#P0.803461	-0.595358	0.886737	0.000000	0.386119	1.000000
#P0.449579	0.893241	-0.612491	0.000000	0.385630	1.000000
#P-0.956788	0.290787	-0.132735	0.000000	0.385142	1.000000
#P-0.112906	0.993606	-0.880691	0.000000	0.384653	1.000000
#P-0.840619	0.541627	0.222180	0.000000	0.384164	1.000000
#P-0.959641	0.281227	0.183896	0.000000	0.383675	1.000000
#P0.959167	-0.282840	0.733907	0.000000	0.383187	1.000000
#P0.966865	-0.255288	0.771381	0.000000	0.382698	1.000000
#P-0.993787	0.111296	0.597289	0.000000	0.382209	1.000000
#P0.458495	0.888697	0.630517	0.000000	0.381720	1.000000
#P-0.396901	-0.917862	-0.895425	0.000000	0.381232	1.000000
#P-0.995082	-0.099058	0.590895	0.000000	0.380743	1.000000
#P0.832559	-0.553936	-0.827912	0.000000	0.380254	1.000000
#P-0.821315	-0.570475	-0.714118	0.000000	0.379765	1.000000
#P-0.810540	0.585683	-0.186861	0.000000	0.379277	1.000000
#P-0.043079	-0.999072	-0.568861	0.000000	0.378788	1.000000
#P0.992462	-0.122556	-0.845028	0.000000	0.378299	1.000000
#P-0.566702	0.823923	-0.378738	0.000000	0.377810	1.000000
#P-0.730324	0.683101	0.548951	0.000000	0.377322	1.000000
#P0.972985	-0.230867	0.217496	0.000000	0.376833	1.000000
#P0.476599	-0.879121	-0.536982	0.000000	0.376344	1.000000
#P0.810677	0.585494	0.941043	0.000000	0.375855	1.000000
#P0.671857	0.740681	0.108929	0.000000	0.375367	1.000000
#P0.792429	0.609964	0.771948	0.000000	0.374878	1.000000
#P0.221170	-0.975235	0.125455	0.000000	0.374389	1.000000
#P0.274398	-0.961616	0.521465	0.000000	0.373900	1.000000
#P0.188086	-0.982152	0.270449	0.000000	0.373412	1.000000
#P-0.729401	0.684086	-0.557896	0.000000	0.372923	1.000000
#P-0.593123	0.805112	-0.551328	0.000000	0.372434	1.000000
#P0.638212	0.769861	-0.166478	0.000000	0.371945	1.000000
#P0.041729	0.999129	-0.001118	0.000000	0.371457	1.000000
#P0.820434	0.571741	-0.792498	0.000000	0.370968	1.000000
#P0.988326	0.152352	0.488480	0.000000	0.370479	1.000000
#P0.724638	0.689129	-0.120732	0.000000	0.369990	1.000000
#P-0.285884	-0.958264	0.852178	0.000000	0.369501	1.000000
#P-0.228680	-0.973502	0.563172	0.000000	0.369013	1.000000
#P0.848321	0.529483	-0.762150	0.000000	0.368524	1.000000
#P-0.877587	-0.479417	0.549572	0.000000	0.368035	1.000000
#P0.907684	-0.419655	0.655744	0.000000	0.367546	1.000000
#P-0.852156	-0.523288	-0.905878	0.000000	0.367058	1.000000
#P-0.845555	-0.533889	0.916203	0.000000	0.366569	1.000000
#P0.999570	-0.029314	0.632079	0.000000	0.366080	1.000000
#P-0.886891	-0.461980	-0.646033	0.000000	0.365591	1.000000
#P0.918670	0.395026	0.123118	0.000000	0.365103	1.000000
#P-0.141075	0.989999	-0.756640	0.000000	0.364614	1.000000
#P-0.710964	0.703228	-0.848451	0.000000	0.364125	1.000000
#P-0.042414	0.999100	0.078868	0.000000	0.363636	1.000000
#P0.072440	0.997373	-0.464610	0.000000	0.363148	1.000000
#P0.370665	-0.928767	-0.707672	0.000000	0.362659	1.000000
#P0.994221	-0.107357	0.157967	0.000000	0.362170	1.000000
#P-0.154296	0.988025	0.956642	0.000000	0.361681	1.000000
#P0.665480	0.746416	0.280309	0.000000	0.361193	1.000000
#P0.960883	0.276954	-0.841148	0.000000	0.360704	1.000000
#P-0.629295	-0.777166	0.831635	0.000000	0.360215	1.000000
#P-0.879956	-0.475055	-0.711101	0.000000	0.359726	1.000000
#P-0.558693	-0.829375	0.524349	0.000000	0.359238	1.000000
#P-0.975540	-0.219823	0.738622	0.000000	0.358749	1.000000
#P-0.593357	0.804939	0.019505	0.000000	0.358260	1.000000
#P0.875122	-0.483902	-0.172136	0.000000	0.357771	1.000000
#P0.726126	-0.687561	0.912315	0.000000	0.357283	1.000000
#P0.883656	0.468138	-0.727997	0.000000	0.356794	1.000000
#P0.472995	0.881065	0.559207	0.000000	0.356305	1.000000
#P0.597581	-0.801808	0.597662	0.000000	0.355816	1.000000
#P-0.994583	0.103944	0.908032	0.000000	0.355327	1.000000
#P0.963001	-0.269496	-0.698631	0.000000	0.354839	1.000000
#P0.823506	0.567308	0.108617	0.000000	0.354350	1.000000
#P-0.817517	-0.575904	-0.474396	0.000000	0.353861	1.000000
#P0.715630	0.698479	0.821475	0.000000	0.353372	1.000000
#P-0.914317	0.404999	0.538575	0.000000	0.352884	1.000000
#P0.727032	0.686604	-0.176284	0.000000	0.352395	1.000000
#P-0.796385	0.604790	-0.813357	0.000000	0.351906	1.000000
#P0.665587	0.746320	-0.090209	0.000000	0.351417	1.000000
#P-0.529562	-0.848271	-0.148601	0.000000	0.350929	1.000000
#P-0.881078	0.472972	0.466847	0.000000	0.350440	1.000000
#P-0.461790	-0.886989	0.296221	0.000000	0.349951	1.000000
#P-0.049224	0.998788	0.583229	0.000000	0.349462	1.000000
#P-0.986074	0.166306	0.329639	0.000000	0.348974	1.000000
#P-0.905019	-0.425370	0.242494	0.000000	0.348485	1.000000
#P0.190218	-0.981742	-0.408871	0.000000	0.347996	1.000000
#P0.385127	0.922863	0.100135	0.000000	0.347507	1.000000
#P0.106937	0.994266	0.970213	0.000000	0.347019	1.000000
#P0.565311	0.824878	0.368744	0.000000	0.346530	1.000000
#P-0.667694	-0.744436	-0.526299	0.000000	0.346041	1.000000
#P-0.806751	-0.590892	0.498662	0.000000	0.345552	1.000000
#P-0.995897	0.090497	-0.982079	0.000000	0.345064	1.000000
#P0.819363	0.573275	0.194784	0.000000	0.344575	1.000000
#P0.981067	0.193669	-0.259972	0.000000	0.344086	1.000000
#P-0.553199	0.833049	0.649811	0.000000	0.343597	1.000000
#P0.217932	-0.975964	-0.629177	0.000000	0.343109	1.000000
#P0.867144	-0.498057	-0.581881	0.000000	0.342620	1.000000
#P-0.854790	0.518974	0.329672	0.000000	0.342131	1.000000
#P0.908260	-0.418406	0.801703	0.000000	0.341642	1.000000
#P-0.099835	0.995004	0.229167	0.000000	0.341153	1.000000
#P0.028536	0.999593	-0.388383	0.000000	0.340665	1.000000
#P-0.834357	0.551225	0.439439	0.000000	0.340176	1.000000
#P0.309210	-0.950994	-0.346609	0.000000	0.339687	1.000000
#P0.627984	0.778226	0.545483	0.000000	0.339198	1.000000
#P-0.855076	-0.518502	-0.069420	0.000000	0.338710	1.000000
#P-0.834849	-0.550479	-0.740330	0.000000	0.338221	1.000000
#P0.378879	-0.925446	-0.718426	0.000000	0.337732	1.000000
#P-0.423154	-0.906058	-0.583171	0.000000	0.337243	1.000000
#P-0.994669	-0.103118	0.640252	0.000000	0.336755	1.000000
#P0.444265	-0.895895	0.709440	0.000000	0.336266	1.000000
#P-0.541832	-0.840487	-0.445970	0.000000	0.335777	1.000000
#P-0.948420	-0.317018	0.576114	0.000000	0.335288	1.000000
#P-0.743663	0.668555	0.742451	0.000000	0.334800	1.000000
#P0.029882	-0.999553	0.367381	0.000000	0.334311	1.000000
#P0.341985	0.939705	0.577408	0.000000	0.333822	1.000000
#P0.694659	0.719339	0.490240	0.000000	0.333333	1.000000
#P-0.930647	-0.365917	-0.531531	0.000000	0.332845	1.000000
#P-0.898571	-0.438829	0.557038	0.000000	0.332356	1.000000
#P-0.298436	-0.954430	0.138427	0.000000	0.331867	1.000000
#P-0.780194	-0.625538	0.543514	0.000000	0.331378	1.000000
#P-0.087748	0.996143	0.840660	0.000000	0.330890	1.000000
#P0.125974	-0.992034	0.965250	0.000000	0.330401	1.000000
#P0.739742	0.672891	0.956912	0.000000	0.329912	1.000000
#P-0.742987	0.669306	0.824456	0.000000	0.329423	1.000000
#P0.948746	0.316039	0.629404	0.000000	0.328935	1.000000
#P0.714948	0.699178	0.393808	0.000000	0.328446	1.000000
#P0.956250	0.292551	0.728496	0.000000	0.327957	1.000000
#P0.510123	0.860102	-0.162264	0.000000	0.327468	1.000000
#P0.272804	-0.962070	0.821388	0.000000	0.326979	1.000000
#P-0.565438	0.824791	-0.935428	0.000000	0.326491	1.000000
#P-0.188072	0.982155	0.259772	0.000000	0.326002	1.000000
#P0.545683	-0.837992	-0.008529	0.000000	0.325513	1.000000
#P0.167666	0.985844	0.661244	0.000000	0.325024	1.000000
#P0.684384	0.729122	-0.464561	0.000000	0.324536	1.000000
#P-0.998693	-0.051105	0.131612	0.000000	0.324047	1.000000
#P-0.078631	0.996904	0.007292	0.000000	0.323558	1.000000
#P-0.304457	0.952526	0.560183	0.000000	0.323069	1.000000
#P-0.215266	0.976556	-0.996843	0.000000	0.322581	1.000000
#P0.769382	0.638789	0.051858	0.000000	0.322092	1.000000
#P-0.997746	-0.067109	-0.423142	0.000000	0.321603	1.000000
#P0.604613	0.796519	0.259453	0.000000	0.321114	1.000000
#P0.992253	-0.124234	0.618857	0.000000	0.320626	1.000000
#P0.439318	-0.898332	-0.873409	0.000000	0.320137	1.000000
#P0.832163	-0.554530	0.616280	0.000000	0.319648	1.000000
#P-0.382167	-0.924093	-0.176350	0.000000	0.319159	1.000000
#P-0.359438	0.933169	0.085222	0.000000	0.318671	1.000000
#P0.149382	0.988780	0.333790	0.000000	0.318182	1.000000
#P-0.512735	-0.858547	0.003196	0.000000	0.317693	1.000000
#P0.519607	0.854405	-0.283519	0.000000	0.317204	1.000000
#P0.316722	0.948518	0.897365	0.000000	0.316716	1.000000
#P-0.314980	-0.949098	0.019019	0.000000	0.316227	1.000000
#P0.767571	0.640964	-0.353290	0.000000	0.315738	1.000000
#P0.869102	0.494634	0.253159	0.000000	0.315249	1.000000
#P0.972382	0.233396	0.849343	0.000000	0.314761	1.000000
#P0.697443	0.716640	0.899504	0.000000	0.314272	1.000000
#P0.392704	0.919665	-0.044156	0.000000	0.313783	1.000000
#P0.099614	0.995026	-0.136130	0.000000	0.313294	1.000000
#P0.573452	-0.819239	0.058612	0.000000	0.312805	1.000000
#P0.626202	-0.779661	-0.903596	0.000000	0.312317	1.000000
#P-0.253517	0.967331	-0.744902	0.000000	0.311828	1.000000
#P-0.678223	0.734856	0.427176	0.000000	0.311339	1.000000
#P-0.991042	0.133547	-0.455092	0.000000	0.310850	1.000000
#P0.302516	0.953144	-0.731331	0.000000	0.310362	1.000000
#P-0.507743	-0.861509	0.519461	0.000000	0.309873	1.000000
#P-0.370135	-0.928978	0.576349	0.000000	0.309384	1.000000
#P0.962814	0.270166	0.693515	0.000000	0.308895	1.000000
#P0.085497	-0.996338	-0.095653	0.000000	0.308407	1.000000
#P0.139635	0.990203	0.368265	0.000000	0.307918	1.000000
#P0.996593	0.082482	-0.577159	0.000000	0.307429	1.000000
#P0.741153	-0.671336	-0.319396	0.000000	0.306940	1.000000
#P0.090360	0.995909	-0.087336	0.000000	0.306452	1.000000
#P-0.220631	-0.975357	0.142477	0.000000	0.305963	1.000000
#P0.401683	0.915779	0.607178	0.000000	0.305474	1.000000
#P0.922523	0.385941	0.838182	0.000000	0.304985	1.000000
#P0.714604	-0.699529	-0.673163	0.000000	0.304497	1.000000
#P-0.636970	-0.770888	0.145712	0.000000	0.304008	1.000000
#P0.942368	0.334579	0.985731	0.000000	0.303519	1.000000
#P-0.904357	-0.426776	-0.825265	0.000000	0.303030	1.000000
#P0.922496	-0.386007	-0.221913	0.000000	0.302542	1.000000
#P0.913447	-0.406958	0.300332	0.000000	0.302053	1.000000
#P0.752126	-0.659019	-0.316661	0.000000	0.301564	1.000000
#P-0.635925	0.771750	-0.123555	0.000000	0.301075	1.000000
#P-0.436674	0.899620	-0.583101	0.000000	0.300587	1.000000
#P-0.968453	-0.249195	-0.183101	0.000000	0.300098	1.000000
#P0.450743	0.892654	0.626660	0.000000	0.299609	1.000000
#P0.976356	-0.216170	0.280590	0.000000	0.299120	1.000000
#P0.521356	0.853339	-0.128452	0.000000	0.298631	1.000000
#P-0.187768	-0.982213	-0.900008	0.000000	0.298143	1.000000
#P0.996016	-0.089170	-0.432709	0.000000	0.297654	1.000000
#P0.530601	0.847622	-0.546812	0.000000	0.297165	1.000000
#P-0.617874	-0.786277	-0.272767	0.000000	0.296676	1.000000
#P-0.532566	-0.846389	-0.392692	0.000000	0.296188	1.000000
#P0.925942	-0.377666	0.025785	0.000000	0.295699	1.000000
#P0.897654	0.440701	-0.625235	0.000000	0.295210	1.000000
#P0.173310	-0.984867	-0.321444	0.000000	0.294721	1.000000
#P0.360775	0.932653	-0.505345	0.000000	0.294233	1.000000
#P-0.936156	0.351586	0.674635	0.000000	0.293744	1.000000
#P-0.999754	0.022193	0.592971	0.000000	0.293255	1.000000
#P0.677543	0.735483	0.070323	0.000000	0.292766	1.000000
#P-0.999904	0.013891	-0.087596	0.000000	0.292278	1.000000
#P-0.540239	0.841512	-0.230084	0.000000	0.291789	1.000000
#P-0.738545	0.674204	0.971093	0.000000	0.291300	1.000000
#P-0.667479	0.744628	-0.832907	0.000000	0.290811	1.000000
#P-0.690434	-0.723395	-0.667268	0.000000	0.290323	1.000000
#P-0.154270	-0.988029	-0.778761	0.000000	0.289834	1.000000
#P0.919119	-0.393979	-0.635834	0.000000	0.289345	1.000000
#P0.145191	-0.989404	-0.464165	0.000000	0.288856	1.000000
#P0.999967	0.008174	0.776231	0.000000	0.288368	1.000000
#P0.666191	-0.745781	0.115577	0.000000	0.287879	1.000000
#P-0.999397	-0.034731	0.501148	0.000000	0.287390	1.000000
#P-0.877646	0.479310	0.799760	0.000000	0.286901	1.000000
#P-0.782508	0.622640	-0.432510	0.000000	0.286413	1.000000
#P-0.560861	-0.827910	0.801888	0.000000	0.285924	1.000000
#P-0.971680	-0.236302	-0.673203	0.000000	0.285435	1.000000
#P-0.711848	-0.702334	-0.521063	0.000000	0.284946	1.000000
#P-0.730710	0.682688	0.492332	0.000000	0.284457	1.000000
#P-0.985848	0.167644	0.623706	0.000000	0.283969	1.000000
#P0.927724	-0.373267	0.621447	0.000000	0.283480	1.000000
#P0.123989	-0.992284	0.662774	0.000000	0.282991	1.000000
#P0.100400	-0.994947	-0.763500	0.000000	0.282502	1.000000
#P-0.086261	0.996273	-0.136678	0.000000	0.282014	1.000000
#P0.172535	-0.985003	0.858480	0.000000	0.281525	1.000000
#P0.851260	0.524744	0.480308	0.000000	0.281036	1.000000
#P-0.523796	-0.851844	0.530698	0.000000	0.280547	1.000000
#P-0.914918	-0.403641	-0.562404	0.000000	0.280059	1.000000
#P0.839473	-0.543402	-0.325687	0.000000	0.279570	1.000000
#P-0.325311	0.945607	0.176365	0.000000	0.279081	1.000000
#P0.930911	0.365245	0.161762	0.000000	0.278592	1.000000
#P0.629471	0.777024	0.735729	0.000000	0.278104	1.000000
#P-0.986331	0.164776	-0.610438	0.000000	0.277615	1.000000
#P-0.189595	-0.981862	0.364382	0.000000	0.277126	1.000000
#P0.998195	0.060060	0.171113	0.000000	0.276637	1.000000
#P0.013971	-0.999902	-0.105017	0.000000	0.276149	1.000000
#P-0.715074	-0.699049	0.987289	0.000000	0.275660	1.000000
#P0.918915	0.394455	-0.640424	0.000000	0.275171	1.000000
#P-0.765143	-0.643860	0.386633	0.000000	0.274682	1.000000
#P-0.361628	-0.932322	0.138907	0.000000	0.274194	1.000000
#P-0.999162	0.040926	0.602718	0.000000	0.273705	1.000000
#P0.999693	-0.024758	-0.122000	0.000000	0.273216	1.000000
#P0.110927	-0.993829	-0.454220	0.000000	0.272727	1.000000
#P-0.870718	-0.491783	-0.069740	0.000000	0.272239	1.000000
#P0.141500	-0.989938	-0.112819	0.000000	0.271750	1.000000
#P0.987914	0.155006	-0.148475	0.000000	0.271261	1.000000
#P-0.349034	0.937110	0.587355	0.000000	0.270772	1.000000
#P-0.977733	0.209851	-0.329309	0.000000	0.270283	1.000000
#P0.971373	-0.237559	-0.688354	0.000000	0.269795	1.000000
#P-0.858114	0.513459	0.830983	0.000000	0.269306	1.000000
#P0.563280	0.826266	0.328867	0.000000	0.268817	1.000000
#P0.229125	0.973397	-0.731091	0.000000	0.268328	1.000000
#P-0.669761	0.742577	0.556631	0.000000	0.267840	1.000000
#P0.509604	-0.860409	-0.707940	0.000000	0.267351	1.000000
#P-0.831048	-0.556201	-0.345873	0.000000	0.266862	1.000000
#P0.394991	0.918685	0.905699	0.000000	0.266373	1.000000
#P-0.877608	-0.479379	0.085546	0.000000	0.265885	1.000000
#P0.411286	-0.911506	-0.232566	0.000000	0.265396	1.000000
#P0.943872	0.330312	-0.730479	0.000000	0.264907	1.000000
#P-0.978804	0.204801	0.845943	0.000000	0.264418	1.000000
#P0.133861	-0.991000	-0.240944	0.000000	0.263930	1.000000
#P-0.788012	0.615660	0.460006	0.000000	0.263441	1.000000
#P-0.915555	0.402192	-0.683161	0.000000	0.262952	1.000000
#P-0.458655	0.888614	0.107037	0.000000	0.262463	1.000000
#P-0.289688	0.957121	0.971782	0.000000	0.261975	1.000000
#P0.847107	-0.531422	0.732369	0.000000	0.261486	1.000000
#P-0.319101	0.947721	0.931480	0.000000	0.260997	1.000000
#P-0.997709	-0.067657	-0.614783	0.000000	0.260508	1.000000
#P-0.748416	-0.663229	-0.659087	0.000000	0.260020	1.000000
#P0.584089	0.811690	0.731110	0.000000	0.259531	1.000000
#P-0.004932	0.999988	-0.227438	0.000000	0.259042	1.000000
#P0.934567	-0.355787	-0.549615	0.000000	0.258553	1.000000
#P0.994929	-0.100579	0.616936	0.000000	0.258065	1.000000
#P-0.999801	-0.019962	0.836150	0.000000	0.257576	1.000000
#P0.812995	-0.582270	-0.830006	0.000000	0.257087	1.000000
#P-0.998133	0.061084	0.093861	0.000000	0.256598	1.000000
#P0.999892	0.014682	-0.478874	0.000000	0.256109	1.000000
#P-0.160891	0.986972	-0.438222	0.000000	0.255621	1.000000
#P1.000000	-0.000784	0.806366	0.000000	0.255132	1.000000
#P0.822151	-0.569269	0.592583	0.000000	0.254643	1.000000
#P0.987696	0.156387	-0.452455	0.000000	0.254154	1.000000
#P0.956371	0.292155	-0.415595	0.000000	0.253666	1.000000
#P0.933514	0.358540	-0.907393	0.000000	0.253177	1.000000
#P0.817254	-0.576278	-0.560256	0.000000	0.252688	1.000000
#P0.565033	0.825069	-0.228187	0.000000	0.252199	1.000000
#P-0.975901	-0.218214	0.864315	0.000000	0.251711	1.000000
#P0.927938	-0.372734	0.544480	0.000000	0.251222	1.000000
#P-0.345467	0.938431	-0.930002	0.000000	0.250733	1.000000
#P-0.257853	0.966184	-0.543460	0.000000	0.250244	1.000000
#P-0.668443	0.743764	0.067810	0.000000	0.249756	1.000000
#P0.838402	0.545052	-0.321878	0.000000	0.249267	1.000000
#P0.969297	-0.245892	0.197677	0.000000	0.248778	1.000000
#P-0.941581	0.336787	0.365558	0.000000	0.248289	1.000000
#P-0.538404	-0.842687	-0.074020	0.000000	0.247801	1.000000
#P-0.944678	0.327999	-0.049377	0.000000	0.247312	1.000000
#P-0.864927	-0.501898	0.116465	0.000000	0.246823	1.000000
#P0.947992	-0.318294	-0.579131	0.000000	0.246334	1.000000
#P-0.994329	-0.106346	0.546809	0.000000	0.245846	1.000000
#P-0.999587	-0.028734	0.217403	0.000000	0.245357	1.000000
#P-0.693245	0.720702	-0.105621	0.000000	0.244868	1.000000
#P-0.381396	-0.924412	0.822165	0.000000	0.244379	1.000000
#P-0.970897	-0.239496	0.134202	0.000000	0.243891	1.000000
#P-0.875243	0.483684	-0.473994	0.000000	0.243402	1.000000
#P0.961383	0.275215	-0.411940	0.000000	0.242913	1.000000
#P0.331505	-0.943453	0.531750	0.000000	0.242424	1.000000
#P0.807419	0.589979	-0.881979	0.000000	0.241935	1.000000
#P0.966874	-0.255252	0.586902	0.000000	0.241447	1.000000
#P-0.875472	-0.483268	0.070050	0.000000	0.240958	1.000000
#P-0.397200	-0.917732	-0.663612	0.000000	0.240469	1.000000
#P-0.629141	-0.777291	0.677491	0.000000	0.239980	1.000000
#P0.775719	0.631079	0.584049	0.000000	0.239492	1.000000
#P0.404120	-0.914706	0.104158	0.000000	0.239003	1.000000
#P0.928780	0.370631	0.591155	0.000000	0.238514	1.000000
#P-0.664928	-0.746908	-0.463334	0.000000	0.238025	1.000000
#P-0.988914	-0.148488	0.753422	0.000000	0.237537	1.000000
#P0.493118	0.869962	0.766800	0.000000	0.237048	1.000000
#P-0.704490	0.709714	-0.397890	0.000000	0.236559	1.000000
#P-0.038719	-0.999250	0.656863	0.000000	0.236070	1.000000
#P-0.572524	-0.819888	-0.095543	0.000000	0.235582	1.000000
#P-0.481614	-0.876383	0.202343	0.000000	0.235093	1.000000
#P0.749137	0.662415	0.777341	0.000000	0.234604	1.000000
#P-0.064500	-0.997918	0.765439	0.000000	0.234115	1.000000
#P-0.811486	-0.584372	0.736480	0.000000	0.233627	1.000000
#P0.908877	-0.417065	0.013495	0.000000	0.233138	1.000000
#P0.224138	0.974557	0.816657	0.000000	0.232649	1.000000
#P0.927116	0.374775	-0.444186	0.000000	0.232160	1.000000
#P-0.878940	-0.476932	0.557776	0.000000	0.231672	1.000000
#P-0.651274	0.758842	0.541234	0.000000	0.231183	1.000000
#P0.979930	-0.199344	0.527123	0.000000	0.230694	1.000000
#P0.449458	0.893301	-0.647413	0.000000	0.230205	1.000000
#P0.391156	-0.920324	0.927215	0.000000	0.229717	1.000000
#P-0.091893	0.995769	-0.294668	0.000000	0.229228	1.000000
#P0.823328	-0.567566	-0.480847	0.000000	0.228739	1.000000
#P-0.919954	-0.392027	0.396771	0.000000	0.228250	1.000000
#P0.954336	0.298735	0.538406	0.000000	0.227761	1.000000
#P-0.992695	0.120647	0.990460	0.000000	0.227273	1.000000
#P0.998664	-0.051680	0.665806	0.000000	0.226784	1.000000
#P-0.312138	-0.950037	0.204682	0.000000	0.226295	1.000000
#P0.737112	0.675770	0.082541	0.000000	0.225806	1.000000
#P0.387790	-0.921748	-0.731838	0.000000	0.225318	1.000000
#P-0.997330	0.073021	0.005341	0.000000	0.224829	1.000000
#P0.999918	0.012784	-0.226465	0.000000	0.224340	1.000000
#P0.319072	0.947731	-0.201973	0.000000	0.223851	1.000000
#P0.903241	0.429134	-0.566569	0.000000	0.223363	1.000000
#P-0.867718	0.497056	-0.322902	0.000000	0.222874	1.000000
#P1.000000	0.000039	0.979055	0.000000	0.222385	1.000000
#P0.788953	0.614453	0.971695	0.000000	0.221896	1.000000
#P0.985085	-0.172070	-0.720064	0.000000	0.221408	1.000000
#P-0.891620	0.452784	-0.114319	0.000000	0.220919	1.000000
#P-0.822908	-0.568175	0.638313	0.000000	0.220430	1.000000
#P0.863754	-0.503913	0.132131	0.000000	0.219941	1.000000
#P-0.396059	0.918225	0.721657	0.000000	0.219453	1.000000
#P0.979406	0.201900	0.888845	0.000000	0.218964	1.000000
#P0.330627	-0.943761	0.816418	0.000000	0.218475	1.000000
#P-0.760663	-0.649147	-0.454950	0.000000	0.217986	1.000000
#P0.140231	0.990119	-0.349438	0.000000	0.217498	1.000000
#P-0.823371	0.567503	0.992980	0.000000	0.217009	1.000000
#P-0.104753	0.994498	-0.988684	0.000000	0.216520	1.000000
#P-0.981929	0.189249	-0.808035	0.000000	0.216031	1.000000
#P0.295126	0.955458	-0.649084	0.000000	0.215543	1.000000
#P-0.727941	0.685640	0.844950	0.000000	0.215054	1.000000
#P-0.608920	-0.793232	-0.924572	0.000000	0.214565	1.000000
#P0.996195	-0.087149	0.726265	0.000000	0.214076	1.000000
#P-0.854951	-0.518709	0.339409	0.000000	0.213587	1.000000
#P0.056540	0.998400	0.447813	0.000000	0.213099	1.000000
#P-0.902535	0.430617	0.396445	0.000000	0.212610	1.000000
#P-0.360680	-0.932690	-0.944310	0.000000	0.212121	1.000000
#P0.226612	0.973985	0.982203	0.000000	0.211632	1.000000
#P-0.123502	0.992344	-0.109026	0.000000	0.211144	1.000000
#P0.957573	-0.288191	-0.393337	0.000000	0.210655	1.000000
#P0.990738	0.135790	-0.809025	0.000000	0.210166	1.000000
#P-0.606089	0.795397	0.723935	0.000000	0.209677	1.000000
#P-0.991772	0.128013	-0.818280	0.000000	0.209189	1.000000
#P0.668087	0.744083	-0.830679	0.000000	0.208700	1.000000
#P-0.383578	-0.923508	0.776696	0.000000	0.208211	1.000000
#P0.183437	0.983031	-0.066663	0.000000	0.207722	1.000000
#P-0.169422	0.985544	-0.402275	0.000000	0.207234	1.000000
#P0.652681	0.757632	0.956101	0.000000	0.206745	1.000000
#P-0.911448	-0.411416	-0.815732	0.000000	0.206256	1.000000
#P-0.411535	-0.911394	-0.004661	0.000000	0.205767	1.000000
#P-0.200701	-0.979653	-0.341980	0.000000	0.205279	1.000000
#P-0.188944	-0.981988	0.346074	0.000000	0.204790	1.000000
#P0.215503	-0.976503	0.458012	0.000000	0.204301	1.000000
#P-0.059648	0.998219	-0.196504	0.000000	0.203812	1.000000
#P-0.805530	0.592554	-0.644798	0.000000	0.203324	1.000000
#P0.999840	-0.017885	0.887978	0.000000	0.202835	1.000000
#P0.560811	0.827944	0.250559	0.000000	0.202346	1.000000
#P0.328958	0.944345	-0.852446	0.000000	0.201857	1.000000
#P0.736014	0.676966	0.939686	0.000000	0.201369	1.000000
#P0.556272	0.831000	-0.692446	0.000000	0.200880	1.000000
#P0.503308	-0.864107	0.053820	0.000000	0.200391	1.000000
#P0.926878	0.375363	0.557351	0.000000	0.199902	1.000000
#P-0.167389	0.985891	-0.607481	0.000000	0.199413	1.000000
#P-0.732733	-0.680516	0.069904	0.000000	0.198925	1.000000
#P-0.859740	-0.510732	0.872819	0.000000	0.198436	1.000000
#P-0.597272	0.802038	-0.524386	0.000000	0.197947	1.000000
#P0.958039	-0.286638	0.651939	0.000000	0.197458	1.000000
#P-0.630767	0.775972	-0.867068	0.000000	0.196970	1.000000
#P-0.998971	0.045352	-0.814303	0.000000	0.196481	1.000000
#P0.605717	0.795680	0.001912	0.000000	0.195992	1.000000
#P-0.122600	0.992456	0.143219	0.000000	0.195503	1.000000
#P-0.991399	-0.130872	-0.911047	0.000000	0.195015	1.000000
#P-0.882570	-0.470182	0.038073	0.000000	0.194526	1.000000
#P0.651795	-0.758395	-0.103535	0.000000	0.194037	1.000000
#P-0.334097	0.942539	-0.112491	0.000000	0.193548	1.000000
#P0.957787	-0.287479	-0.644424	0.000000	0.193060	1.000000
#P0.997154	0.075392	-0.832378	0.000000	0.192571	1.000000
#P0.637771	-0.770226	0.225632	0.000000	0.192082	1.000000
#P0.158527	0.987355	0.189924	0.000000	0.191593	1.000000
#P0.834966	-0.550302	0.046038	0.000000	0.191105	1.000000
#P-0.039318	0.999227	-0.244164	0.000000	0.190616	1.000000
#P0.951585	-0.307384	0.336154	0.000000	0.190127	1.000000
#P0.059723	0.998215	-0.253937	0.000000	0.189638	1.000000
#P0.815735	-0.578426	0.075393	0.000000	0.189150	1.000000
#P0.746997	0.664827	-0.872945	0.000000	0.188661	1.000000
#P-0.673273	0.739394	0.411735	0.000000	0.188172	1.000000
#P-0.995756	-0.092028	0.037530	0.000000	0.187683	1.000000
#P0.994471	0.105010	0.766395	0.000000	0.187195	1.000000
#P-0.853311	0.521402	0.797692	0.000000	0.186706	1.000000
#P-0.467926	0.883768	0.810020	0.000000	0.186217	1.000000
#P-0.193115	0.981176	0.014023	0.000000	0.185728	1.000000
#P-0.867006	-0.498297	-0.312654	0.000000	0.185239	1.000000
#P0.461023	-0.887388	-0.779745	0.000000	0.184751	1.000000
#P0.905054	-0.425297	0.831743	0.000000	0.184262	1.000000
#P0.920015	-0.391883	-0.887839	0.000000	0.183773	1.000000
#P0.695376	-0.718646	0.093626	0.000000	0.183284	1.000000
#P0.772144	0.635448	-0.423098	0.000000	0.182796	1.000000
#P0.865483	-0.500939	0.988839	0.000000	0.182307	1.000000
#P-0.995084	-0.099038	-0.585439	0.000000	0.181818	1.000000
#P0.610585	-0.791951	0.520198	0.000000	0.181329	1.000000
#P0.668796	0.743446	0.973975	0.000000	0.180841	1.000000
#P0.655490	0.755204	-0.400892	0.000000	0.180352	1.000000
#P-0.651526	-0.758626	0.205551	0.000000	0.179863	1.000000
#P0.618595	0.785710	0.703842	0.000000	0.179374	1.000000
#P-0.277665	-0.960678	-0.520651	0.000000	0.178886	1.000000
#P-0.694979	-0.719030	-0.575681	0.000000	0.178397	1.000000
#P0.685848	-0.727745	0.536495	0.000000	0.177908	1.000000
#P0.668629	-0.743596	0.878632	0.000000	0.177419	1.000000
#P-0.070173	0.997535	-0.825079	0.000000	0.176931	1.000000
#P-0.766746	-0.641951	0.899556	0.000000	0.176442	1.000000
#P0.988303	0.152502	0.831755	0.000000	0.175953	1.000000
#P-0.984704	-0.174236	-0.689957	0.000000	0.175464	1.000000
#P0.966759	-0.255691	-0.104938	0.000000	0.174976	1.000000
#P-0.671452	0.741048	0.301868	0.000000	0.174487	1.000000
#P0.913244	-0.407414	-0.501226	0.000000	0.173998	1.000000
#P-0.951159	-0.308701	-0.098609	0.000000	0.173509	1.000000
#P0.972069	-0.234696	0.684265	0.000000	0.173021	1.000000
#P-0.285685	0.958324	0.450051	0.000000	0.172532	1.000000
#P-0.127385	-0.991853	0.014609	0.000000	0.172043	1.000000
#P-0.883518	-0.468397	-0.464123	0.000000	0.171554	1.000000
#P-0.962048	0.272882	-0.520977	0.000000	0.171065	1.000000
#P0.384803	0.922999	-0.054123	0.000000	0.170577	1.000000
#P0.473681	0.880697	0.347871	0.000000	0.170088	1.000000
#P0.133550	-0.991042	0.664307	0.000000	0.169599	1.000000
#P-0.936412	-0.350902	0.999875	0.000000	0.169110	1.000000
#P-0.953961	-0.299931	0.898902	0.000000	0.168622	1.000000
#P-0.505717	0.862699	-0.160756	0.000000	0.168133	1.000000
#P0.986777	0.162083	0.172782	0.000000	0.167644	1.000000
#P-0.992320	0.123700	-0.049017	0.000000	0.167155	1.000000
#P0.085030	-0.996378	0.176375	0.000000	0.166667	1.000000
#P0.984635	-0.174625	0.341002	0.000000	0.166178	1.000000
#P-0.995577	0.093946	-0.785847	0.000000	0.165689	1.000000
#P0.491543	-0.870853	0.262651	0.000000	0.165200	1.000000
#P0.214363	-0.976754	0.369703	0.000000	0.164712	1.000000
#P0.650282	0.759693	-0.393616	0.000000	0.164223	1.000000
#P0.983176	0.182663	0.498269	0.000000	0.163734	1.000000
#P-0.665871	0.746067	0.403089	0.000000	0.163245	1.000000
#P0.628261	-0.778003	0.719321	0.000000	0.162757	1.000000
#P-0.650071	0.759873	-0.367081	0.000000	0.162268	1.000000
#P-0.124392	-0.992233	0.475609	0.000000	0.161779	1.000000
#P-0.601078	-0.799191	-0.432704	0.000000	0.161290	1.000000
#P-0.495140	0.868813	-0.448247	0.000000	0.160802	1.000000
#P-0.567582	0.823317	0.314137	0.000000	0.160313	1.000000
#P0.064113	0.997943	-0.299264	0.000000	0.159824	1.000000
#P0.659665	0.751560	0.265547	0.000000	0.159335	1.000000
#P0.379801	-0.925068	-0.954647	0.000000	0.158847	1.000000
#P-0.569078	0.822284	-0.749451	0.000000	0.158358	1.000000
#P0.802774	0.596284	-0.025448	0.000000	0.157869	1.000000
#P0.839451	-0.543436	0.296879	0.000000	0.157380	1.000000
#P0.340792	0.940139	-0.348093	0.000000	0.156891	1.000000
#P-0.989888	-0.141854	-0.407346	0.000000	0.156403	1.000000
#P0.112005	0.993708	-0.262432	0.000000	0.155914	1.000000
#P-0.995363	-0.096192	-0.700295	0.000000	0.155425	1.000000
#P0.284462	0.958687	0.148662	0.000000	0.154936	1.000000
#P0.407494	0.913208	0.568253	0.000000	0.154448	1.000000
#P0.915054	0.403330	0.628563	0.000000	0.153959	1.000000
#P-0.999958	-0.009152	0.265474	0.000000	0.153470	1.000000
#P0.993008	-0.118045	-0.180491	0.000000	0.152981	1.000000
#P-0.999882	-0.015337	0.486792	0.000000	0.152493	1.000000
#P-0.985195	-0.171436	-0.487063	0.000000	0.152004	1.000000
#P-0.604864	0.796328	-0.073284	0.000000	0.151515	1.000000
#P-0.659564	0.751649	0.319511	0.000000	0.151026	1.000000
#P-0.464286	0.885685	0.015300	0.000000	0.150538	1.000000
#P-0.166649	0.986016	-0.860670	0.000000	0.150049	1.000000
#P-0.758664	-0.651482	0.719102	0.000000	0.149560	1.000000
#P-0.954445	0.298387	-0.047384	0.000000	0.149071	1.000000
#P0.999465	-0.032707	-0.380038	0.000000	0.148583	1.000000
#P-0.999717	0.023785	0.698166	0.000000	0.148094	1.000000
#P0.686953	-0.726702	0.079117	0.000000	0.147605	1.000000
#P0.912369	-0.409368	-0.282653	0.000000	0.147116	1.000000
#P0.446202	-0.894932	-0.542880	0.000000	0.146628	1.000000
#P-0.942506	0.334188	-0.182960	0.000000	0.146139	1.000000
#P0.970416	0.241438	0.985434	0.000000	0.145650	1.000000
#P-0.127491	0.991840	0.191483	0.000000	0.145161	1.000000
#P-0.264162	-0.964478	0.248393	0.000000	0.144673	1.000000
#P0.586602	0.809875	0.745952	0.000000	0.144184	1.000000
#P0.966519	-0.256595	-0.780560	0.000000	0.143695	1.000000
#P0.667614	-0.744508	-0.875563	0.000000	0.143206	1.000000
#P-0.764603	-0.644502	0.410025	0.000000	0.142717	1.000000
#P0.921466	-0.388460	-0.713404	0.000000	0.142229	1.000000
#P0.405439	-0.914122	-0.189052	0.000000	0.141740	1.000000
#P0.872042	-0.489431	0.597287	0.000000	0.141251	1.000000
#P0.949471	-0.313854	0.602687	0.000000	0.140762	1.000000
#P0.975906	0.218193	-0.643800	0.000000	0.140274	1.000000
#P-0.737992	0.674809	-0.341631	0.000000	0.139785	1.000000
#P0.469559	0.882901	0.212219	0.000000	0.139296	1.000000
#P-0.143261	0.989685	0.765585	0.000000	0.138807	1.000000
#P-0.214966	0.976622	-0.805727	0.000000	0.138319	1.000000
#P-0.238724	0.971087	0.140484	0.000000	0.137830	1.000000
#P-0.962514	-0.271234	-0.887961	0.000000	0.137341	1.000000
#P0.117024	0.993129	0.043243	0.000000	0.136852	1.000000
#P0.999923	0.012389	0.781013	0.000000	0.136364	1.000000
#P0.637985	0.770049	0.484109	0.000000	0.135875	1.000000
#P0.980279	0.197616	0.418399	0.000000	0.135386	1.000000
#P0.774349	0.632759	0.028272	0.000000	0.134897	1.000000
#P-0.750879	-0.660440	-0.829496	0.000000	0.134409	1.000000
#P0.327534	0.944839	0.662374	0.000000	0.133920	1.000000
#P0.582295	0.812978	0.511567	0.000000	0.133431	1.000000
#P0.544482	0.838773	-0.085744	0.000000	0.132942	1.000000
#P-0.767579	-0.640954	0.895699	0.000000	0.132454	1.000000
#P-0.952373	-0.304937	0.016050	0.000000	0.131965	1.000000
#P-0.738603	0.674141	-0.242324	0.000000	0.131476	1.000000
#P-0.827440	-0.561554	-0.746603	0.000000	0.130987	1.000000
#P-0.956507	0.291709	-0.164883	0.000000	0.130499	1.000000
#P-0.368159	-0.929763	0.806560	0.000000	0.130010	1.000000
#P-0.125631	-0.992077	-0.143695	0.000000	0.129521	1.000000
#P-0.344011	0.938966	0.909805	0.000000	0.129032	1.000000
#P0.626438	0.779471	-0.906555	0.000000	0.128543	1.000000
#P0.802108	-0.597179	-0.463979	0.000000	0.128055	1.000000
#P0.781160	0.624331	-0.097980	0.000000	0.127566	1.000000
#P-0.681938	-0.731410	-0.744141	0.000000	0.127077	1.000000
#P0.980406	-0.196990	-0.778010	0.000000	0.126588	1.000000
#P-0.807491	-0.589880	-0.006751	0.000000	0.126100	1.000000
#P0.675580	0.737287	0.539974	0.000000	0.125611	1.000000
#P-0.690055	-0.723757	-0.650766	0.000000	0.125122	1.000000
#P0.693483	0.720473	0.570156	0.000000	0.124633	1.000000
#P0.897105	-0.441818	0.615936	0.000000	0.124145	1.000000
#P0.781080	-0.624431	0.042452	0.000000	0.123656	1.000000
#P0.982469	0.186425	-0.511199	0.000000	0.123167	1.000000
#P-0.782662	-0.622447	0.283180	0.000000	0.122678	1.000000
#P-0.399122	-0.916898	-0.593553	0.000000	0.122190	1.000000
#P0.970387	0.241557	0.148015	0.000000	0.121701	1.000000
#P-0.806144	-0.591720	-0.312310	0.000000	0.121212	1.000000
#P0.107438	0.994212	-0.992176	0.000000	0.120723	1.000000
#P0.350156	-0.936692	0.499924	0.000000	0.120235	1.000000
#P0.496716	0.867913	0.225503	0.000000	0.119746	1.000000
#P-0.303668	0.952778	0.031583	0.000000	0.119257	1.000000
#P0.909286	0.416173	0.817899	0.000000	0.118768	1.000000
#P0.534764	0.845001	0.431292	0.000000	0.118280	1.000000
#P-0.995435	0.095441	0.720073	0.000000	0.117791	1.000000
#P0.384753	-0.923019	0.262864	0.000000	0.117302	1.000000
#P-0.407177	-0.913349	-0.051094	0.000000	0.116813	1.000000
#P-0.998954	0.045727	-0.743115	0.000000	0.116325	1.000000
#P0.630906	0.775859	0.457847	0.000000	0.115836	1.000000
#P-0.983309	-0.181943	-0.966679	0.000000	0.115347	1.000000
#P0.835414	-0.549622	-0.971062	0.000000	0.114858	1.000000
#P-0.917038	0.398799	-0.638234	0.000000	0.114370	1.000000
#P0.122046	0.992524	-0.798236	0.000000	0.113881	1.000000
#P-0.983115	0.182988	0.052803	0.000000	0.113392	1.000000
#P0.007828	0.999969	-0.540151	0.000000	0.112903	1.000000
#P0.372482	-0.928039	-0.322534	0.000000	0.112414	1.000000
#P0.192612	0.981275	-0.828174	0.000000	0.111926	1.000000
#P-0.245655	0.969357	0.877319	0.000000	0.111437	1.000000
#P-0.572666	-0.819789	-0.896771	0.000000	0.110948	1.000000
#P0.256736	0.966482	-0.024432	0.000000	0.110459	1.000000
#P0.152097	0.988366	-0.629740	0.000000	0.109971	1.000000
#P-0.409765	0.912191	-0.032503	0.000000	0.109482	1.000000
#P0.839743	0.542985	-0.284871	0.000000	0.108993	1.000000
#P-0.677269	0.735735	0.173361	0.000000	0.108504	1.000000
#P0.998766	0.049654	-0.316535	0.000000	0.108016	1.000000
#P0.707566	-0.706648	-0.007179	0.000000	0.107527	1.000000
#P0.646076	-0.763273	-0.660583	0.000000	0.107038	1.000000
#P0.318852	0.947805	-0.414294	0.000000	0.106549	1.000000
#P-0.360931	-0.932593	0.960735	0.000000	0.106061	1.000000
#P-0.999572	0.029246	-0.934138	0.000000	0.105572	1.000000
#P-0.048121	0.998842	-0.061122	0.000000	0.105083	1.000000
#P-0.992562	-0.121737	0.716930	0.000000	0.104594	1.000000
#P0.945414	-0.325871	-0.551433	0.000000	0.104106	1.000000
#P0.779839	0.625980	0.070069	0.000000	0.103617	1.000000
#P-0.195310	0.980742	-0.358618	0.000000	0.103128	1.000000
#P-0.913053	-0.407840	0.705095	0.000000	0.102639	1.000000
#P0.314447	0.949275	0.523455	0.000000	0.102151	1.000000
#P0.755501	0.655148	-0.300200	0.000000	0.101662	1.000000
#P0.815893	-0.578202	0.530397	0.000000	0.101173	1.000000
#P0.588590	-0.808432	0.376158	0.000000	0.100684	1.000000
#P-0.768427	-0.639937	0.082116	0.000000	0.100196	1.000000
#P0.999063	0.043288	0.124816	0.000000	0.099707	1.000000
#P0.469724	-0.882814	-0.216955	0.000000	0.099218	1.000000
#P0.158116	0.987421	-0.360982	0.000000	0.098729	1.000000
#P0.992407	0.123001	0.980416	0.000000	0.098240	1.000000
#P0.606062	-0.795417	-0.141638	0.000000	0.097752	1.000000
#P0.771801	-0.635864	-0.503121	0.000000	0.097263	1.000000
#P-0.625784	-0.779997	0.040586	0.000000	0.096774	1.000000
#P-0.627427	-0.778676	0.136397	0.000000	0.096285	1.000000
#P0.999706	0.024247	0.430030	0.000000	0.095797	1.000000
#P0.665558	-0.746346	-0.491845	0.000000	0.095308	1.000000
#P0.089474	0.995989	-0.445870	0.000000	0.094819	1.000000
#P0.829889	0.557928	0.265686	0.000000	0.094330	1.000000
#P0.008183	0.999967	-0.616769	0.000000	0.093842	1.000000
#P0.643576	-0.765382	-0.044453	0.000000	0.093353	1.000000
#P-0.949704	0.313150	0.885188	0.000000	0.092864	1.000000
#P-0.993158	-0.116781	-0.653013	0.000000	0.092375	1.000000
#P-0.827433	-0.561564	0.815532	0.000000	0.091887	1.000000
#P-0.995986	0.089507	0.642876	0.000000	0.091398	1.000000
#P0.025701	-0.999670	0.811234	0.000000	0.090909	1.000000
#P0.999405	0.034484	0.410199	0.000000	0.090420	1.000000
#P-0.065904	0.997826	0.212421	0.000000	0.089932	1.000000
#P0.501714	0.865034	0.160743	0.000000	0.089443	1.000000
#P0.683856	-0.729617	-0.397853	0.000000	0.088954	1.000000
#P-0.943889	-0.330262	-0.714695	0.000000	0.088465	1.000000
#P0.458382	-0.888755	0.125769	0.000000	0.087977	1.000000
#P0.988133	-0.153598	-0.201495	0.000000	0.087488	1.000000
#P-0.999167	-0.040809	-0.534366	0.000000	0.086999	1.000000
#P-0.367155	-0.930160	0.909069	0.000000	0.086510	1.000000
#P-0.731943	-0.681366	0.721223	0.000000	0.086022	1.000000
#P-0.370488	-0.928837	-0.397912	0.000000	0.085533	1.000000
#P0.986362	0.164588	0.295692	0.000000	0.085044	1.000000
#P-0.132485	0.991185	-0.301391	0.000000	0.084555	1.000000
#P0.416910	0.908948	0.527934	0.000000	0.084066	1.000000
#P-0.879004	0.476814	0.991053	0.000000	0.083578	1.000000
#P0.999276	-0.038035	0.622967	0.000000	0.083089	1.000000
#P0.098390	0.995148	0.207949	0.000000	0.082600	1.000000
#P0.648749	0.761003	0.998546	0.000000	0.082111	1.000000
#P-0.880815	0.473460	0.567703	0.000000	0.081623	1.000000
#P0.356357	0.934350	-0.614723	0.000000	0.081134	1.000000
#P0.800666	0.599111	0.350014	0.000000	0.080645	1.000000
#P-0.541512	0.840693	0.687362	0.000000	0.080156	1.000000
#P-0.906834	0.421489	0.500385	0.000000	0.079668	1.000000
#P-0.424188	-0.905574	-0.036206	0.000000	0.079179	1.000000
#P-0.970784	0.239957	-0.506541	0.000000	0.078690	1.000000
#P-0.372452	0.928051	0.557798	0.000000	0.078201	1.000000
#P-0.672746	-0.739873	0.914631	0.000000	0.077713	1.000000
#P-0.769088	0.639143	0.194995	0.000000	0.077224	1.000000
#P0.049411	-0.998779	-0.717491	0.000000	0.076735	1.000000
#P-0.986982	0.160828	-0.874991	0.000000	0.076246	1.000000
#P-0.884060	0.467373	0.030229	0.000000	0.075758	1.000000
#P-0.621422	-0.783476	0.061932	0.000000	0.075269	1.000000
#P-0.914742	-0.404038	0.895411	0.000000	0.074780	1.000000
#P0.905472	0.424406	-0.825952	0.000000	0.074291	1.000000
#P-0.912238	0.409661	0.221983	0.000000	0.073803	1.000000
#P-0.976673	0.214731	0.863872	0.000000	0.073314	1.000000
#P-0.797570	-0.603226	-0.911201	0.000000	0.072825	1.000000
#P-0.746349	-0.665555	-0.562348	0.000000	0.072336	1.000000
#P-0.987843	0.155457	0.624825	0.000000	0.071848	1.000000
#P0.984814	-0.173614	-0.559265	0.000000	0.071359	1.000000
#P0.116597	0.993179	0.428143	0.000000	0.070870	1.000000
#P0.579448	0.815009	-0.205749	0.000000	0.070381	1.000000
#P-0.995673	-0.092927	-0.029455	0.000000	0.069892	1.000000
#P-0.907667	0.419692	0.957562	0.000000	0.069404	1.000000
#P0.991156	-0.132699	-0.260248	0.000000	0.068915	1.000000
#P0.998374	-0.057008	0.014847	0.000000	0.068426	1.000000
#P-0.892502	0.451043	-0.464223	0.000000	0.067937	1.000000
#P0.408769	-0.912638	-0.188212	0.000000	0.067449	1.000000
#P-0.482787	-0.875738	0.713944	0.000000	0.066960	1.000000
#P-0.975140	-0.221590	-0.742706	0.000000	0.066471	1.000000
#P0.327127	0.944980	-0.655997	0.000000	0.065982	1.000000
#P-0.329452	0.944172	0.660824	0.000000	0.065494	1.000000
#P0.201492	-0.979490	0.461357	0.000000	0.065005	1.000000
#P0.925959	-0.377624	0.018741	0.000000	0.064516	1.000000
#P0.340262	0.940331	0.979877	0.000000	0.064027	1.000000
#P0.981940	0.189193	0.796241	0.000000	0.063539	1.000000
#P0.610456	0.792050	0.418139	0.000000	0.063050	1.000000
#P-0.322012	0.946736	-0.339562	0.000000	0.062561	1.000000
#P-0.119685	-0.992812	0.983244	0.000000	0.062072	1.000000
#P-0.496809	0.867860	-0.623101	0.000000	0.061584	1.000000
#P-0.997107	0.076008	-0.457858	0.000000	0.061095	1.000000
#P0.997227	-0.074414	0.781194	0.000000	0.060606	1.000000
#P0.092653	-0.995698	-0.474517	0.000000	0.060117	1.000000
#P-0.940616	0.339472	0.792098	0.000000	0.059629	1.000000
#P0.984429	0.175783	0.790109	0.000000	0.059140	1.000000
#P-0.538023	-0.842930	-0.636330	0.000000	0.058651	1.000000
#P-0.552279	-0.833659	-0.792565	0.000000	0.058162	1.000000
#P0.496777	0.867878	-0.634870	0.000000	0.057674	1.000000
#P0.771590	0.636121	-0.265616	0.000000	0.057185	1.000000
#P0.009709	0.999953	-0.202137	0.000000	0.056696	1.000000
#P0.176378	-0.984323	0.675137	0.000000	0.056207	1.000000
#P-0.985061	-0.172206	-0.974804	0.000000	0.055718	1.000000
#P-0.938762	0.344566	0.461722	0.000000	0.055230	1.000000
#P-0.984756	-0.173940	0.153801	0.000000	0.054741	1.000000
#P0.566538	0.824036	0.925851	0.000000	0.054252	1.000000
#P-0.578662	-0.815568	0.785888	0.000000	0.053763	1.000000
#P-0.830641	-0.556809	0.421953	0.000000	0.053275	1.000000
#P0.620904	0.783887	-0.233223	0.000000	0.052786	1.000000
#P0.508741	-0.860919	0.213570	0.000000	0.052297	1.000000
#P0.852877	-0.522111	-0.536629	0.000000	0.051808	1.000000
#P-0.800696	-0.599071	0.878236	0.000000	0.051320	1.000000
#P-0.264505	-0.964384	0.516544	0.000000	0.050831	1.000000
#P0.311624	0.950205	-0.452161	0.000000	0.050342	1.000000
#P0.921276	0.388909	0.536634	0.000000	0.049853	1.000000
#P-0.997090	0.076235	-0.793492	0.000000	0.049365	1.000000
#P-0.728723	0.684809	-0.225374	0.000000	0.048876	1.000000
#P-0.307970	-0.951396	0.146589	0.000000	0.048387	1.000000
#P0.557280	-0.830325	-0.273005	0.000000	0.047898	1.000000
#P-0.841185	0.540747	-0.402861	0.000000	0.047410	1.000000
#P-0.012767	0.999919	-0.884557	0.000000	0.046921	1.000000
#P0.811195	-0.584776	-0.747485	0.000000	0.046432	1.000000
#P0.087582	0.996157	-0.979840	0.000000	0.045943	1.000000
#P0.454809	0.890589	-0.175657	0.000000	0.045455	1.000000
#P0.101389	-0.994847	-0.260766	0.000000	0.044966	1.000000
#P0.887818	-0.460195	-0.692020	0.000000	0.044477	1.000000
#P0.391945	-0.919989	-0.779683	0.000000	0.043988	1.000000
#P-0.932283	-0.361730	-0.131576	0.000000	0.043500	1.000000
#P-0.953269	-0.302124	0.607579	0.000000	0.043011	1.000000
#P-0.996291	0.086049	-0.425396	0.000000	0.042522	1.000000
#P0.966673	0.256016	0.373376	0.000000	0.042033	1.000000
#P-0.979143	-0.203173	-0.662894	0.000000	0.041544	1.000000
#P0.202464	-0.979290	0.748382	0.000000	0.041056	1.000000
#P-0.832349	-0.554251	0.050062	0.000000	0.040567	1.000000
#P0.862403	-0.506222	-0.605629	0.000000	0.040078	1.000000
#P0.544975	0.838452	-0.798975	0.000000	0.039589	1.000000
#P0.972591	0.232520	-0.373452	0.000000	0.039101	1.000000
#P-0.196381	-0.980528	-0.610973	0.000000	0.038612	1.000000
#P-0.997739	-0.067206	-0.628007	0.000000	0.038123	1.000000
#P-0.833998	0.551768	-0.905935	0.000000	0.037634	1.000000
#P0.933097	0.359625	-0.041744	0.000000	0.037146	1.000000
#P0.997608	0.069131	0.406810	0.000000	0.036657	1.000000
#P0.908834	0.417158	-0.737470	0.000000	0.036168	1.000000
#P0.932814	0.360357	-0.653029	0.000000	0.035679	1.000000
#P0.770464	0.637484	0.533501	0.000000	0.035191	1.000000
#P0.989681	-0.143291	0.547142	0.000000	0.034702	1.000000
#P-0.744533	0.667585	-0.182157	0.000000	0.034213	1.000000
#P0.057813	0.998327	0.494045	0.000000	0.033724	1.000000
#P0.992792	0.119850	-0.587746	0.000000	0.033236	1.000000
#P-0.645140	0.764065	-0.252496	0.000000	0.032747	1.000000
#P-0.872293	0.488983	0.302357	0.000000	0.032258	1.000000
#P0.429902	-0.902876	-0.283632	0.000000	0.031769	1.000000
#P0.930837	-0.365435	-0.999512	0.000000	0.031281	1.000000
#P-0.394861	0.918741	-0.794694	0.000000	0.030792	1.000000
#P-0.962198	-0.272350	-0.415231	0.000000	0.030303	1.000000
#P-0.502447	0.864608	-0.779315	0.000000	0.029814	1.000000
#P0.796161	-0.605085	0.054011	0.000000	0.029326	1.000000
#P-0.609648	-0.792672	-0.238487	0.000000	0.028837	1.000000
#P-0.981747	-0.190193	-0.247788	0.000000	0.028348	1.000000
#P-0.682811	0.730595	-0.577558	0.000000	0.027859	1.000000
#P0.151049	0.988526	0.988730	0.000000	0.027370	1.000000
#P0.571376	0.820688	-0.420786	0.000000	0.026882	1.000000
#P0.855878	-0.517178	-0.143424	0.000000	0.026393	1.000000
#P0.957439	0.288636	-0.518922	0.000000	0.025904	1.000000
#P0.177432	0.984133	0.473971	0.000000	0.025415	1.000000
#P-0.779032	-0.626984	0.026240	0.000000	0.024927	1.000000
#P0.148309	0.988941	-0.977025	0.000000	0.024438	1.000000
#P-0.910754	-0.412949	-0.859510	0.000000	0.023949	1.000000
#P0.407374	0.913261	0.217296	0.000000	0.023460	1.000000
#P-0.866262	0.499590	0.094955	0.000000	0.022972	1.000000
#P0.405251	0.914206	-0.083009	0.000000	0.022483	1.000000
#P-0.669590	-0.742731	0.869733	0.000000	0.021994	1.000000
#P0.188937	-0.981989	-0.395025	0.000000	0.021505	1.000000
#P-0.331280	-0.943533	0.810369	0.000000	0.021017	1.000000
#P0.970599	0.240703	-0.126452	0.000000	0.020528	1.000000
#P0.026992	0.999636	0.713951	0.000000	0.020039	1.000000
#P-0.969593	-0.244723	-0.631070	0.000000	0.019550	1.000000
#P0.489483	-0.872013	-0.400987	0.000000	0.019062	1.000000
#P-0.972840	0.231479	0.615139	0.000000	0.018573	1.000000
#P-0.608630	-0.793454	0.646838	0.000000	0.018084	1.000000
#P0.975587	-0.219612	-0.589385	0.000000	0.017595	1.000000
#P-0.128375	-0.991726	0.213711	0.000000	0.017107	1.000000
#P0.839276	-0.543705	-0.159354	0.000000	0.016618	1.000000
#P-0.508470	0.861080	-0.255540	0.000000	0.016129	1.000000
#P-0.903554	-0.428475	-0.855629	0.000000	0.015640	1.000000
#P0.976015	-0.217702	-0.557289	0.000000	0.015152	1.000000
#P0.974160	-0.225857	-0.349468	0.000000	0.014663	1.000000
#P-0.837549	-0.546362	0.497273	0.000000	0.014174	1.000000
#P-0.633803	-0.773495	-0.329109	0.000000	0.013685	1.000000
#P0.985852	0.167620	0.662068	0.000000	0.013196	1.000000
#P-0.999804	0.019792	-0.631140	0.000000	0.012708	1.000000
#P-0.943404	-0.331646	0.433667	0.000000	0.012219	1.000000
#P-0.005966	-0.999982	0.638485	0.000000	0.011730	1.000000
#P-0.249905	0.968270	-0.985637	0.000000	0.011241	1.000000
#P-0.759382	0.650645	0.405972	0.000000	0.010753	1.000000
#P-0.999876	0.015722	-0.827940	0.000000	0.010264	1.000000
#P-0.934809	0.355151	0.817802	0.000000	0.009775	1.000000
#P-0.322081	0.946712	0.801106	0.000000	0.009286	1.000000
#P0.899096	-0.437751	0.188029	0.000000	0.008798	1.000000
#P0.998938	0.046085	0.207882	0.000000	0.008309	1.000000
#P-0.415779	0.909466	-0.121673	0.000000	0.007820	1.000000
#P0.020834	-0.999783	-0.962065	0.000000	0.007331	1.000000
#P0.994543	-0.104326	0.573090	0.000000	0.006843	1.000000
#P-0.901146	0.433515	-0.077969	0.000000	0.006354	1.000000
#P0.830357	0.557232	-0.418397	0.000000	0.005865	1.000000
#P0.999371	0.035458	-0.003791	0.000000	0.005376	1.000000
#P0.675878	-0.737014	0.279697	0.000000	0.004888	1.000000
#P-0.956265	0.292501	0.871074	0.000000	0.004399	1.000000
#P-0.986190	0.165616	0.146045	0.000000	0.003910	1.000000
#P-0.927735	0.373241	0.581663	0.000000	0.003421	1.000000
#P-0.562163	0.827026	0.008636	0.000000	0.002933	1.000000
#P-0.465181	-0.885215	-0.860491	0.000000	0.002444	1.000000
#P0.992189	0.124744	-0.268841	0.000000	0.001955	1.000000
#P-0.947116	-0.320890	-0.414239	0.000000	0.001466	1.000000
#P-0.385521	0.922699	-0.115738	0.000000	0.000978	1.000000
#P-0.835588	0.549357	0.787938	0.000000	0.000489	1.000000
#P0.202794	-0.979221	0.878107	0.000000	0.000000	1.000000
