#N1024
#P0.500000	-1.000000	0.000000	0.300000	0.700000	1.000000
#P0.499580	-0.990521	0.020496	0.300000	0.700000	1.000000
#P0.498320	-0.981043	0.040959	0.300000	0.700000	1.000000
#P0.496222	-0.971564	0.061352	0.300000	0.700000	1.000000
#P0.493290	-0.962085	0.081642	0.300000	0.700000	1.000000
#P0.489528	-0.952607	0.101795	0.300000	0.700000	1.000000
#P0.484944	-0.943128	0.121776	0.300000	0.700000	1.000000
#P0.479544	-0.933649	0.141553	0.300000	0.700000	1.000000
#P0.473338	-0.924171	0.161092	0.300000	0.700000	1.000000
#P0.466337	-0.914692	0.180360	0.300000	0.700000	1.000000
#P0.458551	-0.905213	0.199325	0.300000	0.700000	1.000000
#P0.449995	-0.895735	0.217955	0.300000	0.700000	1.000000
#P0.440682	-0.886256	0.236219	0.300000	0.700000	1.000000
#P0.430628	-0.876777	0.254085	0.300000	0.700000	1.000000
#P0.419851	-0.867299	0.271524	0.300000	0.700000	1.000000
#P0.408367	-0.857820	0.288507	0.300000	0.700000	1.000000
#P0.396197	-0.848341	0.305004	0.300000	0.700000	1.000000
#P0.383361	-0.838863	0.320989	0.300000	0.700000	1.000000
#P0.369881	-0.829384	0.336435	0.300000	0.700000	1.000000
#P0.355778	-0.819905	0.351314	0.300000	0.700000	1.000000
#P0.341078	-0.810427	0.365604	0.300000	0.700000	1.000000
#P0.325804	-0.800948	0.379278	0.300000	0.700000	1.000000
#P0.309982	-0.791469	0.392315	0.300000	0.700000	1.000000
#P0.293640	-0.781991	0.404692	0.300000	0.700000	1.000000
#P0.276803	-0.772512	0.416389	0.300000	0.700000	1.000000
#P0.259502	-0.763033	0.427386	0.300000	0.700000	1.000000
#P0.241764	-0.753555	0.437665	0.300000	0.700000	1.000000
#P0.223619	-0.744076	0.447207	0.300000	0.700000	1.000000
#P0.205099	-0.734597	0.455998	0.300000	0.700000	1.000000
#P0.186234	-0.725118	0.464023	0.300000	0.700000	1.000000
#P0.167055	-0.715640	0.471267	0.300000	0.700000	1.000000
#P0.147596	-0.706161	0.477719	0.300000	0.700000	1.000000
#P0.127889	-0.696682	0.483368	0.300000	0.700000	1.000000
#P0.107967	-0.687204	0.488204	0.300000	0.700000	1.000000
#P0.087863	-0.677725	0.492219	0.300000	0.700000	1.000000
#P0.067612	-0.668246	0.495408	0.300000	0.700000	1.000000
#P0.047247	-0.658768	0.497763	0.300000	0.700000	1.000000
#P0.026802	-0.649289	0.499281	0.300000	0.700000	1.000000
#P0.006313	-0.639810	0.499960	0.300000	0.700000	1.000000
#P-0.014187	-0.630332	0.499799	0.300000	0.700000	1.000000
#P-0.034664	-0.620853	0.498797	0.300000	0.700000	1.000000
#P-0.055082	-0.611374	0.496957	0.300000	0.700000	1.000000
#P-0.075407	-0.601896	0.494281	0.300000	0.700000	1.000000
#P-0.095606	-0.592417	0.490774	0.300000	0.700000	1.000000
#P-0.115644	-0.582938	0.486443	0.300000	0.700000	1.000000
#P-0.135487	-0.573460	0.481293	0.300000	0.700000	1.000000
#P-0.155103	-0.563981	0.475335	0.300000	0.700000	1.000000
#P-0.174458	-0.554502	0.468577	0.300000	0.700000	1.000000
#P-0.193520	-0.545024	0.461032	0.300000	0.700000	1.000000
#P-0.212256	-0.535545	0.452711	0.300000	0.700000	1.000000
#P-0.230636	-0.526066	0.443629	0.300000	0.700000	1.000000
#P-0.248628	-0.516588	0.433802	0.300000	0.700000	1.000000
#P-0.266202	-0.507109	0.423246	0.300000	0.700000	1.000000
#P-0.283328	-0.497630	0.411977	0.300000	0.700000	1.000000
#P-0.299978	-0.488152	0.400017	0.300000	0.700000	1.000000
#P-0.316124	-0.478673	0.387383	0.300000	0.700000	1.000000
#P-0.331738	-0.469194	0.374099	0.300000	0.700000	1.000000
#P-0.346794	-0.459716	0.360185	0.300000	0.700000	1.000000
#P-0.361268	-0.450237	0.345667	0.300000	0.700000	1.000000
#P-0.375134	-0.440758	0.330567	0.300000	0.700000	1.000000
#P-0.388370	-0.431280	0.314911	0.300000	0.700000	1.000000
#P-0.400953	-0.421801	0.298726	0.300000	0.700000	1.000000
#P-0.412861	-0.412322	0.282038	0.300000	0.700000	1.000000
#P-0.424076	-0.402844	0.264877	0.300000	0.700000	1.000000
#P-0.434577	-0.393365	0.247270	0.300000	0.700000	1.000000
#P-0.444348	-0.383886	0.229248	0.300000	0.700000	1.000000
#P-0.453372	-0.374408	0.210840	0.300000	0.700000	1.000000
#P-0.461634	-0.364929	0.192077	0.300000	0.700000	1.000000
#P-0.469120	-0.355450	0.172992	0.300000	0.700000	1.000000
#P-0.475817	-0.345972	0.153616	0.300000	0.700000	1.000000
#P-0.481715	-0.336493	0.133982	0.300000	0.700000	1.000000
#P-0.486802	-0.327014	0.114122	0.300000	0.700000	1.000000
#P-0.491071	-0.317536	0.094071	0.300000	0.700000	1.000000
#P-0.494514	-0.308057	0.073861	0.300000	0.700000	1.000000
#P-0.497127	-0.298578	0.053528	0.300000	0.700000	1.000000
#P-0.498903	-0.289100	0.033104	0.300000	0.700000	1.000000
#P-0.499841	-0.279621	0.012625	0.300000	0.700000	1.000000
#P-0.499938	-0.270142	-0.007876	0.300000	0.700000	1.000000
#P-0.499195	-0.260664	-0.028363	0.300000	0.700000	1.000000
#P-0.497613	-0.251185	-0.048803	0.300000	0.700000	1.000000
#P-0.495194	-0.241706	-0.069161	0.300000	0.700000	1.000000
#P-0.491942	-0.232227	-0.089402	0.300000	0.700000	1.000000
#P-0.487864	-0.222749	-0.109493	0.300000	0.700000	1.000000
#P-0.482965	-0.213270	-0.129400	0.300000	0.700000	1.000000
#P-0.477255	-0.203791	-0.149089	0.300000	0.700000	1.000000
#P-0.470742	-0.194313	-0.168528	0.300000	0.700000	1.000000
#P-0.463438	-0.184834	-0.187684	0.300000	0.700000	1.000000
#P-0.455355	-0.175355	-0.206524	0.300000	0.700000	1.000000
#P-0.446506	-0.165877	-0.225016	0.300000	0.700000	1.000000
#P-0.436907	-0.156398	-0.243131	0.300000	0.700000	1.000000
#P-0.426573	-0.146919	-0.260837	0.300000	0.700000	1.000000
#P-0.415522	-0.137441	-0.278104	0.300000	0.700000	1.000000
#P-0.403772	-0.127962	-0.294904	0.300000	0.700000	1.000000
#P-0.391344	-0.118483	-0.311207	0.300000	0.700000	1.000000
#P-0.378257	-0.109005	-0.326988	0.300000	0.700000	1.000000
#P-0.364535	-0.099526	-0.342219	0.300000	0.700000	1.000000
#P-0.350200	-0.090047	-0.356875	0.300000	0.700000	1.000000
#P-0.335277	-0.080569	-0.370931	0.300000	0.700000	1.000000
#P-0.319789	-0.071090	-0.384363	0.300000	0.700000	1.000000
#P-0.303764	-0.061611	-0.397149	0.300000	0.700000	1.000000
#P-0.287228	-0.052133	-0.409267	0.300000	0.700000	1.000000
#P-0.270210	-0.042654	-0.420698	0.300000	0.700000	1.000000
#P-0.252737	-0.033175	-0.431421	0.300000	0.700000	1.000000
#P-0.234839	-0.023697	-0.441419	0.300000	0.700000	1.000000
#P-0.216547	-0.014218	-0.450674	0.300000	0.700000	1.000000
#P-0.197891	-0.004739	-0.459172	0.300000	0.700000	1.000000
#P-0.178901	0.004739	-0.466899	0.300000	0.700000	1.000000
#P-0.159611	0.014218	-0.473840	0.300000	0.700000	1.000000
#P-0.140053	0.023697	-0.479985	0.300000	0.700000	1.000000
#P-0.120259	0.033175	-0.485322	0.300000	0.700000	1.000000
#P-0.100263	0.042654	-0.489844	0.300000	0.700000	1.000000
#P-0.080099	0.052133	-0.493542	0.300000	0.700000	1.000000
#P-0.059800	0.061611	-0.496411	0.300000	0.700000	1.000000
#P-0.039400	0.071090	-0.498445	0.300000	0.700000	1.000000
#P-0.018934	0.080569	-0.499641	0.300000	0.700000	1.000000
#P0.001563	0.090047	-0.499998	0.300000	0.700000	1.000000
#P0.022058	0.099526	-0.499513	0.300000	0.700000	1.000000
#P0.042516	0.109005	-0.498189	0.300000	0.700000	1.000000
#P0.062903	0.118483	-0.496027	0.300000	0.700000	1.000000
#P0.083184	0.127962	-0.493032	0.300000	0.700000	1.000000
#P0.103325	0.137441	-0.489208	0.300000	0.700000	1.000000
#P0.123292	0.146919	-0.484561	0.300000	0.700000	1.000000
#P0.143052	0.156398	-0.479099	0.300000	0.700000	1.000000
#P0.162571	0.165877	-0.472832	0.300000	0.700000	1.000000
#P0.181817	0.175355	-0.465771	0.300000	0.700000	1.000000
#P0.200758	0.184834	-0.457926	0.300000	0.700000	1.000000
#P0.219361	0.194313	-0.449311	0.300000	0.700000	1.000000
#P0.237595	0.203791	-0.439941	0.300000	0.700000	1.000000
#P0.255430	0.213270	-0.429832	0.300000	0.700000	1.000000
#P0.272835	0.222749	-0.419000	0.300000	0.700000	1.000000
#P0.289782	0.232227	-0.407463	0.300000	0.700000	1.000000
#P0.306242	0.241706	-0.395242	0.300000	0.700000	1.000000
#P0.322186	0.251185	-0.382356	0.300000	0.700000	1.000000
#P0.337590	0.260664	-0.368827	0.300000	0.700000	1.000000
#P0.352425	0.270142	-0.354678	0.300000	0.700000	1.000000
#P0.366668	0.279621	-0.339933	0.300000	0.700000	1.000000
#P0.380295	0.289100	-0.324616	0.300000	0.700000	1.000000
#P0.393282	0.298578	-0.308754	0.300000	0.700000	1.000000
#P0.405608	0.308057	-0.292373	0.300000	0.700000	1.000000
#P0.417253	0.317536	-0.275500	0.300000	0.700000	1.000000
#P0.428195	0.327014	-0.258164	0.300000	0.700000	1.000000
#P0.438418	0.336493	-0.240394	0.300000	0.700000	1.000000
#P0.447904	0.345972	-0.222220	0.300000	0.700000	1.000000
#P0.456637	0.355450	-0.203672	0.300000	0.700000	1.000000
#P0.464603	0.364929	-0.184782	0.300000	0.700000	1.000000
#P0.471787	0.374408	-0.165581	0.300000	0.700000	1.000000
#P0.478178	0.383886	-0.146102	0.300000	0.700000	1.000000
#P0.483765	0.393365	-0.126377	0.300000	0.700000	1.000000
#P0.488539	0.402844	-0.106440	0.300000	0.700000	1.000000
#P0.492492	0.412322	-0.086324	0.300000	0.700000	1.000000
#P0.495617	0.421801	-0.066063	0.300000	0.700000	1.000000
#P0.497908	0.431280	-0.045690	0.300000	0.700000	1.000000
#P0.499362	0.440758	-0.025241	0.300000	0.700000	1.000000
#P0.499977	0.450237	-0.004750	0.300000	0.700000	1.000000
#P0.499752	0.459716	0.015750	0.300000	0.700000	1.000000
#P0.498686	0.469194	0.036223	0.300000	0.700000	1.000000
#P0.496782	0.478673	0.056635	0.300000	0.700000	1.000000
#P0.494043	0.488152	0.076952	0.300000	0.700000	1.000000
#P0.490473	0.497630	0.097140	0.300000	0.700000	1.000000
#P0.486079	0.507109	0.117164	0.300000	0.700000	1.000000
#P0.480867	0.516588	0.136992	0.300000	0.700000	1.000000
#P0.474847	0.526066	0.156589	0.300000	0.700000	1.000000
#P0.468029	0.535545	0.175922	0.300000	0.700000	1.000000
#P0.460424	0.545024	0.194960	0.300000	0.700000	1.000000
#P0.452045	0.554502	0.213671	0.300000	0.700000	1.000000
#P0.442906	0.563981	0.232022	0.300000	0.700000	1.000000
#P0.433023	0.573460	0.249983	0.300000	0.700000	1.000000
#P0.422411	0.582938	0.267524	0.300000	0.700000	1.000000
#P0.411089	0.592417	0.284615	0.300000	0.700000	1.000000
#P0.399077	0.601896	0.301227	0.300000	0.700000	1.000000
#P0.386393	0.611374	0.317333	0.300000	0.700000	1.000000
#P0.373060	0.620853	0.332906	0.300000	0.700000	1.000000
#P0.359099	0.630332	0.347919	0.300000	0.700000	1.000000
#P0.344535	0.639810	0.362347	0.300000	0.700000	1.000000
#P0.329392	0.649289	0.376166	0.300000	0.700000	1.000000
#P0.313695	0.658768	0.389353	0.300000	0.700000	1.000000
#P0.297471	0.668246	0.401885	0.300000	0.700000	1.000000
#P0.280746	0.677725	0.413741	0.300000	0.700000	1.000000
#P0.263550	0.687204	0.424902	0.300000	0.700000	1.000000
#P0.245910	0.696682	0.435348	0.300000	0.700000	1.000000
#P0.227857	0.706161	0.445063	0.300000	0.700000	1.000000
#P0.209421	0.715640	0.454030	0.300000	0.700000	1.000000
#P0.190633	0.725118	0.462233	0.300000	0.700000	1.000000
#P0.171525	0.734597	0.469659	0.300000	0.700000	1.000000
#P0.152128	0.744076	0.476295	0.300000	0.700000	1.000000
#P0.132475	0.753555	0.482131	0.300000	0.700000	1.000000
#P0.112600	0.763033	0.487156	0.300000	0.700000	1.000000
#P0.092535	0.772512	0.491363	0.300000	0.700000	1.000000
#P0.072315	0.781991	0.494743	0.300000	0.700000	1.000000
#P0.051973	0.791469	0.497291	0.300000	0.700000	1.000000
#P0.031544	0.800948	0.499004	0.300000	0.700000	1.000000
#P0.011062	0.810427	0.499878	0.300000	0.700000	1.000000
#P-0.009439	0.819905	0.499911	0.300000	0.700000	1.000000
#P-0.029924	0.829384	0.499104	0.300000	0.700000	1.000000
#P-0.050359	0.838863	0.497458	0.300000	0.700000	1.000000
#P-0.070709	0.848341	0.494975	0.300000	0.700000	1.000000
#P-0.090940	0.857820	0.491660	0.300000	0.700000	1.000000
#P-0.111018	0.867299	0.487519	0.300000	0.700000	1.000000
#P-0.130909	0.876777	0.482559	0.300000	0.700000	1.000000
#P-0.150581	0.886256	0.476787	0.300000	0.700000	1.000000
#P-0.169999	0.895735	0.470213	0.300000	0.700000	1.000000
#P-0.189132	0.905213	0.462849	0.300000	0.700000	1.000000
#P-0.207946	0.914692	0.454707	0.300000	0.700000	1.000000
#P-0.226411	0.924171	0.445800	0.300000	0.700000	1.000000
#P-0.244496	0.933649	0.436144	0.300000	0.700000	1.000000
#P-0.262169	0.943128	0.425755	0.300000	0.700000	1.000000
#P-0.279402	0.952607	0.414650	0.300000	0.700000	1.000000
#P-0.296165	0.962085	0.402848	0.300000	0.700000	1.000000
#P-0.312430	0.971564	0.390369	0.300000	0.700000	1.000000
#P-0.328169	0.981043	0.377233	0.300000	0.700000	1.000000
#P-0.343357	0.990521	0.363463	0.300000	0.700000	1.000000
#P-0.357968	1.000000	0.349083	0.300000	0.700000	1.000000
#P-0.500000	-1.000000	0.000000	0.300000	0.700000	1.000000
#P-0.499580	-0.990521	-0.020496	0.300000	0.700000	1.000000
#P-0.498320	-0.981043	-0.040959	0.300000	0.700000	1.000000
#P-0.496222	-0.971564	-0.061352	0.300000	0.700000	1.000000
#P-0.493290	-0.962085	-0.081642	0.300000	0.700000	1.000000
#P-0.489528	-0.952607	-0.101795	0.300000	0.700000	1.000000
#P-0.484944	-0.943128	-0.121776	0.300000	0.700000	1.000000
#P-0.479544	-0.933649	-0.141553	0.300000	0.700000	1.000000
#P-0.473338	-0.924171	-0.161092	0.300000	0.700000	1.000000
#P-0.466337	-0.914692	-0.180360	0.300000	0.700000	1.000000
#P-0.458551	-0.905213	-0.199325	0.300000	0.700000	1.000000
#P-0.449995	-0.895735	-0.217955	0.300000	0.700000	1.000000
#P-0.440682	-0.886256	-0.236219	0.300000	0.700000	1.000000
#P-0.430628	-0.876777	-0.254085	0.300000	0.700000	1.000000
#P-0.419851	-0.867299	-0.271524	0.300000	0.700000	1.000000
#P-0.408367	-0.857820	-0.288507	0.300000	0.700000	1.000000
#P-0.396197	-0.848341	-0.305004	0.300000	0.700000	1.000000
#P-0.383361	-0.838863	-0.320989	0.300000	0.700000	1.000000
#P-0.369881	-0.829384	-0.336435	0.300000	0.700000	1.000000
#P-0.355778	-0.819905	-0.351314	0.300000	0.700000	1.000000
#P-0.341078	-0.810427	-0.365604	0.300000	0.700000	1.000000
#P-0.325804	-0.800948	-0.379278	0.300000	0.700000	1.000000
#P-0.309982	-0.791469	-0.392315	0.300000	0.700000	1.000000
#P-0.293640	-0.781991	-0.404692	0.300000	0.700000	1.000000
#P-0.276803	-0.772512	-0.416389	0.300000	0.700000	1.000000
#P-0.259502	-0.763033	-0.427386	0.300000	0.700000	1.000000
#P-0.241764	-0.753555	-0.437665	0.300000	0.700000	1.000000
#P-0.223619	-0.744076	-0.447207	0.300000	0.700000	1.000000
#P-0.205099	-0.734597	-0.455998	0.300000	0.700000	1.000000
#P-0.186234	-0.725118	-0.464023	0.300000	0.700000	1.000000
#P-0.167055	-0.715640	-0.471267	0.300000	0.700000	1.000000
#P-0.147596	-0.706161	-0.477719	0.300000	0.700000	1.000000
#P-0.127889	-0.696682	-0.483368	0.300000	0.700000	1.000000
#P-0.107967	-0.687204	-0.488204	0.300000	0.700000	1.000000
#P-0.087863	-0.677725	-0.492219	0.300000	0.700000	1.000000
#P-0.067612	-0.668246	-0.495408	0.300000	0.700000	1.000000
#P-0.047247	-0.658768	-0.497763	0.300000	0.700000	1.000000
#P-0.026802	-0.649289	-0.499281	0.300000	0.700000	1.000000
#P-0.006313	-0.639810	-0.499960	0.300000	0.700000	1.000000
#P0.014187	-0.630332	-0.499799	0.300000	0.700000	1.000000
#P0.034664	-0.620853	-0.498797	0.300000	0.700000	1.000000
#P0.055082	-0.611374	-0.496957	0.300000	0.700000	1.000000
#P0.075407	-0.601896	-0.494281	0.300000	0.700000	1.000000
#P0.095606	-0.592417	-0.490774	0.300000	0.700000	1.000000
#P0.115644	-0.582938	-0.486443	0.300000	0.700000	1.000000
#P0.135487	-0.573460	-0.481293	0.300000	0.700000	1.000000
#P0.155103	-0.563981	-0.475335	0.300000	0.700000	1.000000
#P0.174458	-0.554502	-0.468577	0.300000	0.700000	1.000000
#P0.193520	-0.545024	-0.461032	0.300000	0.700000	1.000000
#P0.212256	-0.535545	-0.452711	0.300000	0.700000	1.000000
#P0.230636	-0.526066	-0.443629	0.300000	0.700000	1.000000
#P0.248628	-0.516588	-0.433802	0.300000	0.700000	1.000000
#P0.266202	-0.507109	-0.423246	0.300000	0.700000	1.000000
#P0.283328	-0.497630	-0.411977	0.300000	0.700000	1.000000
#P0.299978	-0.488152	-0.400017	0.300000	0.700000	1.000000
#P0.316124	-0.478673	-0.387383	0.300000	0.700000	1.000000
#P0.331738	-0.469194	-0.374099	0.300000	0.700000	1.000000
#P0.346794	-0.459716	-0.360185	0.300000	0.700000	1.000000
#P0.361268	-0.450237	-0.345667	0.300000	0.700000	1.000000
#P0.375134	-0.440758	-0.330567	0.300000	0.700000	1.000000
#P0.388370	-0.431280	-0.314911	0.300000	0.700000	1.000000
#P0.400953	-0.421801	-0.298726	0.300000	0.700000	1.000000
#P0.412861	-0.412322	-0.282038	0.300000	0.700000	1.000000
#P0.424076	-0.402844	-0.264877	0.300000	0.700000	1.000000
#P0.434577	-0.393365	-0.247270	0.300000	0.700000	1.000000
#P0.444348	-0.383886	-0.229248	0.300000	0.700000	1.000000
#P0.453372	-0.374408	-0.210840	0.300000	0.700000	1.000000
#P0.461634	-0.364929	-0.192077	0.300000	0.700000	1.000000
#P0.469120	-0.355450	-0.172992	0.300000	0.700000	1.000000
#P0.475817	-0.345972	-0.153616	0.300000	0.700000	1.000000
#P0.481715	-0.336493	-0.133982	0.300000	0.700000	1.000000
#P0.486802	-0.327014	-0.114122	0.300000	0.700000	1.000000
#P0.491071	-0.317536	-0.094071	0.300000	0.700000	1.000000
#P0.494514	-0.308057	-0.073861	0.300000	0.700000	1.000000
#P0.497127	-0.298578	-0.053528	0.300000	0.700000	1.000000
#P0.498903	-0.289100	-0.033104	0.300000	0.700000	1.000000
#P0.499841	-0.279621	-0.012625	0.300000	0.700000	1.000000
#P0.499938	-0.270142	0.007876	0.300000	0.700000	1.000000
#P0.499195	-0.260664	0.028363	0.300000	0.700000	1.000000
#P0.497613	-0.251185	0.048803	0.300000	0.700000	1.000000
#P0.495194	-0.241706	0.069161	0.300000	0.700000	1.000000
#P0.491942	-0.232227	0.089402	0.300000	0.700000	1.000000
#P0.487864	-0.222749	0.109493	0.300000	0.700000	1.000000
#P0.482965	-0.213270	0.129400	0.300000	0.700000	1.000000
#P0.477255	-0.203791	0.149089	0.300000	0.700000	1.000000
#P0.470742	-0.194313	0.168528	0.300000	0.700000	1.000000
#P0.463438	-0.184834	0.187684	0.300000	0.700000	1.000000
#P0.455355	-0.175355	0.206524	0.300000	0.700000	1.000000
#P0.446506	-0.165877	0.225016	0.300000	0.700000	1.000000
#P0.436907	-0.156398	0.243131	0.300000	0.700000	1.000000
#P0.426573	-0.146919	0.260837	0.300000	0.700000	1.000000
#P0.415522	-0.137441	0.278104	0.300000	0.700000	1.000000
#P0.403772	-0.127962	0.294904	0.300000	0.700000	1.000000
#P0.391344	-0.118483	0.311207	0.300000	0.700000	1.000000
#P0.378257	-0.109005	0.326988	0.300000	0.700000	1.000000
#P0.364535	-0.099526	0.342219	0.300000	0.700000	1.000000
#P0.350200	-0.090047	0.356875	0.300000	0.700000	1.000000
#P0.335277	-0.080569	0.370931	0.300000	0.700000	1.000000
#P0.319789	-0.071090	0.384363	0.300000	0.700000	1.000000
#P0.303764	-0.061611	0.397149	0.300000	0.700000	1.000000
#P0.287228	-0.052133	0.409267	0.300000	0.700000	1.000000
#P0.270210	-0.042654	0.420698	0.300000	0.700000	1.000000
#P0.252737	-0.033175	0.431421	0.300000	0.700000	1.000000
#P0.234839	-0.023697	0.441419	0.300000	0.700000	1.000000
#P0.216547	-0.014218	0.450674	0.300000	0.700000	1.000000
#P0.197891	-0.004739	0.459172	0.300000	0.700000	1.000000
#P0.178901	0.004739	0.466899	0.300000	0.700000	1.000000
#P0.159611	0.014218	0.473840	0.300000	0.700000	1.000000
#P0.140053	0.023697	0.479985	0.300000	0.700000	1.000000
#P0.120259	0.033175	0.485322	0.300000	0.700000	1.000000
#P0.100263	0.042654	0.489844	0.300000	0.700000	1.000000
#P0.080099	0.052133	0.493542	0.300000	0.700000	1.000000
#P0.059800	0.061611	0.496411	0.300000	0.700000	1.000000
#P0.039400	0.071090	0.498445	0.300000	0.700000	1.000000
#P0.018934	0.080569	0.499641	0.300000	0.700000	1.000000
#P-0.001563	0.090047	0.499998	0.300000	0.700000	1.000000
#P-0.022058	0.099526	0.499513	0.300000	0.700000	1.000000
#P-0.042516	0.109005	0.498189	0.300000	0.700000	1.000000
#P-0.062903	0.118483	0.496027	0.300000	0.700000	1.000000
#P-0.083184	0.127962	0.493032	0.300000	0.700000	1.000000
#P-0.103325	0.137441	0.489208	0.300000	0.700000	1.000000
#P-0.123292	0.146919	0.484561	0.300000	0.700000	1.000000
#P-0.143052	0.156398	0.479099	0.300000	0.700000	1.000000
#P-0.162571	0.165877	0.472832	0.300000	0.700000	1.000000
#P-0.181817	0.175355	0.465771	0.300000	0.700000	1.000000
#P-0.200758	0.184834	0.457926	0.300000	0.700000	1.000000
#P-0.219361	0.194313	0.449311	0.300000	0.700000	1.000000
#P-0.237595	0.203791	0.439941	0.300000	0.700000	1.000000
#P-0.255430	0.213270	0.429832	0.300000	0.700000	1.000000
#P-0.272835	0.222749	0.419000	0.300000	0.700000	1.000000
#P-0.289782	0.232227	0.407463	0.300000	0.700000	1.000000
#P-0.306242	0.241706	0.395242	0.300000	0.700000	1.000000
#P-0.322186	0.251185	0.382356	0.300000	0.700000	1.000000
#P-0.337590	0.260664	0.368827	0.300000	0.700000	1.000000
#P-0.352425	0.270142	0.354678	0.300000	0.700000	1.000000
#P-0.366668	0.279621	0.339933	0.300000	0.700000	1.000000
#P-0.380295	0.289100	0.324616	0.300000	0.700000	1.000000
#P-0.393282	0.298578	0.308754	0.300000	0.700000	1.000000
#P-0.405608	0.308057	0.292373	0.300000	0.700000	1.000000
#P-0.417253	0.317536	0.275500	0.300000	0.700000	1.000000
#P-0.428195	0.327014	0.258164	0.300000	0.700000	1.000000
#P-0.438418	0.336493	0.240394	0.300000	0.700000	1.000000
#P-0.447904	0.345972	0.222220	0.300000	0.700000	1.000000
#P-0.456637	0.355450	0.203672	0.300000	0.700000	1.000000
#P-0.464603	0.364929	0.184782	0.300000	0.700000	1.000000
#P-0.471787	0.374408	0.165581	0.300000	0.700000	1.000000
#P-0.478178	0.383886	0.146102	0.300000	0.700000	1.000000
#P-0.483765	0.393365	0.126377	0.300000	0.700000	1.000000
#P-0.488539	0.402844	0.106440	0.300000	0.700000	1.000000
#P-0.492492	0.412322	0.086324	0.300000	0.700000	1.000000
#P-0.495617	0.421801	0.066063	0.300000	0.700000	1.000000
#P-0.497908	0.431280	0.045690	0.300000	0.700000	1.000000
#P-0.499362	0.440758	0.025241	0.300000	0.700000	1.000000
#P-0.499977	0.450237	0.004750	0.300000	0.700000	1.000000
#P-0.499752	0.459716	-0.015750	0.300000	0.700000	1.000000
#P-0.498686	0.469194	-0.036223	0.300000	0.700000	1.000000
#P-0.496782	0.478673	-0.056635	0.300000	0.700000	1.000000
#P-0.494043	0.488152	-0.076952	0.300000	0.700000	1.000000
#P-0.490473	0.497630	-0.097140	0.300000	0.700000	1.000000
#P-0.486079	0.507109	-0.117164	0.300000	0.700000	1.000000
#P-0.480867	0.516588	-0.136992	0.300000	0.700000	1.000000
#P-0.474847	0.526066	-0.156589	0.300000	0.700000	1.000000
#P-0.468029	0.535545	-0.175922	0.300000	0.700000	1.000000
#P-0.460424	0.545024	-0.194960	0.300000	0.700000	1.000000
#P-0.452045	0.554502	-0.213671	0.300000	0.700000	1.000000
#P-0.442906	0.563981	-0.232022	0.300000	0.700000	1.000000
#P-0.433023	0.573460	-0.249983	0.300000	0.700000	1.000000
#P-0.422411	0.582938	-0.267524	0.300000	0.700000	1.000000
#P-0.411089	0.592417	-0.284615	0.300000	0.700000	1.000000
#P-0.399077	0.601896	-0.301227	0.300000	0.700000	1.000000
#P-0.386393	0.611374	-0.317333	0.300000	0.700000	1.000000
#P-0.373060	0.620853	-0.332906	0.300000	0.700000	1.000000
#P-0.359099	0.630332	-0.347919	0.300000	0.700000	1.000000
#P-0.344535	0.639810	-0.362347	0.300000	0.700000	1.000000
#P-0.329392	0.649289	-0.376166	0.300000	0.700000	1.000000
#P-0.313695	0.658768	-0.389353	0.300000	0.700000	1.000000
#P-0.297471	0.668246	-0.401885	0.300000	0.700000	1.000000
#P-0.280746	0.677725	-0.413741	0.300000	0.700000	1.000000
#P-0.263550	0.687204	-0.424902	0.300000	0.700000	1.000000
#P-0.245910	0.696682	-0.435348	0.300000	0.700000	1.000000
#P-0.227857	0.706161	-0.445063	0.300000	0.700000	1.000000
#P-0.209421	0.715640	-0.454030	0.300000	0.700000	1.000000
#P-0.190633	0.725118	-0.462233	0.300000	0.700000	1.000000
#P-0.171525	0.734597	-0.469659	0.300000	0.700000	1.000000
#P-0.152128	0.744076	-0.476295	0.300000	0.700000	1.000000
#P-0.132475	0.753555	-0.482131	0.300000	0.700000	1.000000
#P-0.112600	0.763033	-0.487156	0.300000	0.700000	1.000000
#P-0.092535	0.772512	-0.491363	0.300000	0.700000	1.000000
#P-0.072315	0.781991	-0.494743	0.300000	0.700000	1.000000
#P-0.051973	0.791469	-0.497291	0.300000	0.700000	1.000000
#P-0.031544	0.800948	-0.499004	0.300000	0.700000	1.000000
#P-0.011062	0.810427	-0.499878	0.300000	0.700000	1.000000
#P0.009439	0.819905	-0.499911	0.300000	0.700000	1.000000
#P0.029924	0.829384	-0.499104	0.300000	0.700000	1.000000
#P0.050359	0.838863	-0.497458	0.300000	0.700000	1.000000
#P0.070709	0.848341	-0.494975	0.300000	0.700000	1.000000
#P0.090940	0.857820	-0.491660	0.300000	0.700000	1.000000
#P0.111018	0.867299	-0.487519	0.300000	0.700000	1.000000
#P0.130909	0.876777	-0.482559	0.300000	0.700000	1.000000
#P0.150581	0.886256	-0.476787	0.300000	0.700000	1.000000
#P0.169999	0.895735	-0.470213	0.300000	0.700000	1.000000
#P0.189132	0.905213	-0.462849	0.300000	0.700000	1.000000
#P0.207946	0.914692	-0.454707	0.300000	0.700000	1.000000
#P0.226411	0.924171	-0.445800	0.300000	0.700000	1.000000
#P0.244496	0.933649	-0.436144	0.300000	0.700000	1.000000
#P0.262169	0.943128	-0.425755	0.300000	0.700000	1.000000
#P0.279402	0.952607	-0.414650	0.300000	0.700000	1.000000
#P0.296165	0.962085	-0.402848	0.300000	0.700000	1.000000
#P0.312430	0.971564	-0.390369	0.300000	0.700000	1.000000
#P0.328169	0.981043	-0.377233	0.300000	0.700000	1.000000
#P0.343357	0.990521	-0.363463	0.300000	0.700000	1.000000
#P0.357968	1.000000	-0.349083	0.300000	0.700000	1.000000
#P0.419107	-0.866667	0.272671	0.000000	1.000000	0.000000
#P0.397049	-0.866667	0.258320	0.000000	1.000000	0.000000
#P0.374990	-0.866667	0.243969	0.000000	1.000000	0.000000
#P0.352932	-0.866667	0.229617	0.000000	1.000000	0.000000
#P0.330874	-0.866667	0.215266	0.000000	1.000000	0.000000
#P0.308816	-0.866667	0.200915	0.000000	1.000000	0.000000
#P0.286757	-0.866667	0.186564	0.000000	1.000000	0.000000
#P0.264699	-0.866667	0.172213	0.000000	1.000000	0.000000
#P0.242641	-0.866667	0.157862	0.000000	1.000000	0.000000
#P0.220583	-0.866667	0.143511	0.000000	1.000000	0.000000
#P0.198524	-0.866667	0.129160	0.000000	1.000000	0.000000
#P0.176466	-0.866667	0.114809	0.000000	1.000000	0.000000
#P0.154408	-0.866667	0.100458	0.000000	1.000000	0.000000
#P0.132350	-0.866667	0.086107	0.000000	1.000000	0.000000
#P0.110291	-0.866667	0.071755	0.000000	1.000000	0.000000
#P0.088233	-0.866667	0.057404	0.000000	1.000000	0.000000
#P0.066175	-0.866667	0.043053	0.000000	1.000000	0.000000
#P0.044117	-0.866667	0.028702	0.000000	1.000000	0.000000
#P0.022058	-0.866667	0.014351	0.000000	1.000000	0.000000
#P0.000000	-0.866667	0.000000	0.000000	1.000000	0.000000
#P0.000000	-0.866667	0.000000	1.000000	0.000000	0.000000
#P-0.022058	-0.866667	-0.014351	1.000000	0.000000	0.000000
#P-0.044117	-0.866667	-0.028702	1.000000	0.000000	0.000000
#P-0.066175	-0.866667	-0.043053	1.000000	0.000000	0.000000
#P-0.088233	-0.866667	-0.057404	1.000000	0.000000	0.000000
#P-0.110291	-0.866667	-0.071755	1.000000	0.000000	0.000000
#P-0.132350	-0.866667	-0.086107	1.000000	0.000000	0.000000
#P-0.154408	-0.866667	-0.100458	1.000000	0.000000	0.000000
#P-0.176466	-0.866667	-0.114809	1.000000	0.000000	0.000000
#P-0.198524	-0.866667	-0.129160	1.000000	0.000000	0.000000
#P-0.220583	-0.866667	-0.143511	1.000000	0.000000	0.000000
#P-0.242641	-0.866667	-0.157862	1.000000	0.000000	0.000000
#P-0.264699	-0.866667	-0.172213	1.000000	0.000000	0.000000
#P-0.286757	-0.866667	-0.186564	1.000000	0.000000	0.000000
#P-0.308816	-0.866667	-0.200915	1.000000	0.000000	0.000000
#P-0.330874	-0.866667	-0.215266	1.000000	0.000000	0.000000
#P-0.352932	-0.866667	-0.229617	1.000000	0.000000	0.000000
#P-0.374990	-0.866667	-0.243969	1.000000	0.000000	0.000000
#P-0.397049	-0.866667	-0.258320	1.000000	0.000000	0.000000
#P-0.419107	-0.866667	-0.272671	1.000000	0.000000	0.000000
#P0.202603	-0.733333	0.457113	1.000000	0.000000	0.000000
#P0.191939	-0.733333	0.433054	1.000000	0.000000	0.000000
#P0.181276	-0.733333	0.408996	1.000000	0.000000	0.000000
#P0.170613	-0.733333	0.384937	1.000000	0.000000	0.000000
#P0.159950	-0.733333	0.360879	1.000000	0.000000	0.000000
#P0.149286	-0.733333	0.336820	1.000000	0.000000	0.000000
#P0.138623	-0.733333	0.312761	1.000000	0.000000	0.000000
#P0.127960	-0.733333	0.288703	1.000000	0.000000	0.000000
#P0.117296	-0.733333	0.264644	1.000000	0.000000	0.000000
#P0.106633	-0.733333	0.240586	1.000000	0.000000	0.000000
#P0.095970	-0.733333	0.216527	1.000000	0.000000	0.000000
#P0.085306	-0.733333	0.192469	1.000000	0.000000	0.000000
#P0.074643	-0.733333	0.168410	1.000000	0.000000	0.000000
#P0.063980	-0.733333	0.144351	1.000000	0.000000	0.000000
#P0.053317	-0.733333	0.120293	1.000000	0.000000	0.000000
#P0.042653	-0.733333	0.096234	1.000000	0.000000	0.000000
#P0.031990	-0.733333	0.072176	1.000000	0.000000	0.000000
#P0.021327	-0.733333	0.048117	1.000000	0.000000	0.000000
#P0.010663	-0.733333	0.024059	1.000000	0.000000	0.000000
#P0.000000	-0.733333	0.000000	1.000000	0.000000	0.000000
#P0.000000	-0.733333	0.000000	0.000000	1.000000	0.000000
#P-0.010663	-0.733333	-0.024059	0.000000	1.000000	0.000000
#P-0.021327	-0.733333	-0.048117	0.000000	1.000000	0.000000
#P-0.031990	-0.733333	-0.072176	0.000000	1.000000	0.000000
#P-0.042653	-0.733333	-0.096234	0.000000	1.000000	0.000000
#P-0.053317	-0.733333	-0.120293	0.000000	1.000000	0.000000
#P-0.063980	-0.733333	-0.144351	0.000000	1.000000	0.000000
#P-0.074643	-0.733333	-0.168410	0.000000	1.000000	0.000000
#P-0.085306	-0.733333	-0.192469	0.000000	1.000000	0.000000
#P-0.095970	-0.733333	-0.216527	0.000000	1.000000	0.000000
#P-0.106633	-0.733333	-0.240586	0.000000	1.000000	0.000000
#P-0.117296	-0.733333	-0.264644	0.000000	1.000000	0.000000
#P-0.127960	-0.733333	-0.288703	0.000000	1.000000	0.000000
#P-0.138623	-0.733333	-0.312761	0.000000	1.000000	0.000000
#P-0.149286	-0.733333	-0.336820	0.000000	1.000000	0.000000
#P-0.159950	-0.733333	-0.360879	0.000000	1.000000	0.000000
#P-0.170613	-0.733333	-0.384937	0.000000	1.000000	0.000000
#P-0.181276	-0.733333	-0.408996	0.000000	1.000000	0.000000
#P-0.191939	-0.733333	-0.433054	0.000000	1.000000	0.000000
#P-0.202603	-0.733333	-0.457113	0.000000	1.000000	0.000000
#P-0.079458	-0.600000	0.493646	1.000000	0.500000	0.200000
#P-0.075276	-0.600000	0.467665	1.000000	0.500000	0.200000
#P-0.071094	-0.600000	0.441683	1.000000	0.500000	0.200000
#P-0.066912	-0.600000	0.415702	1.000000	0.500000	0.200000
#P-0.062730	-0.600000	0.389721	1.000000	0.500000	0.200000
#P-0.058548	-0.600000	0.363739	1.000000	0.500000	0.200000
#P-0.054366	-0.600000	0.337758	1.000000	0.500000	0.200000
#P-0.050184	-0.600000	0.311776	1.000000	0.500000	0.200000
#P-0.046002	-0.600000	0.285795	1.000000	0.500000	0.200000
#P-0.041820	-0.600000	0.259814	1.000000	0.500000	0.200000
#P-0.037638	-0.600000	0.233832	1.000000	0.500000	0.200000
#P-0.033456	-0.600000	0.207851	1.000000	0.500000	0.200000
#P-0.029274	-0.600000	0.181870	1.000000	0.500000	0.200000
#P-0.025092	-0.600000	0.155888	1.000000	0.500000	0.200000
#P-0.020910	-0.600000	0.129907	1.000000	0.500000	0.200000
#P-0.016728	-0.600000	0.103925	1.000000	0.500000	0.200000
#P-0.012546	-0.600000	0.077944	1.000000	0.500000	0.200000
#P-0.008364	-0.600000	0.051963	1.000000	0.500000	0.200000
#P-0.004182	-0.600000	0.025981	1.000000	0.500000	0.200000
#P0.000000	-0.600000	0.000000	1.000000	0.500000	0.200000
#P0.000000	-0.600000	0.000000	1.000000	1.000000	0.000000
#P0.004182	-0.600000	-0.025981	1.000000	1.000000	0.000000
#P0.008364	-0.600000	-0.051963	1.000000	1.000000	0.000000
#P0.012546	-0.600000	-0.077944	1.000000	1.000000	0.000000
#P0.016728	-0.600000	-0.103925	1.000000	1.000000	0.000000
#P0.020910	-0.600000	-0.129907	1.000000	1.000000	0.000000
#P0.025092	-0.600000	-0.155888	1.000000	1.000000	0.000000
#P0.029274	-0.600000	-0.181870	1.000000	1.000000	0.000000
#P0.033456	-0.600000	-0.207851	1.000000	1.000000	0.000000
#P0.037638	-0.600000	-0.233832	1.000000	1.000000	0.000000
#P0.041820	-0.600000	-0.259814	1.000000	1.000000	0.000000
#P0.046002	-0.600000	-0.285795	1.000000	1.000000	0.000000
#P0.050184	-0.600000	-0.311776	1.000000	1.000000	0.000000
#P0.054366	-0.600000	-0.337758	1.000000	1.000000	0.000000
#P0.058548	-0.600000	-0.363739	1.000000	1.000000	0.000000
#P0.062730	-0.600000	-0.389721	1.000000	1.000000	0.000000
#P0.066912	-0.600000	-0.415702	1.000000	1.000000	0.000000
#P0.071094	-0.600000	-0.441683	1.000000	1.000000	0.000000
#P0.075276	-0.600000	-0.467665	1.000000	1.000000	0.000000
#P0.079458	-0.600000	-0.493646	1.000000	1.000000	0.000000
#P-0.335809	-0.466667	0.370449	1.000000	1.000000	0.000000
#P-0.318134	-0.466667	0.350952	1.000000	1.000000	0.000000
#P-0.300460	-0.466667	0.331455	1.000000	1.000000	0.000000
#P-0.282786	-0.466667	0.311957	1.000000	1.000000	0.000000
#P-0.265112	-0.466667	0.292460	1.000000	1.000000	0.000000
#P-0.247438	-0.466667	0.272963	1.000000	1.000000	0.000000
#P-0.229764	-0.466667	0.253465	1.000000	1.000000	0.000000
#P-0.212090	-0.466667	0.233968	1.000000	1.000000	0.000000
#P-0.194415	-0.466667	0.214471	1.000000	1.000000	0.000000
#P-0.176741	-0.466667	0.194973	1.000000	1.000000	0.000000
#P-0.159067	-0.466667	0.175476	1.000000	1.000000	0.000000
#P-0.141393	-0.466667	0.155979	1.000000	1.000000	0.000000
#P-0.123719	-0.466667	0.136481	1.000000	1.000000	0.000000
#P-0.106045	-0.466667	0.116984	1.000000	1.000000	0.000000
#P-0.088371	-0.466667	0.097487	1.000000	1.000000	0.000000
#P-0.070697	-0.466667	0.077989	1.000000	1.000000	0.000000
#P-0.053022	-0.466667	0.058492	1.000000	1.000000	0.000000
#P-0.035348	-0.466667	0.038995	1.000000	1.000000	0.000000
#P-0.017674	-0.466667	0.019497	1.000000	1.000000	0.000000
#P0.000000	-0.466667	0.000000	1.000000	1.000000	0.000000
#P0.000000	-0.466667	0.000000	1.000000	0.500000	0.200000
#P0.017674	-0.466667	-0.019497	1.000000	0.500000	0.200000
#P0.035348	-0.466667	-0.038995	1.000000	0.500000	0.200000
#P0.053022	-0.466667	-0.058492	1.000000	0.500000	0.200000
#P0.070697	-0.466667	-0.077989	1.000000	0.500000	0.200000
#P0.088371	-0.466667	-0.097487	1.000000	0.500000	0.200000
#P0.106045	-0.466667	-0.116984	1.000000	0.500000	0.200000
#P0.123719	-0.466667	-0.136481	1.000000	0.500000	0.200000
#P0.141393	-0.466667	-0.155979	1.000000	0.500000	0.200000
#P0.159067	-0.466667	-0.175476	1.000000	0.500000	0.200000
#P0.176741	-0.466667	-0.194973	1.000000	0.500000	0.200000
#P0.194415	-0.466667	-0.214471	1.000000	0.500000	0.200000
#P0.212090	-0.466667	-0.233968	1.000000	0.500000	0.200000
#P0.229764	-0.466667	-0.253465	1.000000	0.500000	0.200000
#P0.247438	-0.466667	-0.272963	1.000000	0.500000	0.200000
#P0.265112	-0.466667	-0.292460	1.000000	0.500000	0.200000
#P0.282786	-0.466667	-0.311957	1.000000	0.500000	0.200000
#P0.300460	-0.466667	-0.331455	1.000000	0.500000	0.200000
#P0.318134	-0.466667	-0.350952	1.000000	0.500000	0.200000
#P0.335809	-0.466667	-0.370449	1.000000	0.500000	0.200000
#P-0.483501	-0.333333	0.127385	0.000000	1.000000	0.000000
#P-0.458053	-0.333333	0.120681	0.000000	1.000000	0.000000
#P-0.432606	-0.333333	0.113976	0.000000	1.000000	0.000000
#P-0.407159	-0.333333	0.107272	0.000000	1.000000	0.000000
#P-0.381711	-0.333333	0.100567	0.000000	1.000000	0.000000
#P-0.356264	-0.333333	0.093863	0.000000	1.000000	0.000000
#P-0.330816	-0.333333	0.087158	0.000000	1.000000	0.000000
#P-0.305369	-0.333333	0.080454	0.000000	1.000000	0.000000
#P-0.279921	-0.333333	0.073749	0.000000	1.000000	0.000000
#P-0.254474	-0.333333	0.067045	0.000000	1.000000	0.000000
#P-0.229027	-0.333333	0.060340	0.000000	1.000000	0.000000
#P-0.203579	-0.333333	0.053636	0.000000	1.000000	0.000000
#P-0.178132	-0.333333	0.046931	0.000000	1.000000	0.000000
#P-0.152684	-0.333333	0.040227	0.000000	1.000000	0.000000
#P-0.127237	-0.333333	0.033522	0.000000	1.000000	0.000000
#P-0.101790	-0.333333	0.026818	0.000000	1.000000	0.000000
#P-0.076342	-0.333333	0.020113	0.000000	1.000000	0.000000
#P-0.050895	-0.333333	0.013409	0.000000	1.000000	0.000000
#P-0.025447	-0.333333	0.006704	0.000000	1.000000	0.000000
#P0.000000	-0.333333	0.000000	0.000000	1.000000	0.000000
#P0.000000	-0.333333	0.000000	1.000000	0.000000	0.000000
#P0.025447	-0.333333	-0.006704	1.000000	0.000000	0.000000
#P0.050895	-0.333333	-0.013409	1.000000	0.000000	0.000000
#P0.076342	-0.333333	-0.020113	1.000000	0.000000	0.000000
#P0.101790	-0.333333	-0.026818	1.000000	0.000000	0.000000
#P0.127237	-0.333333	-0.033522	1.000000	0.000000	0.000000
#P0.152684	-0.333333	-0.040227	1.000000	0.000000	0.000000
#P0.178132	-0.333333	-0.046931	1.000000	0.000000	0.000000
#P0.203579	-0.333333	-0.053636	1.000000	0.000000	0.000000
#P0.229027	-0.333333	-0.060340	1.000000	0.000000	0.000000
#P0.254474	-0.333333	-0.067045	1.000000	0.000000	0.000000
#P0.279921	-0.333333	-0.073749	1.000000	0.000000	0.000000
#P0.305369	-0.333333	-0.080454	1.000000	0.000000	0.000000
#P0.330816	-0.333333	-0.087158	1.000000	0.000000	0.000000
#P0.356264	-0.333333	-0.093863	1.000000	0.000000	0.000000
#P0.381711	-0.333333	-0.100567	1.000000	0.000000	0.000000
#P0.407159	-0.333333	-0.107272	1.000000	0.000000	0.000000
#P0.432606	-0.333333	-0.113976	1.000000	0.000000	0.000000
#P0.458053	-0.333333	-0.120681	1.000000	0.000000	0.000000
#P0.483501	-0.333333	-0.127385	1.000000	0.000000	0.000000
#P-0.474746	-0.200000	-0.156897	0.000000	1.000000	0.000000
#P-0.449759	-0.200000	-0.148639	0.000000	1.000000	0.000000
#P-0.424772	-0.200000	-0.140381	0.000000	1.000000	0.000000
#P-0.399786	-0.200000	-0.132124	0.000000	1.000000	0.000000
#P-0.374799	-0.200000	-0.123866	0.000000	1.000000	0.000000
#P-0.349813	-0.200000	-0.115608	0.000000	1.000000	0.000000
#P-0.324826	-0.200000	-0.107350	0.000000	1.000000	0.000000
#P-0.299839	-0.200000	-0.099093	0.000000	1.000000	0.000000
#P-0.274853	-0.200000	-0.090835	0.000000	1.000000	0.000000
#P-0.249866	-0.200000	-0.082577	0.000000	1.000000	0.000000
#P-0.224879	-0.200000	-0.074320	0.000000	1.000000	0.000000
#P-0.199893	-0.200000	-0.066062	0.000000	1.000000	0.000000
#P-0.174906	-0.200000	-0.057804	0.000000	1.000000	0.000000
#P-0.149920	-0.200000	-0.049546	0.000000	1.000000	0.000000
#P-0.124933	-0.200000	-0.041289	0.000000	1.000000	0.000000
#P-0.099946	-0.200000	-0.033031	0.000000	1.000000	0.000000
#P-0.074960	-0.200000	-0.024773	0.000000	1.000000	0.000000
#P-0.049973	-0.200000	-0.016515	0.000000	1.000000	0.000000
#P-0.024987	-0.200000	-0.008258	0.000000	1.000000	0.000000
#P0.000000	-0.200000	0.000000	0.000000	1.000000	0.000000
#P0.000000	-0.200000	0.000000	1.000000	0.000000	0.000000
#P0.024987	-0.200000	0.008258	1.000000	0.000000	0.000000
#P0.049973	-0.200000	0.016515	1.000000	0.000000	0.000000
#P0.074960	-0.200000	0.024773	1.000000	0.000000	0.000000
#P0.099946	-0.200000	0.033031	1.000000	0.000000	0.000000
#P0.124933	-0.200000	0.041289	1.000000	0.000000	0.000000
#P0.149920	-0.200000	0.049546	1.000000	0.000000	0.000000
#P0.174906	-0.200000	0.057804	1.000000	0.000000	0.000000
#P0.199893	-0.200000	0.066062	1.000000	0.000000	0.000000
#P0.224879	-0.200000	0.074320	1.000000	0.000000	0.000000
#P0.249866	-0.200000	0.082577	1.000000	0.000000	0.000000
#P0.274853	-0.200000	0.090835	1.000000	0.000000	0.000000
#P0.299839	-0.200000	0.099093	1.000000	0.000000	0.000000
#P0.324826	-0.200000	0.107350	1.000000	0.000000	0.000000
#P0.349813	-0.200000	0.115608	1.000000	0.000000	0.000000
#P0.374799	-0.200000	0.123866	1.000000	0.000000	0.000000
#P0.399786	-0.200000	0.132124	1.000000	0.000000	0.000000
#P0.424772	-0.200000	0.140381	1.000000	0.000000	0.000000
#P0.449759	-0.200000	0.148639	1.000000	0.000000	0.000000
#P0.474746	-0.200000	0.156897	1.000000	0.000000	0.000000
#P-0.312376	-0.066667	-0.390412	1.000000	1.000000	0.000000
#P-0.295935	-0.066667	-0.369864	1.000000	1.000000	0.000000
#P-0.279494	-0.066667	-0.349316	1.000000	1.000000	0.000000
#P-0.263054	-0.066667	-0.328768	1.000000	1.000000	0.000000
#P-0.246613	-0.066667	-0.308220	1.000000	1.000000	0.000000
#P-0.230172	-0.066667	-0.287672	1.000000	1.000000	0.000000
#P-0.213731	-0.066667	-0.267124	1.000000	1.000000	0.000000
#P-0.197290	-0.066667	-0.246576	1.000000	1.000000	0.000000
#P-0.180849	-0.066667	-0.226028	1.000000	1.000000	0.000000
#P-0.164408	-0.066667	-0.205480	1.000000	1.000000	0.000000
#P-0.147968	-0.066667	-0.184932	1.000000	1.000000	0.000000
#P-0.131527	-0.066667	-0.164384	1.000000	1.000000	0.000000
#P-0.115086	-0.066667	-0.143836	1.000000	1.000000	0.000000
#P-0.098645	-0.066667	-0.123288	1.000000	1.000000	0.000000
#P-0.082204	-0.066667	-0.102740	1.000000	1.000000	0.000000
#P-0.065763	-0.066667	-0.082192	1.000000	1.000000	0.000000
#P-0.049323	-0.066667	-0.061644	1.000000	1.000000	0.000000
#P-0.032882	-0.066667	-0.041096	1.000000	1.000000	0.000000
#P-0.016441	-0.066667	-0.020548	1.000000	1.000000	0.000000
#P0.000000	-0.066667	0.000000	1.000000	1.000000	0.000000
#P0.000000	-0.066667	0.000000	1.000000	0.500000	0.200000
#P0.016441	-0.066667	0.020548	1.000000	0.500000	0.200000
#P0.032882	-0.066667	0.041096	1.000000	0.500000	0.200000
#P0.049323	-0.066667	0.061644	1.000000	0.500000	0.200000
#P0.065763	-0.066667	0.082192	1.000000	0.500000	0.200000
#P0.082204	-0.066667	0.102740	1.000000	0.500000	0.200000
#P0.098645	-0.066667	0.123288	1.000000	0.500000	0.200000
#P0.115086	-0.066667	0.143836	1.000000	0.500000	0.200000
#P0.131527	-0.066667	0.164384	1.000000	0.500000	0.200000
#P0.147968	-0.066667	0.184932	1.000000	0.500000	0.200000
#P0.164408	-0.066667	0.205480	1.000000	0.500000	0.200000
#P0.180849	-0.066667	0.226028	1.000000	0.500000	0.200000
#P0.197290	-0.066667	0.246576	1.000000	0.500000	0.200000
#P0.213731	-0.066667	0.267124	1.000000	0.500000	0.200000
#P0.230172	-0.066667	0.287672	1.000000	0.500000	0.200000
#P0.246613	-0.066667	0.308220	1.000000	0.500000	0.200000
#P0.263054	-0.066667	0.328768	1.000000	0.500000	0.200000
#P0.279494	-0.066667	0.349316	1.000000	0.500000	0.200000
#P0.295935	-0.066667	0.369864	1.000000	0.500000	0.200000
#P0.312376	-0.066667	0.390412	1.000000	0.500000	0.200000
#P-0.048930	0.066667	-0.497600	1.000000	0.000000	0.000000
#P-0.046355	0.066667	-0.471411	1.000000	0.000000	0.000000
#P-0.043780	0.066667	-0.445221	1.000000	0.000000	0.000000
#P-0.041205	0.066667	-0.419032	1.000000	0.000000	0.000000
#P-0.038629	0.066667	-0.392842	1.000000	0.000000	0.000000
#P-0.036054	0.066667	-0.366653	1.000000	0.000000	0.000000
#P-0.033479	0.066667	-0.340463	1.000000	0.000000	0.000000
#P-0.030903	0.066667	-0.314274	1.000000	0.000000	0.000000
#P-0.028328	0.066667	-0.288084	1.000000	0.000000	0.000000
#P-0.025753	0.066667	-0.261895	1.000000	0.000000	0.000000
#P-0.023178	0.066667	-0.235705	1.000000	0.000000	0.000000
#P-0.020602	0.066667	-0.209516	1.000000	0.000000	0.000000
#P-0.018027	0.066667	-0.183326	1.000000	0.000000	0.000000
#P-0.015452	0.066667	-0.157137	1.000000	0.000000	0.000000
#P-0.012876	0.066667	-0.130947	1.000000	0.000000	0.000000
#P-0.010301	0.066667	-0.104758	1.000000	0.000000	0.000000
#P-0.007726	0.066667	-0.078568	1.000000	0.000000	0.000000
#P-0.005151	0.066667	-0.052379	1.000000	0.000000	0.000000
#P-0.002575	0.066667	-0.026189	1.000000	0.000000	0.000000
#P0.000000	0.066667	0.000000	1.000000	0.000000	0.000000
#P0.000000	0.066667	0.000000	0.000000	1.000000	0.000000
#P0.002575	0.066667	0.026189	0.000000	1.000000	0.000000
#P0.005151	0.066667	0.052379	0.000000	1.000000	0.000000
#P0.007726	0.066667	0.078568	0.000000	1.000000	0.000000
#P0.010301	0.066667	0.104758	0.000000	1.000000	0.000000
#P0.012876	0.066667	0.130947	0.000000	1.000000	0.000000
#P0.015452	0.066667	0.157137	0.000000	1.000000	0.000000
#P0.018027	0.066667	0.183326	0.000000	1.000000	0.000000
#P0.020602	0.066667	0.209516	0.000000	1.000000	0.000000
#P0.023178	0.066667	0.235705	0.000000	1.000000	0.000000
#P0.025753	0.066667	0.261895	0.000000	1.000000	0.000000
#P0.028328	0.066667	0.288084	0.000000	1.000000	0.000000
#P0.030903	0.066667	0.314274	0.000000	1.000000	0.000000
#P0.033479	0.066667	0.340463	0.000000	1.000000	0.000000
#P0.036054	0.066667	0.366653	0.000000	1.000000	0.000000
#P0.038629	0.066667	0.392842	0.000000	1.000000	0.000000
#P0.041205	0.066667	0.419032	0.000000	1.000000	0.000000
#P0.043780	0.066667	0.445221	0.000000	1.000000	0.000000
#P0.046355	0.066667	0.471411	0.000000	1.000000	0.000000
#P0.048930	0.066667	0.497600	0.000000	1.000000	0.000000
#P0.230348	0.200000	-0.443779	0.000000	1.000000	0.000000
#P0.218224	0.200000	-0.420422	0.000000	1.000000	0.000000
#P0.206101	0.200000	-0.397066	0.000000	1.000000	0.000000
#P0.193977	0.200000	-0.373709	0.000000	1.000000	0.000000
#P0.181854	0.200000	-0.350352	0.000000	1.000000	0.000000
#P0.169730	0.200000	-0.326995	0.000000	1.000000	0.000000
#P0.157606	0.200000	-0.303638	0.000000	1.000000	0.000000
#P0.145483	0.200000	-0.280282	0.000000	1.000000	0.000000
#P0.133359	0.200000	-0.256925	0.000000	1.000000	0.000000
#P0.121236	0.200000	-0.233568	0.000000	1.000000	0.000000
#P0.109112	0.200000	-0.210211	0.000000	1.000000	0.000000
#P0.096989	0.200000	-0.186854	0.000000	1.000000	0.000000
#P0.084865	0.200000	-0.163498	0.000000	1.000000	0.000000
#P0.072741	0.200000	-0.140141	0.000000	1.000000	0.000000
#P0.060618	0.200000	-0.116784	0.000000	1.000000	0.000000
#P0.048494	0.200000	-0.093427	0.000000	1.000000	0.000000
#P0.036371	0.200000	-0.070070	0.000000	1.000000	0.000000
#P0.024247	0.200000	-0.046714	0.000000	1.000000	0.000000
#P0.012124	0.200000	-0.023357	0.000000	1.000000	0.000000
#P0.000000	0.200000	0.000000	0.000000	1.000000	0.000000
#P0.000000	0.200000	0.000000	1.000000	0.000000	0.000000
#P-0.012124	0.200000	0.023357	1.000000	0.000000	0.000000
#P-0.024247	0.200000	0.046714	1.000000	0.000000	0.000000
#P-0.036371	0.200000	0.070070	1.000000	0.000000	0.000000
#P-0.048494	0.200000	0.093427	1.000000	0.000000	0.000000
#P-0.060618	0.200000	0.116784	1.000000	0.000000	0.000000
#P-0.072741	0.200000	0.140141	1.000000	0.000000	0.000000
#P-0.084865	0.200000	0.163498	1.000000	0.000000	0.000000
#P-0.096989	0.200000	0.186854	1.000000	0.000000	0.000000
#P-0.109112	0.200000	0.210211	1.000000	0.000000	0.000000
#P-0.121236	0.200000	0.233568	1.000000	0.000000	0.000000
#P-0.133359	0.200000	0.256925	1.000000	0.000000	0.000000
#P-0.145483	0.200000	0.280282	1.000000	0.000000	0.000000
#P-0.157606	0.200000	0.303638	1.000000	0.000000	0.000000
#P-0.169730	0.200000	0.326995	1.000000	0.000000	0.000000
#P-0.181854	0.200000	0.350352	1.000000	0.000000	0.000000
#P-0.193977	0.200000	0.373709	1.000000	0.000000	0.000000
#P-0.206101	0.200000	0.397066	1.000000	0.000000	0.000000
#P-0.218224	0.200000	0.420422	1.000000	0.000000	0.000000
#P-0.230348	0.200000	0.443779	1.000000	0.000000	0.000000
#P0.435092	0.333333	-0.246364	1.000000	1.000000	0.000000
#P0.412192	0.333333	-0.233397	1.000000	1.000000	0.000000
#P0.389293	0.333333	-0.220431	1.000000	1.000000	0.000000
#P0.366393	0.333333	-0.207464	1.000000	1.000000	0.000000
#P0.343494	0.333333	-0.194498	1.000000	1.000000	0.000000
#P0.320594	0.333333	-0.181531	1.000000	1.000000	0.000000
#P0.297694	0.333333	-0.168565	1.000000	1.000000	0.000000
#P0.274795	0.333333	-0.155598	1.000000	1.000000	0.000000
#P0.251895	0.333333	-0.142632	1.000000	1.000000	0.000000
#P0.228996	0.333333	-0.129665	1.000000	1.000000	0.000000
#P0.206096	0.333333	-0.116699	1.000000	1.000000	0.000000
#P0.183197	0.333333	-0.103732	1.000000	1.000000	0.000000
#P0.160297	0.333333	-0.090766	1.000000	1.000000	0.000000
#P0.137397	0.333333	-0.077799	1.000000	1.000000	0.000000
#P0.114498	0.333333	-0.064833	1.000000	1.000000	0.000000
#P0.091598	0.333333	-0.051866	1.000000	1.000000	0.000000
#P0.068699	0.333333	-0.038900	1.000000	1.000000	0.000000
#P0.045799	0.333333	-0.025933	1.000000	1.000000	0.000000
#P0.022900	0.333333	-0.012967	1.000000	1.000000	0.000000
#P0.000000	0.333333	0.000000	1.000000	1.000000	0.000000
#P0.000000	0.333333	0.000000	1.000000	0.500000	0.200000
#P-0.022900	0.333333	0.012967	1.000000	0.500000	0.200000
#P-0.045799	0.333333	0.025933	1.000000	0.500000	0.200000
#P-0.068699	0.333333	0.038900	1.000000	0.500000	0.200000
#P-0.091598	0.333333	0.051866	1.000000	0.500000	0.200000
#P-0.114498	0.333333	0.064833	1.000000	0.500000	0.200000
#P-0.137397	0.333333	0.077799	1.000000	0.500000	0.200000
#P-0.160297	0.333333	0.090766	1.000000	0.500000	0.200000
#P-0.183197	0.333333	0.103732	1.000000	0.500000	0.200000
#P-0.206096	0.333333	0.116699	1.000000	0.500000	0.200000
#P-0.228996	0.333333	0.129665	1.000000	0.500000	0.200000
#P-0.251895	0.333333	0.142632	1.000000	0.500000	0.200000
#P-0.274795	0.333333	0.155598	1.000000	0.500000	0.200000
#P-0.297694	0.333333	0.168565	1.000000	0.500000	0.200000
#P-0.320594	0.333333	0.181531	1.000000	0.500000	0.200000
#P-0.343494	0.333333	0.194498	1.000000	0.500000	0.200000
#P-0.366393	0.333333	0.207464	1.000000	0.500000	0.200000
#P-0.389293	0.333333	0.220431	1.000000	0.500000	0.200000
#P-0.412192	0.333333	0.233397	1.000000	0.500000	0.200000
#P-0.435092	0.333333	0.246364	1.000000	0.500000	0.200000
#P0.499052	0.466667	0.030768	1.000000	0.500000	0.200000
#P0.472787	0.466667	0.029149	1.000000	0.500000	0.200000
#P0.446521	0.466667	0.027529	1.000000	0.500000	0.200000
#P0.420255	0.466667	0.025910	1.000000	0.500000	0.200000
#P0.393989	0.466667	0.024291	1.000000	0.500000	0.200000
#P0.367723	0.466667	0.022671	1.000000	0.500000	0.200000
#P0.341457	0.466667	0.021052	1.000000	0.500000	0.200000
#P0.315191	0.466667	0.019433	1.000000	0.500000	0.200000
#P0.288925	0.466667	0.017813	1.000000	0.500000	0.200000
#P0.262659	0.466667	0.016194	1.000000	0.500000	0.200000
#P0.236393	0.466667	0.014574	1.000000	0.500000	0.200000
#P0.210127	0.466667	0.012955	1.000000	0.500000	0.200000
#P0.183861	0.466667	0.011336	1.000000	0.500000	0.200000
#P0.157596	0.466667	0.009716	1.000000	0.500000	0.200000
#P0.131330	0.466667	0.008097	1.000000	0.500000	0.200000
#P0.105064	0.466667	0.006478	1.000000	0.500000	0.200000
#P0.078798	0.466667	0.004858	1.000000	0.500000	0.200000
#P0.052532	0.466667	0.003239	1.000000	0.500000	0.200000
#P0.026266	0.466667	0.001619	1.000000	0.500000	0.200000
#P0.000000	0.466667	0.000000	1.000000	0.500000	0.200000
#P0.000000	0.466667	0.000000	1.000000	1.000000	0.000000
#P-0.026266	0.466667	-0.001619	1.000000	1.000000	0.000000
#P-0.052532	0.466667	-0.003239	1.000000	1.000000	0.000000
#P-0.078798	0.466667	-0.004858	1.000000	1.000000	0.000000
#P-0.105064	0.466667	-0.006478	1.000000	1.000000	0.000000
#P-0.131330	0.466667	-0.008097	1.000000	1.000000	0.000000
#P-0.157596	0.466667	-0.009716	1.000000	1.000000	0.000000
#P-0.183861	0.466667	-0.011336	1.000000	1.000000	0.000000
#P-0.210127	0.466667	-0.012955	1.000000	1.000000	0.000000
#P-0.236393	0.466667	-0.014574	1.000000	1.000000	0.000000
#P-0.262659	0.466667	-0.016194	1.000000	1.000000	0.000000
#P-0.288925	0.466667	-0.017813	1.000000	1.000000	0.000000
#P-0.315191	0.466667	-0.019433	1.000000	1.000000	0.000000
#P-0.341457	0.466667	-0.021052	1.000000	1.000000	0.000000
#P-0.367723	0.466667	-0.022671	1.000000	1.000000	0.000000
#P-0.393989	0.466667	-0.024291	1.000000	1.000000	0.000000
#P-0.420255	0.466667	-0.025910	1.000000	1.000000	0.000000
#P-0.446521	0.466667	-0.027529	1.000000	1.000000	0.000000
#P-0.472787	0.466667	-0.029149	1.000000	1.000000	0.000000
#P-0.499052	0.466667	-0.030768	1.000000	1.000000	0.000000
#P0.401534	0.600000	0.297944	0.000000	1.000000	0.000000
#P0.380400	0.600000	0.282263	0.000000	1.000000	0.000000
#P0.359267	0.600000	0.266582	0.000000	1.000000	0.000000
#P0.338134	0.600000	0.250900	0.000000	1.000000	0.000000
#P0.317000	0.600000	0.235219	0.000000	1.000000	0.000000
#P0.295867	0.600000	0.219538	0.000000	1.000000	0.000000
#P0.274733	0.600000	0.203857	0.000000	1.000000	0.000000
#P0.253600	0.600000	0.188175	0.000000	1.000000	0.000000
#P0.232467	0.600000	0.172494	0.000000	1.000000	0.000000
#P0.211333	0.600000	0.156813	0.000000	1.000000	0.000000
#P0.190200	0.600000	0.141131	0.000000	1.000000	0.000000
#P0.169067	0.600000	0.125450	0.000000	1.000000	0.000000
#P0.147933	0.600000	0.109769	0.000000	1.000000	0.000000
#P0.126800	0.600000	0.094088	0.000000	1.000000	0.000000
#P0.105667	0.600000	0.078406	0.000000	1.000000	0.000000
#P0.084533	0.600000	0.062725	0.000000	1.000000	0.000000
#P0.063400	0.600000	0.047044	0.000000	1.000000	0.000000
#P0.042267	0.600000	0.031363	0.000000	1.000000	0.000000
#P0.021133	0.600000	0.015681	0.000000	1.000000	0.000000
#P0.000000	0.600000	0.000000	0.000000	1.000000	0.000000
#P0.000000	0.600000	0.000000	1.000000	0.000000	0.000000
#P-0.021133	0.600000	-0.015681	1.000000	0.000000	0.000000
#P-0.042267	0.600000	-0.031363	1.000000	0.000000	0.000000
#P-0.063400	0.600000	-0.047044	1.000000	0.000000	0.000000
#P-0.084533	0.600000	-0.062725	1.000000	0.000000	0.000000
#P-0.105667	0.600000	-0.078406	1.000000	0.000000	0.000000
#P-0.126800	0.600000	-0.094088	1.000000	0.000000	0.000000
#P-0.147933	0.600000	-0.109769	1.000000	0.000000	0.000000
#P-0.169067	0.600000	-0.125450	1.000000	0.000000	0.000000
#P-0.190200	0.600000	-0.141131	1.000000	0.000000	0.000000
#P-0.211333	0.600000	-0.156813	1.000000	0.000000	0.000000
#P-0.232467	0.600000	-0.172494	1.000000	0.000000	0.000000
#P-0.253600	0.600000	-0.188175	1.000000	0.000000	0.000000
#P-0.274733	0.600000	-0.203857	1.000000	0.000000	0.000000
#P-0.295867	0.600000	-0.219538	1.000000	0.000000	0.000000
#P-0.317000	0.600000	-0.235219	1.000000	0.000000	0.000000
#P-0.338134	0.600000	-0.250900	1.000000	0.000000	0.000000
#P-0.359267	0.600000	-0.266582	1.000000	0.000000	0.000000
#P-0.380400	0.600000	-0.282263	1.000000	0.000000	0.000000
#P-0.401534	0.600000	-0.297944	1.000000	0.000000	0.000000
#P0.174090	0.733333	0.468714	0.000000	1.000000	0.000000
#P0.164927	0.733333	0.444045	0.000000	1.000000	0.000000
#P0.155764	0.733333	0.419376	0.000000	1.000000	0.000000
#P0.146602	0.733333	0.394706	0.000000	1.000000	0.000000
#P0.137439	0.733333	0.370037	0.000000	1.000000	0.000000
#P0.128277	0.733333	0.345368	0.000000	1.000000	0.000000
#P0.119114	0.733333	0.320699	0.000000	1.000000	0.000000
#P0.109951	0.733333	0.296030	0.000000	1.000000	0.000000
#P0.100789	0.733333	0.271361	0.000000	1.000000	0.000000
#P0.091626	0.733333	0.246692	0.000000	1.000000	0.000000
#P0.082464	0.733333	0.222022	0.000000	1.000000	0.000000
#P0.073301	0.733333	0.197353	0.000000	1.000000	0.000000
#P0.064138	0.733333	0.172684	0.000000	1.000000	0.000000
#P0.054976	0.733333	0.148015	0.000000	1.000000	0.000000
#P0.045813	0.733333	0.123346	0.000000	1.000000	0.000000
#P0.036650	0.733333	0.098677	0.000000	1.000000	0.000000
#P0.027488	0.733333	0.074007	0.000000	1.000000	0.000000
#P0.018325	0.733333	0.049338	0.000000	1.000000	0.000000
#P0.009163	0.733333	0.024669	0.000000	1.000000	0.000000
#P0.000000	0.733333	0.000000	0.000000	1.000000	0.000000
#P0.000000	0.733333	0.000000	1.000000	0.000000	0.000000
#P-0.009163	0.733333	-0.024669	1.000000	0.000000	0.000000
#P-0.018325	0.733333	-0.049338	1.000000	0.000000	0.000000
#P-0.027488	0.733333	-0.074007	1.000000	0.000000	0.000000
#P-0.036650	0.733333	-0.098677	1.000000	0.000000	0.000000
#P-0.045813	0.733333	-0.123346	1.000000	0.000000	0.000000
#P-0.054976	0.733333	-0.148015	1.000000	0.000000	0.000000
#P-0.064138	0.733333	-0.172684	1.000000	0.000000	0.000000
#P-0.073301	0.733333	-0.197353	1.000000	0.000000	0.000000
#P-0.082464	0.733333	-0.222022	1.000000	0.000000	0.000000
#P-0.091626	0.733333	-0.246692	1.000000	0.000000	0.000000
#P-0.100789	0.733333	-0.271361	1.000000	0.000000	0.000000
#P-0.109951	0.733333	-0.296030	1.000000	0.000000	0.000000
#P-0.119114	0.733333	-0.320699	1.000000	0.000000	0.000000
#P-0.128277	0.733333	-0.345368	1.000000	0.000000	0.000000
#P-0.137439	0.733333	-0.370037	1.000000	0.000000	0.000000
#P-0.146602	0.733333	-0.394706	1.000000	0.000000	0.000000
#P-0.155764	0.733333	-0.419376	1.000000	0.000000	0.000000
#P-0.164927	0.733333	-0.444045	1.000000	0.000000	0.000000
#P-0.174090	0.733333	-0.468714	1.000000	0.000000	0.000000
#P-0.109685	0.866667	0.487821	1.000000	0.500000	0.200000
#P-0.103912	0.866667	0.462146	1.000000	0.500000	0.200000
#P-0.098139	0.866667	0.436471	1.000000	0.500000	0.200000
#P-0.092366	0.866667	0.410797	1.000000	0.500000	0.200000
#P-0.086593	0.866667	0.385122	1.000000	0.500000	0.200000
#P-0.080820	0.866667	0.359447	1.000000	0.500000	0.200000
#P-0.075047	0.866667	0.333772	1.000000	0.500000	0.200000
#P-0.069275	0.866667	0.308097	1.000000	0.500000	0.200000
#P-0.063502	0.866667	0.282423	1.000000	0.500000	0.200000
#P-0.057729	0.866667	0.256748	1.000000	0.500000	0.200000
#P-0.051956	0.866667	0.231073	1.000000	0.500000	0.200000
#P-0.046183	0.866667	0.205398	1.000000	0.500000	0.200000
#P-0.040410	0.866667	0.179724	1.000000	0.500000	0.200000
#P-0.034637	0.866667	0.154049	1.000000	0.500000	0.200000
#P-0.028864	0.866667	0.128374	1.000000	0.500000	0.200000
#P-0.023092	0.866667	0.102699	1.000000	0.500000	0.200000
#P-0.017319	0.866667	0.077024	1.000000	0.500000	0.200000
#P-0.011546	0.866667	0.051350	1.000000	0.500000	0.200000
#P-0.005773	0.866667	0.025675	1.000000	0.500000	0.200000
#P0.000000	0.866667	0.000000	1.000000	0.500000	0.200000
#P0.000000	0.866667	0.000000	1.000000	1.000000	0.000000
#P0.005773	0.866667	-0.025675	1.000000	1.000000	0.000000
#P0.011546	0.866667	-0.051350	1.000000	1.000000	0.000000
#P0.017319	0.866667	-0.077024	1.000000	1.000000	0.000000
#P0.023092	0.866667	-0.102699	1.000000	1.000000	0.000000
#P0.028864	0.866667	-0.128374	1.000000	1.000000	0.000000
#P0.034637	0.866667	-0.154049	1.000000	1.000000	0.000000
#P0.040410	0.866667	-0.179724	1.000000	1.000000	0.000000
#P0.046183	0.866667	-0.205398	1.000000	1.000000	0.000000
#P0.051956	0.866667	-0.231073	1.000000	1.000000	0.000000
#P0.057729	0.866667	-0.256748	1.000000	1.000000	0.000000
#P0.063502	0.866667	-0.282423	1.000000	1.000000	0.000000
#P0.069275	0.866667	-0.308097	1.000000	1.000000	0.000000
#P0.075047	0.866667	-0.333772	1.000000	1.000000	0.000000
#P0.080820	0.866667	-0.359447	1.000000	1.000000	0.000000
#P0.086593	0.866667	-0.385122	1.000000	1.000000	0.000000
#P0.092366	0.866667	-0.410797	1.000000	1.000000	0.000000
#P0.098139	0.866667	-0.436471	1.000000	1.000000	0.000000
#P0.103912	0.866667	-0.462146	1.000000	1.000000	0.000000
#P0.109685	0.866667	-0.487821	1.000000	1.000000	0.000000
#P-0.357968	1.000000	0.349083	1.000000	0.000000	0.000000
#P-0.339128	1.000000	0.330710	1.000000	0.000000	0.000000
#P-0.320287	1.000000	0.312337	1.000000	0.000000	0.000000
#P-0.301447	1.000000	0.293964	1.000000	0.000000	0.000000
#P-0.282607	1.000000	0.275592	1.000000	0.000000	0.000000
#P-0.263766	1.000000	0.257219	1.000000	0.000000	0.000000
#P-0.244926	1.000000	0.238846	1.000000	0.000000	0.000000
#P-0.226085	1.000000	0.220473	1.000000	0.000000	0.000000
#P-0.207245	1.000000	0.202101	1.000000	0.000000	0.000000
#P-0.188404	1.000000	0.183728	1.000000	0.000000	0.000000
#P-0.169564	1.000000	0.165355	1.000000	0.000000	0.000000
#P-0.150723	1.000000	0.146982	1.000000	0.000000	0.000000
#P-0.131883	1.000000	0.128609	1.000000	0.000000	0.000000
#P-0.113043	1.000000	0.110237	1.000000	0.000000	0.000000
#P-0.094202	1.000000	0.091864	1.000000	0.000000	0.000000
#P-0.075362	1.000000	0.073491	1.000000	0.000000	0.000000
#P-0.056521	1.000000	0.055118	1.000000	0.000000	0.000000
#P-0.037681	1.000000	0.036746	1.000000	0.000000	0.000000
#P-0.018840	1.000000	0.018373	1.000000	0.000000	0.000000
#P0.000000	1.000000	0.000000	1.000000	0.000000	0.000000
#P0.000000	1.000000	0.000000	0.000000	1.000000	0.000000
#P0.018840	1.000000	-0.018373	0.000000	1.000000	0.000000
#P0.037681	1.000000	-0.036746	0.000000	1.000000	0.000000
#P0.056521	1.000000	-0.055118	0.000000	1.000000	0.000000
#P0.075362	1.000000	-0.073491	0.000000	1.000000	0.000000
#P0.094202	1.000000	-0.091864	0.000000	1.000000	0.000000
#P0.113043	1.000000	-0.110237	0.000000	1.000000	0.000000
#P0.131883	1.000000	-0.128609	0.000000	1.000000	0.000000
#P0.150723	1.000000	-0.146982	0.000000	1.000000	0.000000
#P0.169564	1.000000	-0.165355	0.000000	1.000000	0.000000
#P0.188404	1.000000	-0.183728	0.000000	1.000000	0.000000
#P0.207245	1.000000	-0.202101	0.000000	1.000000	0.000000
#P0.226085	1.000000	-0.220473	0.000000	1.000000	0.000000
#P0.244926	1.000000	-0.238846	0.000000	1.000000	0.000000
#P0.263766	1.000000	-0.257219	0.000000	1.000000	0.000000
#P0.282607	1.000000	-0.275592	0.000000	1.000000	0.000000
#P0.301447	1.000000	-0.293964	0.000000	1.000000	0.000000
#P0.320287	1.000000	-0.312337	0.000000	1.000000	0.000000
#P0.339128	1.000000	-0.330710	0.000000	1.000000	0.000000
#P0.357968	1.000000	-0.349083	0.000000	1.000000	0.000000
