#N1024
#P-1.000000	-1.000000	-1.000000	1.000000	1.000000	0.000000
#P-0.935484	-1.000000	-1.000000	0.967742	1.000000	0.000000
#P-0.870968	-1.000000	-1.000000	0.935484	1.000000	0.000000
#P-0.806452	-1.000000	-1.000000	0.903226	1.000000	0.000000
#P-0.741935	-1.000000	-1.000000	0.870968	1.000000	0.000000
#P-0.677419	-1.000000	-1.000000	0.838710	1.000000	0.000000
#P-0.612903	-1.000000	-1.000000	0.806452	1.000000	0.000000
#P-0.548387	-1.000000	-1.000000	0.774194	1.000000	0.000000
#P-0.483871	-1.000000	-1.000000	0.741935	1.000000	0.000000
#P-0.419355	-1.000000	-1.000000	0.709677	1.000000	0.000000
#P-0.354839	-1.000000	-1.000000	0.677419	1.000000	0.000000
#P-0.290323	-1.000000	-1.000000	0.645161	1.000000	0.000000
#P-0.225806	-1.000000	-1.000000	0.612903	1.000000	0.000000
#P-0.161290	-1.000000	-1.000000	0.580645	1.000000	0.000000
#P-0.096774	-1.000000	-1.000000	0.548387	1.000000	0.000000
#P-0.032258	-1.000000	-1.000000	0.516129	1.000000	0.000000
#P0.032258	-1.000000	-1.000000	0.483871	1.000000	0.000000
#P0.096774	-1.000000	-1.000000	0.451613	1.000000	0.000000
#P0.161290	-1.000000	-1.000000	0.419355	1.000000	0.000000
#P0.225806	-1.000000	-1.000000	0.387097	1.000000	0.000000
#P0.290323	-1.000000	-1.000000	0.354839	1.000000	0.000000
#P0.354839	-1.000000	-1.000000	0.322581	1.000000	0.000000
#P0.419355	-1.000000	-1.000000	0.290323	1.000000	0.000000
#P0.483871	-1.000000	-1.000000	0.258065	1.000000	0.000000
#P0.548387	-1.000000	-1.000000	0.225806	1.000000	0.000000
#P0.612903	-1.000000	-1.000000	0.193548	1.000000	0.000000
#P0.677419	-1.000000	-1.000000	0.161290	1.000000	0.000000
#P0.741935	-1.000000	-1.000000	0.129032	1.000000	0.000000
#P0.806452	-1.000000	-1.000000	0.096774	1.000000	0.000000
#P0.870968	-1.000000	-1.000000	0.064516	1.000000	0.000000
#P0.935484	-1.000000	-1.000000	0.032258	1.000000	0.000000
#P1.000000	-1.000000	-1.000000	0.000000	1.000000	0.000000
#P-1.000000	-0.935484	-1.000000	1.000000	0.967742	0.032258
#P-0.935484	-0.935484	-1.000000	0.967742	0.968783	0.032258
#P-0.870968	-0.935484	-1.000000	0.935484	0.969823	0.032258
#P-0.806452	-0.935484	-1.000000	0.903226	0.970864	0.032258
#P-0.741935	-0.935484	-1.000000	0.870968	0.971904	0.032258
#P-0.677419	-0.935484	-1.000000	0.838710	0.972945	0.032258
#P-0.612903	-0.935484	-1.000000	0.806452	0.973985	0.032258
#P-0.548387	-0.935484	-1.000000	0.774194	0.975026	0.032258
#P-0.483871	-0.935484	-1.000000	0.741935	0.976067	0.032258
#P-0.419355	-0.935484	-1.000000	0.709677	0.977107	0.032258
#P-0.354839	-0.935484	-1.000000	0.677419	0.978148	0.032258
#P-0.290323	-0.935484	-1.000000	0.645161	0.979188	0.032258
#P-0.225806	-0.935484	-1.000000	0.612903	0.980229	0.032258
#P-0.161290	-0.935484	-1.000000	0.580645	0.981270	0.032258
#P-0.096774	-0.935484	-1.000000	0.548387	0.982310	0.032258
#P-0.032258	-0.935484	-1.000000	0.516129	0.983351	0.032258
#P0.032258	-0.935484	-1.000000	0.483871	0.984391	0.032258
#P0.096774	-0.935484	-1.000000	0.451613	0.985432	0.032258
#P0.161290	-0.935484	-1.000000	0.419355	0.986472	0.032258
#P0.225806	-0.935484	-1.000000	0.387097	0.987513	0.032258
#P0.290323	-0.935484	-1.000000	0.354839	0.988554	0.032258
#P0.354839	-0.935484	-1.000000	0.322581	0.989594	0.032258
#P0.419355	-0.935484	-1.000000	0.290323	0.990635	0.032258
#P0.483871	-0.935484	-1.000000	0.258065	0.991675	0.032258
#P0.548387	-0.935484	-1.000000	0.225806	0.992716	0.032258
#P0.612903	-0.935484	-1.000000	0.193548	0.993757	0.032258
#P0.677419	-0.935484	-1.000000	0.161290	0.994797	0.032258
#P0.741935	-0.935484	-1.000000	0.129032	0.995838	0.032258
#P0.806452	-0.935484	-1.000000	0.096774	0.996878	0.032258
#P0.870968	-0.935484	-1.000000	0.064516	0.997919	0.032258
#P0.935484	-0.935484	-1.000000	0.032258	0.998959	0.032258
#P1.000000	-0.935484	-1.000000	0.000000	1.000000	0.032258
#P-1.000000	-0.870968	-1.000000	1.000000	0.935484	0.064516
#P-0.935484	-0.870968	-1.000000	0.967742	0.937565	0.064516
#P-0.870968	-0.870968	-1.000000	0.935484	0.939646	0.064516
#P-0.806452	-0.870968	-1.000000	0.903226	0.941727	0.064516
#P-0.741935	-0.870968	-1.000000	0.870968	0.943809	0.064516
#P-0.677419	-0.870968	-1.000000	0.838710	0.945890	0.064516
#P-0.612903	-0.870968	-1.000000	0.806452	0.947971	0.064516
#P-0.548387	-0.870968	-1.000000	0.774194	0.950052	0.064516
#P-0.483871	-0.870968	-1.000000	0.741935	0.952133	0.064516
#P-0.419355	-0.870968	-1.000000	0.709677	0.954214	0.064516
#P-0.354839	-0.870968	-1.000000	0.677419	0.956296	0.064516
#P-0.290323	-0.870968	-1.000000	0.645161	0.958377	0.064516
#P-0.225806	-0.870968	-1.000000	0.612903	0.960458	0.064516
#P-0.161290	-0.870968	-1.000000	0.580645	0.962539	0.064516
#P-0.096774	-0.870968	-1.000000	0.548387	0.964620	0.064516
#P-0.032258	-0.870968	-1.000000	0.516129	0.966701	0.064516
#P0.032258	-0.870968	-1.000000	0.483871	0.968783	0.064516
#P0.096774	-0.870968	-1.000000	0.451613	0.970864	0.064516
#P0.161290	-0.870968	-1.000000	0.419355	0.972945	0.064516
#P0.225806	-0.870968	-1.000000	0.387097	0.975026	0.064516
#P0.290323	-0.870968	-1.000000	0.354839	0.977107	0.064516
#P0.354839	-0.870968	-1.000000	0.322581	0.979188	0.064516
#P0.419355	-0.870968	-1.000000	0.290323	0.981270	0.064516
#P0.483871	-0.870968	-1.000000	0.258065	0.983351	0.064516
#P0.548387	-0.870968	-1.000000	0.225806	0.985432	0.064516
#P0.612903	-0.870968	-1.000000	0.193548	0.987513	0.064516
#P0.677419	-0.870968	-1.000000	0.161290	0.989594	0.064516
#P0.741935	-0.870968	-1.000000	0.129032	0.991675	0.064516
#P0.806452	-0.870968	-1.000000	0.096774	0.993757	0.064516
#P0.870968	-0.870968	-1.000000	0.064516	0.995838	0.064516
#P0.935484	-0.870968	-1.000000	0.032258	0.997919	0.064516
#P1.000000	-0.870968	-1.000000	0.000000	1.000000	0.064516
#P-1.000000	-0.806452	-1.000000	1.000000	0.903226	0.096774
#P-0.935484	-0.806452	-1.000000	0.967742	0.906348	0.096774
#P-0.870968	-0.806452	-1.000000	0.935484	0.909469	0.096774
#P-0.806452	-0.806452	-1.000000	0.903226	0.912591	0.096774
#P-0.741935	-0.806452	-1.000000	0.870968	0.915713	0.096774
#P-0.677419	-0.806452	-1.000000	0.838710	0.918835	0.096774
#P-0.612903	-0.806452	-1.000000	0.806452	0.921956	0.096774
#P-0.548387	-0.806452	-1.000000	0.774194	0.925078	0.096774
#P-0.483871	-0.806452	-1.000000	0.741935	0.928200	0.096774
#P-0.419355	-0.806452	-1.000000	0.709677	0.931322	0.096774
#P-0.354839	-0.806452	-1.000000	0.677419	0.934443	0.096774
#P-0.290323	-0.806452	-1.000000	0.645161	0.937565	0.096774
#P-0.225806	-0.806452	-1.000000	0.612903	0.940687	0.096774
#P-0.161290	-0.806452	-1.000000	0.580645	0.943809	0.096774
#P-0.096774	-0.806452	-1.000000	0.548387	0.946930	0.096774
#P-0.032258	-0.806452	-1.000000	0.516129	0.950052	0.096774
#P0.032258	-0.806452	-1.000000	0.483871	0.953174	0.096774
#P0.096774	-0.806452	-1.000000	0.451613	0.956296	0.096774
#P0.161290	-0.806452	-1.000000	0.419355	0.959417	0.096774
#P0.225806	-0.806452	-1.000000	0.387097	0.962539	0.096774
#P0.290323	-0.806452	-1.000000	0.354839	0.965661	0.096774
#P0.354839	-0.806452	-1.000000	0.322581	0.968783	0.096774
#P0.419355	-0.806452	-1.000000	0.290323	0.971904	0.096774
#P0.483871	-0.806452	-1.000000	0.258065	0.975026	0.096774
#P0.548387	-0.806452	-1.000000	0.225806	0.978148	0.096774
#P0.612903	-0.806452	-1.000000	0.193548	0.981270	0.096774
#P0.677419	-0.806452	-1.000000	0.161290	0.984391	0.096774
#P0.741935	-0.806452	-1.000000	0.129032	0.987513	0.096774
#P0.806452	-0.806452	-1.000000	0.096774	0.990635	0.096774
#P0.870968	-0.806452	-1.000000	0.064516	0.993757	0.096774
#P0.935484	-0.806452	-1.000000	0.032258	0.996878	0.096774
#P1.000000	-0.806452	-1.000000	0.000000	1.000000	0.096774
#P-1.000000	-0.741935	-1.000000	1.000000	0.870968	0.129032
#P-0.935484	-0.741935	-1.000000	0.967742	0.875130	0.129032
#P-0.870968	-0.741935	-1.000000	0.935484	0.879292	0.129032
#P-0.806452	-0.741935	-1.000000	0.903226	0.883455	0.129032
#P-0.741935	-0.741935	-1.000000	0.870968	0.887617	0.129032
#P-0.677419	-0.741935	-1.000000	0.838710	0.891779	0.129032
#P-0.612903	-0.741935	-1.000000	0.806452	0.895942	0.129032
#P-0.548387	-0.741935	-1.000000	0.774194	0.900104	0.129032
#P-0.483871	-0.741935	-1.000000	0.741935	0.904266	0.129032
#P-0.419355	-0.741935	-1.000000	0.709677	0.908429	0.129032
#P-0.354839	-0.741935	-1.000000	0.677419	0.912591	0.129032
#P-0.290323	-0.741935	-1.000000	0.645161	0.916753	0.129032
#P-0.225806	-0.741935	-1.000000	0.612903	0.920916	0.129032
#P-0.161290	-0.741935	-1.000000	0.580645	0.925078	0.129032
#P-0.096774	-0.741935	-1.000000	0.548387	0.929240	0.129032
#P-0.032258	-0.741935	-1.000000	0.516129	0.933403	0.129032
#P0.032258	-0.741935	-1.000000	0.483871	0.937565	0.129032
#P0.096774	-0.741935	-1.000000	0.451613	0.941727	0.129032
#P0.161290	-0.741935	-1.000000	0.419355	0.945890	0.129032
#P0.225806	-0.741935	-1.000000	0.387097	0.950052	0.129032
#P0.290323	-0.741935	-1.000000	0.354839	0.954214	0.129032
#P0.354839	-0.741935	-1.000000	0.322581	0.958377	0.129032
#P0.419355	-0.741935	-1.000000	0.290323	0.962539	0.129032
#P0.483871	-0.741935	-1.000000	0.258065	0.966701	0.129032
#P0.548387	-0.741935	-1.000000	0.225806	0.970864	0.129032
#P0.612903	-0.741935	-1.000000	0.193548	0.975026	0.129032
#P0.677419	-0.741935	-1.000000	0.161290	0.979188	0.129032
#P0.741935	-0.741935	-1.000000	0.129032	0.983351	0.129032
#P0.806452	-0.741935	-1.000000	0.096774	0.987513	0.129032
#P0.870968	-0.741935	-1.000000	0.064516	0.991675	0.129032
#P0.935484	-0.741935	-1.000000	0.032258	0.995838	0.129032
#P1.000000	-0.741935	-1.000000	0.000000	1.000000	0.129032
#P-1.000000	-0.677419	-1.000000	1.000000	0.838710	0.161290
#P-0.935484	-0.677419	-1.000000	0.967742	0.843913	0.161290
#P-0.870968	-0.677419	-1.000000	0.935484	0.849116	0.161290
#P-0.806452	-0.677419	-1.000000	0.903226	0.854318	0.161290
#P-0.741935	-0.677419	-1.000000	0.870968	0.859521	0.161290
#P-0.677419	-0.677419	-1.000000	0.838710	0.864724	0.161290
#P-0.612903	-0.677419	-1.000000	0.806452	0.869927	0.161290
#P-0.548387	-0.677419	-1.000000	0.774194	0.875130	0.161290
#P-0.483871	-0.677419	-1.000000	0.741935	0.880333	0.161290
#P-0.419355	-0.677419	-1.000000	0.709677	0.885536	0.161290
#P-0.354839	-0.677419	-1.000000	0.677419	0.890739	0.161290
#P-0.290323	-0.677419	-1.000000	0.645161	0.895942	0.161290
#P-0.225806	-0.677419	-1.000000	0.612903	0.901145	0.161290
#P-0.161290	-0.677419	-1.000000	0.580645	0.906348	0.161290
#P-0.096774	-0.677419	-1.000000	0.548387	0.911550	0.161290
#P-0.032258	-0.677419	-1.000000	0.516129	0.916753	0.161290
#P0.032258	-0.677419	-1.000000	0.483871	0.921956	0.161290
#P0.096774	-0.677419	-1.000000	0.451613	0.927159	0.161290
#P0.161290	-0.677419	-1.000000	0.419355	0.932362	0.161290
#P0.225806	-0.677419	-1.000000	0.387097	0.937565	0.161290
#P0.290323	-0.677419	-1.000000	0.354839	0.942768	0.161290
#P0.354839	-0.677419	-1.000000	0.322581	0.947971	0.161290
#P0.419355	-0.677419	-1.000000	0.290323	0.953174	0.161290
#P0.483871	-0.677419	-1.000000	0.258065	0.958377	0.161290
#P0.548387	-0.677419	-1.000000	0.225806	0.963580	0.161290
#P0.612903	-0.677419	-1.000000	0.193548	0.968783	0.161290
#P0.677419	-0.677419	-1.000000	0.161290	0.973985	0.161290
#P0.741935	-0.677419	-1.000000	0.129032	0.979188	0.161290
#P0.806452	-0.677419	-1.000000	0.096774	0.984391	0.161290
#P0.870968	-0.677419	-1.000000	0.064516	0.989594	0.161290
#P0.935484	-0.677419	-1.000000	0.032258	0.994797	0.161290
#P1.000000	-0.677419	-1.000000	0.000000	1.000000	0.161290
#P-1.000000	-0.612903	-1.000000	1.000000	0.806452	0.193548
#P-0.935484	-0.612903	-1.000000	0.967742	0.812695	0.193548
#P-0.870968	-0.612903	-1.000000	0.935484	0.818939	0.193548
#P-0.806452	-0.612903	-1.000000	0.903226	0.825182	0.193548
#P-0.741935	-0.612903	-1.000000	0.870968	0.831426	0.193548
#P-0.677419	-0.612903	-1.000000	0.838710	0.837669	0.193548
#P-0.612903	-0.612903	-1.000000	0.806452	0.843913	0.193548
#P-0.548387	-0.612903	-1.000000	0.774194	0.850156	0.193548
#P-0.483871	-0.612903	-1.000000	0.741935	0.856400	0.193548
#P-0.419355	-0.612903	-1.000000	0.709677	0.862643	0.193548
#P-0.354839	-0.612903	-1.000000	0.677419	0.868887	0.193548
#P-0.290323	-0.612903	-1.000000	0.645161	0.875130	0.193548
#P-0.225806	-0.612903	-1.000000	0.612903	0.881374	0.193548
#P-0.161290	-0.612903	-1.000000	0.580645	0.887617	0.193548
#P-0.096774	-0.612903	-1.000000	0.548387	0.893861	0.193548
#P-0.032258	-0.612903	-1.000000	0.516129	0.900104	0.193548
#P0.032258	-0.612903	-1.000000	0.483871	0.906348	0.193548
#P0.096774	-0.612903	-1.000000	0.451613	0.912591	0.193548
#P0.161290	-0.612903	-1.000000	0.419355	0.918835	0.193548
#P0.225806	-0.612903	-1.000000	0.387097	0.925078	0.193548
#P0.290323	-0.612903	-1.000000	0.354839	0.931322	0.193548
#P0.354839	-0.612903	-1.000000	0.322581	0.937565	0.193548
#P0.419355	-0.612903	-1.000000	0.290323	0.943809	0.193548
#P0.483871	-0.612903	-1.000000	0.258065	0.950052	0.193548
#P0.548387	-0.612903	-1.000000	0.225806	0.956296	0.193548
#P0.612903	-0.612903	-1.000000	0.193548	0.962539	0.193548
#P0.677419	-0.612903	-1.000000	0.161290	0.968783	0.193548
#P0.741935	-0.612903	-1.000000	0.129032	0.975026	0.193548
#P0.806452	-0.612903	-1.000000	0.096774	0.981270	0.193548
#P0.870968	-0.612903	-1.000000	0.064516	0.987513	0.193548
#P0.935484	-0.612903	-1.000000	0.032258	0.993757	0.193548
#P1.000000	-0.612903	-1.000000	0.000000	1.000000	0.193548
#P-1.000000	-0.548387	-1.000000	1.000000	0.774194	0.225806
#P-0.935484	-0.548387	-1.000000	0.967742	0.781478	0.225806
#P-0.870968	-0.548387	-1.000000	0.935484	0.788762	0.225806
#P-0.806452	-0.548387	-1.000000	0.903226	0.796046	0.225806
#P-0.741935	-0.548387	-1.000000	0.870968	0.803330	0.225806
#P-0.677419	-0.548387	-1.000000	0.838710	0.810614	0.225806
#P-0.612903	-0.548387	-1.000000	0.806452	0.817898	0.225806
#P-0.548387	-0.548387	-1.000000	0.774194	0.825182	0.225806
#P-0.483871	-0.548387	-1.000000	0.741935	0.832466	0.225806
#P-0.419355	-0.548387	-1.000000	0.709677	0.839750	0.225806
#P-0.354839	-0.548387	-1.000000	0.677419	0.847034	0.225806
#P-0.290323	-0.548387	-1.000000	0.645161	0.854318	0.225806
#P-0.225806	-0.548387	-1.000000	0.612903	0.861602	0.225806
#P-0.161290	-0.548387	-1.000000	0.580645	0.868887	0.225806
#P-0.096774	-0.548387	-1.000000	0.548387	0.876171	0.225806
#P-0.032258	-0.548387	-1.000000	0.516129	0.883455	0.225806
#P0.032258	-0.548387	-1.000000	0.483871	0.890739	0.225806
#P0.096774	-0.548387	-1.000000	0.451613	0.898023	0.225806
#P0.161290	-0.548387	-1.000000	0.419355	0.905307	0.225806
#P0.225806	-0.548387	-1.000000	0.387097	0.912591	0.225806
#P0.290323	-0.548387	-1.000000	0.354839	0.919875	0.225806
#P0.354839	-0.548387	-1.000000	0.322581	0.927159	0.225806
#P0.419355	-0.548387	-1.000000	0.290323	0.934443	0.225806
#P0.483871	-0.548387	-1.000000	0.258065	0.941727	0.225806
#P0.548387	-0.548387	-1.000000	0.225806	0.949011	0.225806
#P0.612903	-0.548387	-1.000000	0.193548	0.956296	0.225806
#P0.677419	-0.548387	-1.000000	0.161290	0.963580	0.225806
#P0.741935	-0.548387	-1.000000	0.129032	0.970864	0.225806
#P0.806452	-0.548387	-1.000000	0.096774	0.978148	0.225806
#P0.870968	-0.548387	-1.000000	0.064516	0.985432	0.225806
#P0.935484	-0.548387	-1.000000	0.032258	0.992716	0.225806
#P1.000000	-0.548387	-1.000000	0.000000	1.000000	0.225806
#P-1.000000	-0.483871	-1.000000	1.000000	0.741935	0.258065
#P-0.935484	-0.483871	-1.000000	0.967742	0.750260	0.258065
#P-0.870968	-0.483871	-1.000000	0.935484	0.758585	0.258065
#P-0.806452	-0.483871	-1.000000	0.903226	0.766909	0.258065
#P-0.741935	-0.483871	-1.000000	0.870968	0.775234	0.258065
#P-0.677419	-0.483871	-1.000000	0.838710	0.783559	0.258065
#P-0.612903	-0.483871	-1.000000	0.806452	0.791883	0.258065
#P-0.548387	-0.483871	-1.000000	0.774194	0.800208	0.258065
#P-0.483871	-0.483871	-1.000000	0.741935	0.808533	0.258065
#P-0.419355	-0.483871	-1.000000	0.709677	0.816857	0.258065
#P-0.354839	-0.483871	-1.000000	0.677419	0.825182	0.258065
#P-0.290323	-0.483871	-1.000000	0.645161	0.833507	0.258065
#P-0.225806	-0.483871	-1.000000	0.612903	0.841831	0.258065
#P-0.161290	-0.483871	-1.000000	0.580645	0.850156	0.258065
#P-0.096774	-0.483871	-1.000000	0.548387	0.858481	0.258065
#P-0.032258	-0.483871	-1.000000	0.516129	0.866805	0.258065
#P0.032258	-0.483871	-1.000000	0.483871	0.875130	0.258065
#P0.096774	-0.483871	-1.000000	0.451613	0.883455	0.258065
#P0.161290	-0.483871	-1.000000	0.419355	0.891779	0.258065
#P0.225806	-0.483871	-1.000000	0.387097	0.900104	0.258065
#P0.290323	-0.483871	-1.000000	0.354839	0.908429	0.258065
#P0.354839	-0.483871	-1.000000	0.322581	0.916753	0.258065
#P0.419355	-0.483871	-1.000000	0.290323	0.925078	0.258065
#P0.483871	-0.483871	-1.000000	0.258065	0.933403	0.258065
#P0.548387	-0.483871	-1.000000	0.225806	0.941727	0.258065
#P0.612903	-0.483871	-1.000000	0.193548	0.950052	0.258065
#P0.677419	-0.483871	-1.000000	0.161290	0.958377	0.258065
#P0.741935	-0.483871	-1.000000	0.129032	0.966701	0.258065
#P0.806452	-0.483871	-1.000000	0.096774	0.975026	0.258065
#P0.870968	-0.483871	-1.000000	0.064516	0.983351	0.258065
#P0.935484	-0.483871	-1.000000	0.032258	0.991675	0.258065
#P1.000000	-0.483871	-1.000000	0.000000	1.000000	0.258065
#P-1.000000	-0.419355	-1.000000	1.000000	0.709677	0.290323
#P-0.935484	-0.419355	-1.000000	0.967742	0.719043	0.290323
#P-0.870968	-0.419355	-1.000000	0.935484	0.728408	0.290323
#P-0.806452	-0.419355	-1.000000	0.903226	0.737773	0.290323
#P-0.741935	-0.419355	-1.000000	0.870968	0.747138	0.290323
#P-0.677419	-0.419355	-1.000000	0.838710	0.756504	0.290323
#P-0.612903	-0.419355	-1.000000	0.806452	0.765869	0.290323
#P-0.548387	-0.419355	-1.000000	0.774194	0.775234	0.290323
#P-0.483871	-0.419355	-1.000000	0.741935	0.784599	0.290323
#P-0.419355	-0.419355	-1.000000	0.709677	0.793965	0.290323
#P-0.354839	-0.419355	-1.000000	0.677419	0.803330	0.290323
#P-0.290323	-0.419355	-1.000000	0.645161	0.812695	0.290323
#P-0.225806	-0.419355	-1.000000	0.612903	0.822060	0.290323
#P-0.161290	-0.419355	-1.000000	0.580645	0.831426	0.290323
#P-0.096774	-0.419355	-1.000000	0.548387	0.840791	0.290323
#P-0.032258	-0.419355	-1.000000	0.516129	0.850156	0.290323
#P0.032258	-0.419355	-1.000000	0.483871	0.859521	0.290323
#P0.096774	-0.419355	-1.000000	0.451613	0.868887	0.290323
#P0.161290	-0.419355	-1.000000	0.419355	0.878252	0.290323
#P0.225806	-0.419355	-1.000000	0.387097	0.887617	0.290323
#P0.290323	-0.419355	-1.000000	0.354839	0.896982	0.290323
#P0.354839	-0.419355	-1.000000	0.322581	0.906348	0.290323
#P0.419355	-0.419355	-1.000000	0.290323	0.915713	0.290323
#P0.483871	-0.419355	-1.000000	0.258065	0.925078	0.290323
#P0.548387	-0.419355	-1.000000	0.225806	0.934443	0.290323
#P0.612903	-0.419355	-1.000000	0.193548	0.943809	0.290323
#P0.677419	-0.419355	-1.000000	0.161290	0.953174	0.290323
#P0.741935	-0.419355	-1.000000	0.129032	0.962539	0.290323
#P0.806452	-0.419355	-1.000000	0.096774	0.971904	0.290323
#P0.870968	-0.419355	-1.000000	0.064516	0.981270	0.290323
#P0.935484	-0.419355	-1.000000	0.032258	0.990635	0.290323
#P1.000000	-0.419355	-1.000000	0.000000	1.000000	0.290323
#P-1.000000	-0.354839	-1.000000	1.000000	0.677419	0.322581
#P-0.935484	-0.354839	-1.000000	0.967742	0.687825	0.322581
#P-0.870968	-0.354839	-1.000000	0.935484	0.698231	0.322581
#P-0.806452	-0.354839	-1.000000	0.903226	0.708637	0.322581
#P-0.741935	-0.354839	-1.000000	0.870968	0.719043	0.322581
#P-0.677419	-0.354839	-1.000000	0.838710	0.729448	0.322581
#P-0.612903	-0.354839	-1.000000	0.806452	0.739854	0.322581
#P-0.548387	-0.354839	-1.000000	0.774194	0.750260	0.322581
#P-0.483871	-0.354839	-1.000000	0.741935	0.760666	0.322581
#P-0.419355	-0.354839	-1.000000	0.709677	0.771072	0.322581
#P-0.354839	-0.354839	-1.000000	0.677419	0.781478	0.322581
#P-0.290323	-0.354839	-1.000000	0.645161	0.791883	0.322581
#P-0.225806	-0.354839	-1.000000	0.612903	0.802289	0.322581
#P-0.161290	-0.354839	-1.000000	0.580645	0.812695	0.322581
#P-0.096774	-0.354839	-1.000000	0.548387	0.823101	0.322581
#P-0.032258	-0.354839	-1.000000	0.516129	0.833507	0.322581
#P0.032258	-0.354839	-1.000000	0.483871	0.843913	0.322581
#P0.096774	-0.354839	-1.000000	0.451613	0.854318	0.322581
#P0.161290	-0.354839	-1.000000	0.419355	0.864724	0.322581
#P0.225806	-0.354839	-1.000000	0.387097	0.875130	0.322581
#P0.290323	-0.354839	-1.000000	0.354839	0.885536	0.322581
#P0.354839	-0.354839	-1.000000	0.322581	0.895942	0.322581
#P0.419355	-0.354839	-1.000000	0.290323	0.906348	0.322581
#P0.483871	-0.354839	-1.000000	0.258065	0.916753	0.322581
#P0.548387	-0.354839	-1.000000	0.225806	0.927159	0.322581
#P0.612903	-0.354839	-1.000000	0.193548	0.937565	0.322581
#P0.677419	-0.354839	-1.000000	0.161290	0.947971	0.322581
#P0.741935	-0.354839	-1.000000	0.129032	0.958377	0.322581
#P0.806452	-0.354839	-1.000000	0.096774	0.968783	0.322581
#P0.870968	-0.354839	-1.000000	0.064516	0.979188	0.322581
#P0.935484	-0.354839	-1.000000	0.032258	0.989594	0.322581
#P1.000000	-0.354839	-1.000000	0.000000	1.000000	0.322581
#P-1.000000	-0.290323	-1.000000	1.000000	0.645161	0.354839
#P-0.935484	-0.290323	-1.000000	0.967742	0.656608	0.354839
#P-0.870968	-0.290323	-1.000000	0.935484	0.668054	0.354839
#P-0.806452	-0.290323	-1.000000	0.903226	0.679501	0.354839
#P-0.741935	-0.290323	-1.000000	0.870968	0.690947	0.354839
#P-0.677419	-0.290323	-1.000000	0.838710	0.702393	0.354839
#P-0.612903	-0.290323	-1.000000	0.806452	0.713840	0.354839
#P-0.548387	-0.290323	-1.000000	0.774194	0.725286	0.354839
#P-0.483871	-0.290323	-1.000000	0.741935	0.736733	0.354839
#P-0.419355	-0.290323	-1.000000	0.709677	0.748179	0.354839
#P-0.354839	-0.290323	-1.000000	0.677419	0.759625	0.354839
#P-0.290323	-0.290323	-1.000000	0.645161	0.771072	0.354839
#P-0.225806	-0.290323	-1.000000	0.612903	0.782518	0.354839
#P-0.161290	-0.290323	-1.000000	0.580645	0.793965	0.354839
#P-0.096774	-0.290323	-1.000000	0.548387	0.805411	0.354839
#P-0.032258	-0.290323	-1.000000	0.516129	0.816857	0.354839
#P0.032258	-0.290323	-1.000000	0.483871	0.828304	0.354839
#P0.096774	-0.290323	-1.000000	0.451613	0.839750	0.354839
#P0.161290	-0.290323	-1.000000	0.419355	0.851197	0.354839
#P0.225806	-0.290323	-1.000000	0.387097	0.862643	0.354839
#P0.290323	-0.290323	-1.000000	0.354839	0.874089	0.354839
#P0.354839	-0.290323	-1.000000	0.322581	0.885536	0.354839
#P0.419355	-0.290323	-1.000000	0.290323	0.896982	0.354839
#P0.483871	-0.290323	-1.000000	0.258065	0.908429	0.354839
#P0.548387	-0.290323	-1.000000	0.225806	0.919875	0.354839
#P0.612903	-0.290323	-1.000000	0.193548	0.931322	0.354839
#P0.677419	-0.290323	-1.000000	0.161290	0.942768	0.354839
#P0.741935	-0.290323	-1.000000	0.129032	0.954214	0.354839
#P0.806452	-0.290323	-1.000000	0.096774	0.965661	0.354839
#P0.870968	-0.290323	-1.000000	0.064516	0.977107	0.354839
#P0.935484	-0.290323	-1.000000	0.032258	0.988554	0.354839
#P1.000000	-0.290323	-1.000000	0.000000	1.000000	0.354839
#P-1.000000	-0.225806	-1.000000	1.000000	0.612903	0.387097
#P-0.935484	-0.225806	-1.000000	0.967742	0.625390	0.387097
#P-0.870968	-0.225806	-1.000000	0.935484	0.637877	0.387097
#P-0.806452	-0.225806	-1.000000	0.903226	0.650364	0.387097
#P-0.741935	-0.225806	-1.000000	0.870968	0.662851	0.387097
#P-0.677419	-0.225806	-1.000000	0.838710	0.675338	0.387097
#P-0.612903	-0.225806	-1.000000	0.806452	0.687825	0.387097
#P-0.548387	-0.225806	-1.000000	0.774194	0.700312	0.387097
#P-0.483871	-0.225806	-1.000000	0.741935	0.712799	0.387097
#P-0.419355	-0.225806	-1.000000	0.709677	0.725286	0.387097
#P-0.354839	-0.225806	-1.000000	0.677419	0.737773	0.387097
#P-0.290323	-0.225806	-1.000000	0.645161	0.750260	0.387097
#P-0.225806	-0.225806	-1.000000	0.612903	0.762747	0.387097
#P-0.161290	-0.225806	-1.000000	0.580645	0.775234	0.387097
#P-0.096774	-0.225806	-1.000000	0.548387	0.787721	0.387097
#P-0.032258	-0.225806	-1.000000	0.516129	0.800208	0.387097
#P0.032258	-0.225806	-1.000000	0.483871	0.812695	0.387097
#P0.096774	-0.225806	-1.000000	0.451613	0.825182	0.387097
#P0.161290	-0.225806	-1.000000	0.419355	0.837669	0.387097
#P0.225806	-0.225806	-1.000000	0.387097	0.850156	0.387097
#P0.290323	-0.225806	-1.000000	0.354839	0.862643	0.387097
#P0.354839	-0.225806	-1.000000	0.322581	0.875130	0.387097
#P0.419355	-0.225806	-1.000000	0.290323	0.887617	0.387097
#P0.483871	-0.225806	-1.000000	0.258065	0.900104	0.387097
#P0.548387	-0.225806	-1.000000	0.225806	0.912591	0.387097
#P0.612903	-0.225806	-1.000000	0.193548	0.925078	0.387097
#P0.677419	-0.225806	-1.000000	0.161290	0.937565	0.387097
#P0.741935	-0.225806	-1.000000	0.129032	0.950052	0.387097
#P0.806452	-0.225806	-1.000000	0.096774	0.962539	0.387097
#P0.870968	-0.225806	-1.000000	0.064516	0.975026	0.387097
#P0.935484	-0.225806	-1.000000	0.032258	0.987513	0.387097
#P1.000000	-0.225806	-1.000000	0.000000	1.000000	0.387097
#P-1.000000	-0.161290	-1.000000	1.000000	0.580645	0.419355
#P-0.935484	-0.161290	-1.000000	0.967742	0.594173	0.419355
#P-0.870968	-0.161290	-1.000000	0.935484	0.607700	0.419355
#P-0.806452	-0.161290	-1.000000	0.903226	0.621228	0.419355
#P-0.741935	-0.161290	-1.000000	0.870968	0.634755	0.419355
#P-0.677419	-0.161290	-1.000000	0.838710	0.648283	0.419355
#P-0.612903	-0.161290	-1.000000	0.806452	0.661811	0.419355
#P-0.548387	-0.161290	-1.000000	0.774194	0.675338	0.419355
#P-0.483871	-0.161290	-1.000000	0.741935	0.688866	0.419355
#P-0.419355	-0.161290	-1.000000	0.709677	0.702393	0.419355
#P-0.354839	-0.161290	-1.000000	0.677419	0.715921	0.419355
#P-0.290323	-0.161290	-1.000000	0.645161	0.729448	0.419355
#P-0.225806	-0.161290	-1.000000	0.612903	0.742976	0.419355
#P-0.161290	-0.161290	-1.000000	0.580645	0.756504	0.419355
#P-0.096774	-0.161290	-1.000000	0.548387	0.770031	0.419355
#P-0.032258	-0.161290	-1.000000	0.516129	0.783559	0.419355
#P0.032258	-0.161290	-1.000000	0.483871	0.797086	0.419355
#P0.096774	-0.161290	-1.000000	0.451613	0.810614	0.419355
#P0.161290	-0.161290	-1.000000	0.419355	0.824142	0.419355
#P0.225806	-0.161290	-1.000000	0.387097	0.837669	0.419355
#P0.290323	-0.161290	-1.000000	0.354839	0.851197	0.419355
#P0.354839	-0.161290	-1.000000	0.322581	0.864724	0.419355
#P0.419355	-0.161290	-1.000000	0.290323	0.878252	0.419355
#P0.483871	-0.161290	-1.000000	0.258065	0.891779	0.419355
#P0.548387	-0.161290	-1.000000	0.225806	0.905307	0.419355
#P0.612903	-0.161290	-1.000000	0.193548	0.918835	0.419355
#P0.677419	-0.161290	-1.000000	0.161290	0.932362	0.419355
#P0.741935	-0.161290	-1.000000	0.129032	0.945890	0.419355
#P0.806452	-0.161290	-1.000000	0.096774	0.959417	0.419355
#P0.870968	-0.161290	-1.000000	0.064516	0.972945	0.419355
#P0.935484	-0.161290	-1.000000	0.032258	0.986472	0.419355
#P1.000000	-0.161290	-1.000000	0.000000	1.000000	0.419355
#P-1.000000	-0.096774	-1.000000	1.000000	0.548387	0.451613
#P-0.935484	-0.096774	-1.000000	0.967742	0.562955	0.451613
#P-0.870968	-0.096774	-1.000000	0.935484	0.577523	0.451613
#P-0.806452	-0.096774	-1.000000	0.903226	0.592092	0.451613
#P-0.741935	-0.096774	-1.000000	0.870968	0.606660	0.451613
#P-0.677419	-0.096774	-1.000000	0.838710	0.621228	0.451613
#P-0.612903	-0.096774	-1.000000	0.806452	0.635796	0.451613
#P-0.548387	-0.096774	-1.000000	0.774194	0.650364	0.451613
#P-0.483871	-0.096774	-1.000000	0.741935	0.664932	0.451613
#P-0.419355	-0.096774	-1.000000	0.709677	0.679501	0.451613
#P-0.354839	-0.096774	-1.000000	0.677419	0.694069	0.451613
#P-0.290323	-0.096774	-1.000000	0.645161	0.708637	0.451613
#P-0.225806	-0.096774	-1.000000	0.612903	0.723205	0.451613
#P-0.161290	-0.096774	-1.000000	0.580645	0.737773	0.451613
#P-0.096774	-0.096774	-1.000000	0.548387	0.752341	0.451613
#P-0.032258	-0.096774	-1.000000	0.516129	0.766909	0.451613
#P0.032258	-0.096774	-1.000000	0.483871	0.781478	0.451613
#P0.096774	-0.096774	-1.000000	0.451613	0.796046	0.451613
#P0.161290	-0.096774	-1.000000	0.419355	0.810614	0.451613
#P0.225806	-0.096774	-1.000000	0.387097	0.825182	0.451613
#P0.290323	-0.096774	-1.000000	0.354839	0.839750	0.451613
#P0.354839	-0.096774	-1.000000	0.322581	0.854318	0.451613
#P0.419355	-0.096774	-1.000000	0.290323	0.868887	0.451613
#P0.483871	-0.096774	-1.000000	0.258065	0.883455	0.451613
#P0.548387	-0.096774	-1.000000	0.225806	0.898023	0.451613
#P0.612903	-0.096774	-1.000000	0.193548	0.912591	0.451613
#P0.677419	-0.096774	-1.000000	0.161290	0.927159	0.451613
#P0.741935	-0.096774	-1.000000	0.129032	0.941727	0.451613
#P0.806452	-0.096774	-1.000000	0.096774	0.956296	0.451613
#P0.870968	-0.096774	-1.000000	0.064516	0.970864	0.451613
#P0.935484	-0.096774	-1.000000	0.032258	0.985432	0.451613
#P1.000000	-0.096774	-1.000000	0.000000	1.000000	0.451613
#P-1.000000	-0.032258	-1.000000	1.000000	0.516129	0.483871
#P-0.935484	-0.032258	-1.000000	0.967742	0.531738	0.483871
#P-0.870968	-0.032258	-1.000000	0.935484	0.547347	0.483871
#P-0.806452	-0.032258	-1.000000	0.903226	0.562955	0.483871
#P-0.741935	-0.032258	-1.000000	0.870968	0.578564	0.483871
#P-0.677419	-0.032258	-1.000000	0.838710	0.594173	0.483871
#P-0.612903	-0.032258	-1.000000	0.806452	0.609781	0.483871
#P-0.548387	-0.032258	-1.000000	0.774194	0.625390	0.483871
#P-0.483871	-0.032258	-1.000000	0.741935	0.640999	0.483871
#P-0.419355	-0.032258	-1.000000	0.709677	0.656608	0.483871
#P-0.354839	-0.032258	-1.000000	0.677419	0.672216	0.483871
#P-0.290323	-0.032258	-1.000000	0.645161	0.687825	0.483871
#P-0.225806	-0.032258	-1.000000	0.612903	0.703434	0.483871
#P-0.161290	-0.032258	-1.000000	0.580645	0.719043	0.483871
#P-0.096774	-0.032258	-1.000000	0.548387	0.734651	0.483871
#P-0.032258	-0.032258	-1.000000	0.516129	0.750260	0.483871
#P0.032258	-0.032258	-1.000000	0.483871	0.765869	0.483871
#P0.096774	-0.032258	-1.000000	0.451613	0.781478	0.483871
#P0.161290	-0.032258	-1.000000	0.419355	0.797086	0.483871
#P0.225806	-0.032258	-1.000000	0.387097	0.812695	0.483871
#P0.290323	-0.032258	-1.000000	0.354839	0.828304	0.483871
#P0.354839	-0.032258	-1.000000	0.322581	0.843913	0.483871
#P0.419355	-0.032258	-1.000000	0.290323	0.859521	0.483871
#P0.483871	-0.032258	-1.000000	0.258065	0.875130	0.483871
#P0.548387	-0.032258	-1.000000	0.225806	0.890739	0.483871
#P0.612903	-0.032258	-1.000000	0.193548	0.906348	0.483871
#P0.677419	-0.032258	-1.000000	0.161290	0.921956	0.483871
#P0.741935	-0.032258	-1.000000	0.129032	0.937565	0.483871
#P0.806452	-0.032258	-1.000000	0.096774	0.953174	0.483871
#P0.870968	-0.032258	-1.000000	0.064516	0.968783	0.483871
#P0.935484	-0.032258	-1.000000	0.032258	0.984391	0.483871
#P1.000000	-0.032258	-1.000000	0.000000	1.000000	0.483871
#P-1.000000	0.032258	-1.000000	1.000000	0.483871	0.516129
#P-0.935484	0.032258	-1.000000	0.967742	0.500520	0.516129
#P-0.870968	0.032258	-1.000000	0.935484	0.517170	0.516129
#P-0.806452	0.032258	-1.000000	0.903226	0.533819	0.516129
#P-0.741935	0.032258	-1.000000	0.870968	0.550468	0.516129
#P-0.677419	0.032258	-1.000000	0.838710	0.567118	0.516129
#P-0.612903	0.032258	-1.000000	0.806452	0.583767	0.516129
#P-0.548387	0.032258	-1.000000	0.774194	0.600416	0.516129
#P-0.483871	0.032258	-1.000000	0.741935	0.617066	0.516129
#P-0.419355	0.032258	-1.000000	0.709677	0.633715	0.516129
#P-0.354839	0.032258	-1.000000	0.677419	0.650364	0.516129
#P-0.290323	0.032258	-1.000000	0.645161	0.667014	0.516129
#P-0.225806	0.032258	-1.000000	0.612903	0.683663	0.516129
#P-0.161290	0.032258	-1.000000	0.580645	0.700312	0.516129
#P-0.096774	0.032258	-1.000000	0.548387	0.716961	0.516129
#P-0.032258	0.032258	-1.000000	0.516129	0.733611	0.516129
#P0.032258	0.032258	-1.000000	0.483871	0.750260	0.516129
#P0.096774	0.032258	-1.000000	0.451613	0.766909	0.516129
#P0.161290	0.032258	-1.000000	0.419355	0.783559	0.516129
#P0.225806	0.032258	-1.000000	0.387097	0.800208	0.516129
#P0.290323	0.032258	-1.000000	0.354839	0.816857	0.516129
#P0.354839	0.032258	-1.000000	0.322581	0.833507	0.516129
#P0.419355	0.032258	-1.000000	0.290323	0.850156	0.516129
#P0.483871	0.032258	-1.000000	0.258065	0.866805	0.516129
#P0.548387	0.032258	-1.000000	0.225806	0.883455	0.516129
#P0.612903	0.032258	-1.000000	0.193548	0.900104	0.516129
#P0.677419	0.032258	-1.000000	0.161290	0.916753	0.516129
#P0.741935	0.032258	-1.000000	0.129032	0.933403	0.516129
#P0.806452	0.032258	-1.000000	0.096774	0.950052	0.516129
#P0.870968	0.032258	-1.000000	0.064516	0.966701	0.516129
#P0.935484	0.032258	-1.000000	0.032258	0.983351	0.516129
#P1.000000	0.032258	-1.000000	0.000000	1.000000	0.516129
#P-1.000000	0.096774	-1.000000	1.000000	0.451613	0.548387
#P-0.935484	0.096774	-1.000000	0.967742	0.469303	0.548387
#P-0.870968	0.096774	-1.000000	0.935484	0.486993	0.548387
#P-0.806452	0.096774	-1.000000	0.903226	0.504683	0.548387
#P-0.741935	0.096774	-1.000000	0.870968	0.522373	0.548387
#P-0.677419	0.096774	-1.000000	0.838710	0.540062	0.548387
#P-0.612903	0.096774	-1.000000	0.806452	0.557752	0.548387
#P-0.548387	0.096774	-1.000000	0.774194	0.575442	0.548387
#P-0.483871	0.096774	-1.000000	0.741935	0.593132	0.548387
#P-0.419355	0.096774	-1.000000	0.709677	0.610822	0.548387
#P-0.354839	0.096774	-1.000000	0.677419	0.628512	0.548387
#P-0.290323	0.096774	-1.000000	0.645161	0.646202	0.548387
#P-0.225806	0.096774	-1.000000	0.612903	0.663892	0.548387
#P-0.161290	0.096774	-1.000000	0.580645	0.681582	0.548387
#P-0.096774	0.096774	-1.000000	0.548387	0.699272	0.548387
#P-0.032258	0.096774	-1.000000	0.516129	0.716961	0.548387
#P0.032258	0.096774	-1.000000	0.483871	0.734651	0.548387
#P0.096774	0.096774	-1.000000	0.451613	0.752341	0.548387
#P0.161290	0.096774	-1.000000	0.419355	0.770031	0.548387
#P0.225806	0.096774	-1.000000	0.387097	0.787721	0.548387
#P0.290323	0.096774	-1.000000	0.354839	0.805411	0.548387
#P0.354839	0.096774	-1.000000	0.322581	0.823101	0.548387
#P0.419355	0.096774	-1.000000	0.290323	0.840791	0.548387
#P0.483871	0.096774	-1.000000	0.258065	0.858481	0.548387
#P0.548387	0.096774	-1.000000	0.225806	0.876171	0.548387
#P0.612903	0.096774	-1.000000	0.193548	0.893861	0.548387
#P0.677419	0.096774	-1.000000	0.161290	0.911550	0.548387
#P0.741935	0.096774	-1.000000	0.129032	0.929240	0.548387
#P0.806452	0.096774	-1.000000	0.096774	0.946930	0.548387
#P0.870968	0.096774	-1.000000	0.064516	0.964620	0.548387
#P0.935484	0.096774	-1.000000	0.032258	0.982310	0.548387
#P1.000000	0.096774	-1.000000	0.000000	1.000000	0.548387
#P-1.000000	0.161290	-1.000000	1.000000	0.419355	0.580645
#P-0.935484	0.161290	-1.000000	0.967742	0.438085	0.580645
#P-0.870968	0.161290	-1.000000	0.935484	0.456816	0.580645
#P-0.806452	0.161290	-1.000000	0.903226	0.475546	0.580645
#P-0.741935	0.161290	-1.000000	0.870968	0.494277	0.580645
#P-0.677419	0.161290	-1.000000	0.838710	0.513007	0.580645
#P-0.612903	0.161290	-1.000000	0.806452	0.531738	0.580645
#P-0.548387	0.161290	-1.000000	0.774194	0.550468	0.580645
#P-0.483871	0.161290	-1.000000	0.741935	0.569199	0.580645
#P-0.419355	0.161290	-1.000000	0.709677	0.587929	0.580645
#P-0.354839	0.161290	-1.000000	0.677419	0.606660	0.580645
#P-0.290323	0.161290	-1.000000	0.645161	0.625390	0.580645
#P-0.225806	0.161290	-1.000000	0.612903	0.644121	0.580645
#P-0.161290	0.161290	-1.000000	0.580645	0.662851	0.580645
#P-0.096774	0.161290	-1.000000	0.548387	0.681582	0.580645
#P-0.032258	0.161290	-1.000000	0.516129	0.700312	0.580645
#P0.032258	0.161290	-1.000000	0.483871	0.719043	0.580645
#P0.096774	0.161290	-1.000000	0.451613	0.737773	0.580645
#P0.161290	0.161290	-1.000000	0.419355	0.756504	0.580645
#P0.225806	0.161290	-1.000000	0.387097	0.775234	0.580645
#P0.290323	0.161290	-1.000000	0.354839	0.793965	0.580645
#P0.354839	0.161290	-1.000000	0.322581	0.812695	0.580645
#P0.419355	0.161290	-1.000000	0.290323	0.831426	0.580645
#P0.483871	0.161290	-1.000000	0.258065	0.850156	0.580645
#P0.548387	0.161290	-1.000000	0.225806	0.868887	0.580645
#P0.612903	0.161290	-1.000000	0.193548	0.887617	0.580645
#P0.677419	0.161290	-1.000000	0.161290	0.906348	0.580645
#P0.741935	0.161290	-1.000000	0.129032	0.925078	0.580645
#P0.806452	0.161290	-1.000000	0.096774	0.943809	0.580645
#P0.870968	0.161290	-1.000000	0.064516	0.962539	0.580645
#P0.935484	0.161290	-1.000000	0.032258	0.981270	0.580645
#P1.000000	0.161290	-1.000000	0.000000	1.000000	0.580645
#P-1.000000	0.225806	-1.000000	1.000000	0.387097	0.612903
#P-0.935484	0.225806	-1.000000	0.967742	0.406868	0.612903
#P-0.870968	0.225806	-1.000000	0.935484	0.426639	0.612903
#P-0.806452	0.225806	-1.000000	0.903226	0.446410	0.612903
#P-0.741935	0.225806	-1.000000	0.870968	0.466181	0.612903
#P-0.677419	0.225806	-1.000000	0.838710	0.485952	0.612903
#P-0.612903	0.225806	-1.000000	0.806452	0.505723	0.612903
#P-0.548387	0.225806	-1.000000	0.774194	0.525494	0.612903
#P-0.483871	0.225806	-1.000000	0.741935	0.545265	0.612903
#P-0.419355	0.225806	-1.000000	0.709677	0.565036	0.612903
#P-0.354839	0.225806	-1.000000	0.677419	0.584807	0.612903
#P-0.290323	0.225806	-1.000000	0.645161	0.604579	0.612903
#P-0.225806	0.225806	-1.000000	0.612903	0.624350	0.612903
#P-0.161290	0.225806	-1.000000	0.580645	0.644121	0.612903
#P-0.096774	0.225806	-1.000000	0.548387	0.663892	0.612903
#P-0.032258	0.225806	-1.000000	0.516129	0.683663	0.612903
#P0.032258	0.225806	-1.000000	0.483871	0.703434	0.612903
#P0.096774	0.225806	-1.000000	0.451613	0.723205	0.612903
#P0.161290	0.225806	-1.000000	0.419355	0.742976	0.612903
#P0.225806	0.225806	-1.000000	0.387097	0.762747	0.612903
#P0.290323	0.225806	-1.000000	0.354839	0.782518	0.612903
#P0.354839	0.225806	-1.000000	0.322581	0.802289	0.612903
#P0.419355	0.225806	-1.000000	0.290323	0.822060	0.612903
#P0.483871	0.225806	-1.000000	0.258065	0.841831	0.612903
#P0.548387	0.225806	-1.000000	0.225806	0.861602	0.612903
#P0.612903	0.225806	-1.000000	0.193548	0.881374	0.612903
#P0.677419	0.225806	-1.000000	0.161290	0.901145	0.612903
#P0.741935	0.225806	-1.000000	0.129032	0.920916	0.612903
#P0.806452	0.225806	-1.000000	0.096774	0.940687	0.612903
#P0.870968	0.225806	-1.000000	0.064516	0.960458	0.612903
#P0.935484	0.225806	-1.000000	0.032258	0.980229	0.612903
#P1.000000	0.225806	-1.000000	0.000000	1.000000	0.612903
#P-1.000000	0.290323	-1.000000	1.000000	0.354839	0.645161
#P-0.935484	0.290323	-1.000000	0.967742	0.375650	0.645161
#P-0.870968	0.290323	-1.000000	0.935484	0.396462	0.645161
#P-0.806452	0.290323	-1.000000	0.903226	0.417274	0.645161
#P-0.741935	0.290323	-1.000000	0.870968	0.438085	0.645161
#P-0.677419	0.290323	-1.000000	0.838710	0.458897	0.645161
#P-0.612903	0.290323	-1.000000	0.806452	0.479709	0.645161
#P-0.548387	0.290323	-1.000000	0.774194	0.500520	0.645161
#P-0.483871	0.290323	-1.000000	0.741935	0.521332	0.645161
#P-0.419355	0.290323	-1.000000	0.709677	0.542144	0.645161
#P-0.354839	0.290323	-1.000000	0.677419	0.562955	0.645161
#P-0.290323	0.290323	-1.000000	0.645161	0.583767	0.645161
#P-0.225806	0.290323	-1.000000	0.612903	0.604579	0.645161
#P-0.161290	0.290323	-1.000000	0.580645	0.625390	0.645161
#P-0.096774	0.290323	-1.000000	0.548387	0.646202	0.645161
#P-0.032258	0.290323	-1.000000	0.516129	0.667014	0.645161
#P0.032258	0.290323	-1.000000	0.483871	0.687825	0.645161
#P0.096774	0.290323	-1.000000	0.451613	0.708637	0.645161
#P0.161290	0.290323	-1.000000	0.419355	0.729448	0.645161
#P0.225806	0.290323	-1.000000	0.387097	0.750260	0.645161
#P0.290323	0.290323	-1.000000	0.354839	0.771072	0.645161
#P0.354839	0.290323	-1.000000	0.322581	0.791883	0.645161
#P0.419355	0.290323	-1.000000	0.290323	0.812695	0.645161
#P0.483871	0.290323	-1.000000	0.258065	0.833507	0.645161
#P0.548387	0.290323	-1.000000	0.225806	0.854318	0.645161
#P0.612903	0.290323	-1.000000	0.193548	0.875130	0.645161
#P0.677419	0.290323	-1.000000	0.161290	0.895942	0.645161
#P0.741935	0.290323	-1.000000	0.129032	0.916753	0.645161
#P0.806452	0.290323	-1.000000	0.096774	0.937565	0.645161
#P0.870968	0.290323	-1.000000	0.064516	0.958377	0.645161
#P0.935484	0.290323	-1.000000	0.032258	0.979188	0.645161
#P1.000000	0.290323	-1.000000	0.000000	1.000000	0.645161
#P-1.000000	0.354839	-1.000000	1.000000	0.322581	0.677419
#P-0.935484	0.354839	-1.000000	0.967742	0.344433	0.677419
#P-0.870968	0.354839	-1.000000	0.935484	0.366285	0.677419
#P-0.806452	0.354839	-1.000000	0.903226	0.388137	0.677419
#P-0.741935	0.354839	-1.000000	0.870968	0.409990	0.677419
#P-0.677419	0.354839	-1.000000	0.838710	0.431842	0.677419
#P-0.612903	0.354839	-1.000000	0.806452	0.453694	0.677419
#P-0.548387	0.354839	-1.000000	0.774194	0.475546	0.677419
#P-0.483871	0.354839	-1.000000	0.741935	0.497399	0.677419
#P-0.419355	0.354839	-1.000000	0.709677	0.519251	0.677419
#P-0.354839	0.354839	-1.000000	0.677419	0.541103	0.677419
#P-0.290323	0.354839	-1.000000	0.645161	0.562955	0.677419
#P-0.225806	0.354839	-1.000000	0.612903	0.584807	0.677419
#P-0.161290	0.354839	-1.000000	0.580645	0.606660	0.677419
#P-0.096774	0.354839	-1.000000	0.548387	0.628512	0.677419
#P-0.032258	0.354839	-1.000000	0.516129	0.650364	0.677419
#P0.032258	0.354839	-1.000000	0.483871	0.672216	0.677419
#P0.096774	0.354839	-1.000000	0.451613	0.694069	0.677419
#P0.161290	0.354839	-1.000000	0.419355	0.715921	0.677419
#P0.225806	0.354839	-1.000000	0.387097	0.737773	0.677419
#P0.290323	0.354839	-1.000000	0.354839	0.759625	0.677419
#P0.354839	0.354839	-1.000000	0.322581	0.781478	0.677419
#P0.419355	0.354839	-1.000000	0.290323	0.803330	0.677419
#P0.483871	0.354839	-1.000000	0.258065	0.825182	0.677419
#P0.548387	0.354839	-1.000000	0.225806	0.847034	0.677419
#P0.612903	0.354839	-1.000000	0.193548	0.868887	0.677419
#P0.677419	0.354839	-1.000000	0.161290	0.890739	0.677419
#P0.741935	0.354839	-1.000000	0.129032	0.912591	0.677419
#P0.806452	0.354839	-1.000000	0.096774	0.934443	0.677419
#P0.870968	0.354839	-1.000000	0.064516	0.956296	0.677419
#P0.935484	0.354839	-1.000000	0.032258	0.978148	0.677419
#P1.000000	0.354839	-1.000000	0.000000	1.000000	0.677419
#P-1.000000	0.419355	-1.000000	1.000000	0.290323	0.709677
#P-0.935484	0.419355	-1.000000	0.967742	0.313215	0.709677
#P-0.870968	0.419355	-1.000000	0.935484	0.336108	0.709677
#P-0.806452	0.419355	-1.000000	0.903226	0.359001	0.709677
#P-0.741935	0.419355	-1.000000	0.870968	0.381894	0.709677
#P-0.677419	0.419355	-1.000000	0.838710	0.404787	0.709677
#P-0.612903	0.419355	-1.000000	0.806452	0.427680	0.709677
#P-0.548387	0.419355	-1.000000	0.774194	0.450572	0.709677
#P-0.483871	0.419355	-1.000000	0.741935	0.473465	0.709677
#P-0.419355	0.419355	-1.000000	0.709677	0.496358	0.709677
#P-0.354839	0.419355	-1.000000	0.677419	0.519251	0.709677
#P-0.290323	0.419355	-1.000000	0.645161	0.542144	0.709677
#P-0.225806	0.419355	-1.000000	0.612903	0.565036	0.709677
#P-0.161290	0.419355	-1.000000	0.580645	0.587929	0.709677
#P-0.096774	0.419355	-1.000000	0.548387	0.610822	0.709677
#P-0.032258	0.419355	-1.000000	0.516129	0.633715	0.709677
#P0.032258	0.419355	-1.000000	0.483871	0.656608	0.709677
#P0.096774	0.419355	-1.000000	0.451613	0.679501	0.709677
#P0.161290	0.419355	-1.000000	0.419355	0.702393	0.709677
#P0.225806	0.419355	-1.000000	0.387097	0.725286	0.709677
#P0.290323	0.419355	-1.000000	0.354839	0.748179	0.709677
#P0.354839	0.419355	-1.000000	0.322581	0.771072	0.709677
#P0.419355	0.419355	-1.000000	0.290323	0.793965	0.709677
#P0.483871	0.419355	-1.000000	0.258065	0.816857	0.709677
#P0.548387	0.419355	-1.000000	0.225806	0.839750	0.709677
#P0.612903	0.419355	-1.000000	0.193548	0.862643	0.709677
#P0.677419	0.419355	-1.000000	0.161290	0.885536	0.709677
#P0.741935	0.419355	-1.000000	0.129032	0.908429	0.709677
#P0.806452	0.419355	-1.000000	0.096774	0.931322	0.709677
#P0.870968	0.419355	-1.000000	0.064516	0.954214	0.709677
#P0.935484	0.419355	-1.000000	0.032258	0.977107	0.709677
#P1.000000	0.419355	-1.000000	0.000000	1.000000	0.709677
#P-1.000000	0.483871	-1.000000	1.000000	0.258065	0.741935
#P-0.935484	0.483871	-1.000000	0.967742	0.281998	0.741935
#P-0.870968	0.483871	-1.000000	0.935484	0.305931	0.741935
#P-0.806452	0.483871	-1.000000	0.903226	0.329865	0.741935
#P-0.741935	0.483871	-1.000000	0.870968	0.353798	0.741935
#P-0.677419	0.483871	-1.000000	0.838710	0.377732	0.741935
#P-0.612903	0.483871	-1.000000	0.806452	0.401665	0.741935
#P-0.548387	0.483871	-1.000000	0.774194	0.425598	0.741935
#P-0.483871	0.483871	-1.000000	0.741935	0.449532	0.741935
#P-0.419355	0.483871	-1.000000	0.709677	0.473465	0.741935
#P-0.354839	0.483871	-1.000000	0.677419	0.497399	0.741935
#P-0.290323	0.483871	-1.000000	0.645161	0.521332	0.741935
#P-0.225806	0.483871	-1.000000	0.612903	0.545265	0.741935
#P-0.161290	0.483871	-1.000000	0.580645	0.569199	0.741935
#P-0.096774	0.483871	-1.000000	0.548387	0.593132	0.741935
#P-0.032258	0.483871	-1.000000	0.516129	0.617066	0.741935
#P0.032258	0.483871	-1.000000	0.483871	0.640999	0.741935
#P0.096774	0.483871	-1.000000	0.451613	0.664932	0.741935
#P0.161290	0.483871	-1.000000	0.419355	0.688866	0.741935
#P0.225806	0.483871	-1.000000	0.387097	0.712799	0.741935
#P0.290323	0.483871	-1.000000	0.354839	0.736733	0.741935
#P0.354839	0.483871	-1.000000	0.322581	0.760666	0.741935
#P0.419355	0.483871	-1.000000	0.290323	0.784599	0.741935
#P0.483871	0.483871	-1.000000	0.258065	0.808533	0.741935
#P0.548387	0.483871	-1.000000	0.225806	0.832466	0.741935
#P0.612903	0.483871	-1.000000	0.193548	0.856400	0.741935
#P0.677419	0.483871	-1.000000	0.161290	0.880333	0.741935
#P0.741935	0.483871	-1.000000	0.129032	0.904266	0.741935
#P0.806452	0.483871	-1.000000	0.096774	0.928200	0.741935
#P0.870968	0.483871	-1.000000	0.064516	0.952133	0.741935
#P0.935484	0.483871	-1.000000	0.032258	0.976067	0.741935
#P1.000000	0.483871	-1.000000	0.000000	1.000000	0.741935
#P-1.000000	0.548387	-1.000000	1.000000	0.225806	0.774194
#P-0.935484	0.548387	-1.000000	0.967742	0.250780	0.774194
#P-0.870968	0.548387	-1.000000	0.935484	0.275754	0.774194
#P-0.806452	0.548387	-1.000000	0.903226	0.300728	0.774194
#P-0.741935	0.548387	-1.000000	0.870968	0.325702	0.774194
#P-0.677419	0.548387	-1.000000	0.838710	0.350676	0.774194
#P-0.612903	0.548387	-1.000000	0.806452	0.375650	0.774194
#P-0.548387	0.548387	-1.000000	0.774194	0.400624	0.774194
#P-0.483871	0.548387	-1.000000	0.741935	0.425598	0.774194
#P-0.419355	0.548387	-1.000000	0.709677	0.450572	0.774194
#P-0.354839	0.548387	-1.000000	0.677419	0.475546	0.774194
#P-0.290323	0.548387	-1.000000	0.645161	0.500520	0.774194
#P-0.225806	0.548387	-1.000000	0.612903	0.525494	0.774194
#P-0.161290	0.548387	-1.000000	0.580645	0.550468	0.774194
#P-0.096774	0.548387	-1.000000	0.548387	0.575442	0.774194
#P-0.032258	0.548387	-1.000000	0.516129	0.600416	0.774194
#P0.032258	0.548387	-1.000000	0.483871	0.625390	0.774194
#P0.096774	0.548387	-1.000000	0.451613	0.650364	0.774194
#P0.161290	0.548387	-1.000000	0.419355	0.675338	0.774194
#P0.225806	0.548387	-1.000000	0.387097	0.700312	0.774194
#P0.290323	0.548387	-1.000000	0.354839	0.725286	0.774194
#P0.354839	0.548387	-1.000000	0.322581	0.750260	0.774194
#P0.419355	0.548387	-1.000000	0.290323	0.775234	0.774194
#P0.483871	0.548387	-1.000000	0.258065	0.800208	0.774194
#P0.548387	0.548387	-1.000000	0.225806	0.825182	0.774194
#P0.612903	0.548387	-1.000000	0.193548	0.850156	0.774194
#P0.677419	0.548387	-1.000000	0.161290	0.875130	0.774194
#P0.741935	0.548387	-1.000000	0.129032	0.900104	0.774194
#P0.806452	0.548387	-1.000000	0.096774	0.925078	0.774194
#P0.870968	0.548387	-1.000000	0.064516	0.950052	0.774194
#P0.935484	0.548387	-1.000000	0.032258	0.975026	0.774194
#P1.000000	0.548387	-1.000000	0.000000	1.000000	0.774194
#P-1.000000	0.612903	-1.000000	1.000000	0.193548	0.806452
#P-0.935484	0.612903	-1.000000	0.967742	0.219563	0.806452
#P-0.870968	0.612903	-1.000000	0.935484	0.245578	0.806452
#P-0.806452	0.612903	-1.000000	0.903226	0.271592	0.806452
#P-0.741935	0.612903	-1.000000	0.870968	0.297607	0.806452
#P-0.677419	0.612903	-1.000000	0.838710	0.323621	0.806452
#P-0.612903	0.612903	-1.000000	0.806452	0.349636	0.806452
#P-0.548387	0.612903	-1.000000	0.774194	0.375650	0.806452
#P-0.483871	0.612903	-1.000000	0.741935	0.401665	0.806452
#P-0.419355	0.612903	-1.000000	0.709677	0.427680	0.806452
#P-0.354839	0.612903	-1.000000	0.677419	0.453694	0.806452
#P-0.290323	0.612903	-1.000000	0.645161	0.479709	0.806452
#P-0.225806	0.612903	-1.000000	0.612903	0.505723	0.806452
#P-0.161290	0.612903	-1.000000	0.580645	0.531738	0.806452
#P-0.096774	0.612903	-1.000000	0.548387	0.557752	0.806452
#P-0.032258	0.612903	-1.000000	0.516129	0.583767	0.806452
#P0.032258	0.612903	-1.000000	0.483871	0.609781	0.806452
#P0.096774	0.612903	-1.000000	0.451613	0.635796	0.806452
#P0.161290	0.612903	-1.000000	0.419355	0.661811	0.806452
#P0.225806	0.612903	-1.000000	0.387097	0.687825	0.806452
#P0.290323	0.612903	-1.000000	0.354839	0.713840	0.806452
#P0.354839	0.612903	-1.000000	0.322581	0.739854	0.806452
#P0.419355	0.612903	-1.000000	0.290323	0.765869	0.806452
#P0.483871	0.612903	-1.000000	0.258065	0.791883	0.806452
#P0.548387	0.612903	-1.000000	0.225806	0.817898	0.806452
#P0.612903	0.612903	-1.000000	0.193548	0.843913	0.806452
#P0.677419	0.612903	-1.000000	0.161290	0.869927	0.806452
#P0.741935	0.612903	-1.000000	0.129032	0.895942	0.806452
#P0.806452	0.612903	-1.000000	0.096774	0.921956	0.806452
#P0.870968	0.612903	-1.000000	0.064516	0.947971	0.806452
#P0.935484	0.612903	-1.000000	0.032258	0.973985	0.806452
#P1.000000	0.612903	-1.000000	0.000000	1.000000	0.806452
#P-1.000000	0.677419	-1.000000	1.000000	0.161290	0.838710
#P-0.935484	0.677419	-1.000000	0.967742	0.188345	0.838710
#P-0.870968	0.677419	-1.000000	0.935484	0.215401	0.838710
#P-0.806452	0.677419	-1.000000	0.903226	0.242456	0.838710
#P-0.741935	0.677419	-1.000000	0.870968	0.269511	0.838710
#P-0.677419	0.677419	-1.000000	0.838710	0.296566	0.838710
#P-0.612903	0.677419	-1.000000	0.806452	0.323621	0.838710
#P-0.548387	0.677419	-1.000000	0.774194	0.350676	0.838710
#P-0.483871	0.677419	-1.000000	0.741935	0.377732	0.838710
#P-0.419355	0.677419	-1.000000	0.709677	0.404787	0.838710
#P-0.354839	0.677419	-1.000000	0.677419	0.431842	0.838710
#P-0.290323	0.677419	-1.000000	0.645161	0.458897	0.838710
#P-0.225806	0.677419	-1.000000	0.612903	0.485952	0.838710
#P-0.161290	0.677419	-1.000000	0.580645	0.513007	0.838710
#P-0.096774	0.677419	-1.000000	0.548387	0.540062	0.838710
#P-0.032258	0.677419	-1.000000	0.516129	0.567118	0.838710
#P0.032258	0.677419	-1.000000	0.483871	0.594173	0.838710
#P0.096774	0.677419	-1.000000	0.451613	0.621228	0.838710
#P0.161290	0.677419	-1.000000	0.419355	0.648283	0.838710
#P0.225806	0.677419	-1.000000	0.387097	0.675338	0.838710
#P0.290323	0.677419	-1.000000	0.354839	0.702393	0.838710
#P0.354839	0.677419	-1.000000	0.322581	0.729448	0.838710
#P0.419355	0.677419	-1.000000	0.290323	0.756504	0.838710
#P0.483871	0.677419	-1.000000	0.258065	0.783559	0.838710
#P0.548387	0.677419	-1.000000	0.225806	0.810614	0.838710
#P0.612903	0.677419	-1.000000	0.193548	0.837669	0.838710
#P0.677419	0.677419	-1.000000	0.161290	0.864724	0.838710
#P0.741935	0.677419	-1.000000	0.129032	0.891779	0.838710
#P0.806452	0.677419	-1.000000	0.096774	0.918835	0.838710
#P0.870968	0.677419	-1.000000	0.064516	0.945890	0.838710
#P0.935484	0.677419	-1.000000	0.032258	0.972945	0.838710
#P1.000000	0.677419	-1.000000	0.000000	1.000000	0.838710
#P-1.000000	0.741935	-1.000000	1.000000	0.129032	0.870968
#P-0.935484	0.741935	-1.000000	0.967742	0.157128	0.870968
#P-0.870968	0.741935	-1.000000	0.935484	0.185224	0.870968
#P-0.806452	0.741935	-1.000000	0.903226	0.213319	0.870968
#P-0.741935	0.741935	-1.000000	0.870968	0.241415	0.870968
#P-0.677419	0.741935	-1.000000	0.838710	0.269511	0.870968
#P-0.612903	0.741935	-1.000000	0.806452	0.297607	0.870968
#P-0.548387	0.741935	-1.000000	0.774194	0.325702	0.870968
#P-0.483871	0.741935	-1.000000	0.741935	0.353798	0.870968
#P-0.419355	0.741935	-1.000000	0.709677	0.381894	0.870968
#P-0.354839	0.741935	-1.000000	0.677419	0.409990	0.870968
#P-0.290323	0.741935	-1.000000	0.645161	0.438085	0.870968
#P-0.225806	0.741935	-1.000000	0.612903	0.466181	0.870968
#P-0.161290	0.741935	-1.000000	0.580645	0.494277	0.870968
#P-0.096774	0.741935	-1.000000	0.548387	0.522373	0.870968
#P-0.032258	0.741935	-1.000000	0.516129	0.550468	0.870968
#P0.032258	0.741935	-1.000000	0.483871	0.578564	0.870968
#P0.096774	0.741935	-1.000000	0.451613	0.606660	0.870968
#P0.161290	0.741935	-1.000000	0.419355	0.634755	0.870968
#P0.225806	0.741935	-1.000000	0.387097	0.662851	0.870968
#P0.290323	0.741935	-1.000000	0.354839	0.690947	0.870968
#P0.354839	0.741935	-1.000000	0.322581	0.719043	0.870968
#P0.419355	0.741935	-1.000000	0.290323	0.747138	0.870968
#P0.483871	0.741935	-1.000000	0.258065	0.775234	0.870968
#P0.548387	0.741935	-1.000000	0.225806	0.803330	0.870968
#P0.612903	0.741935	-1.000000	0.193548	0.831426	0.870968
#P0.677419	0.741935	-1.000000	0.161290	0.859521	0.870968
#P0.741935	0.741935	-1.000000	0.129032	0.887617	0.870968
#P0.806452	0.741935	-1.000000	0.096774	0.915713	0.870968
#P0.870968	0.741935	-1.000000	0.064516	0.943809	0.870968
#P0.935484	0.741935	-1.000000	0.032258	0.971904	0.870968
#P1.000000	0.741935	-1.000000	0.000000	1.000000	0.870968
#P-1.000000	0.806452	-1.000000	1.000000	0.096774	0.903226
#P-0.935484	0.806452	-1.000000	0.967742	0.125911	0.903226
#P-0.870968	0.806452	-1.000000	0.935484	0.155047	0.903226
#P-0.806452	0.806452	-1.000000	0.903226	0.184183	0.903226
#P-0.741935	0.806452	-1.000000	0.870968	0.213319	0.903226
#P-0.677419	0.806452	-1.000000	0.838710	0.242456	0.903226
#P-0.612903	0.806452	-1.000000	0.806452	0.271592	0.903226
#P-0.548387	0.806452	-1.000000	0.774194	0.300728	0.903226
#P-0.483871	0.806452	-1.000000	0.741935	0.329865	0.903226
#P-0.419355	0.806452	-1.000000	0.709677	0.359001	0.903226
#P-0.354839	0.806452	-1.000000	0.677419	0.388137	0.903226
#P-0.290323	0.806452	-1.000000	0.645161	0.417274	0.903226
#P-0.225806	0.806452	-1.000000	0.612903	0.446410	0.903226
#P-0.161290	0.806452	-1.000000	0.580645	0.475546	0.903226
#P-0.096774	0.806452	-1.000000	0.548387	0.504683	0.903226
#P-0.032258	0.806452	-1.000000	0.516129	0.533819	0.903226
#P0.032258	0.806452	-1.000000	0.483871	0.562955	0.903226
#P0.096774	0.806452	-1.000000	0.451613	0.592092	0.903226
#P0.161290	0.806452	-1.000000	0.419355	0.621228	0.903226
#P0.225806	0.806452	-1.000000	0.387097	0.650364	0.903226
#P0.290323	0.806452	-1.000000	0.354839	0.679501	0.903226
#P0.354839	0.806452	-1.000000	0.322581	0.708637	0.903226
#P0.419355	0.806452	-1.000000	0.290323	0.737773	0.903226
#P0.483871	0.806452	-1.000000	0.258065	0.766909	0.903226
#P0.548387	0.806452	-1.000000	0.225806	0.796046	0.903226
#P0.612903	0.806452	-1.000000	0.193548	0.825182	0.903226
#P0.677419	0.806452	-1.000000	0.161290	0.854318	0.903226
#P0.741935	0.806452	-1.000000	0.129032	0.883455	0.903226
#P0.806452	0.806452	-1.000000	0.096774	0.912591	0.903226
#P0.870968	0.806452	-1.000000	0.064516	0.941727	0.903226
#P0.935484	0.806452	-1.000000	0.032258	0.970864	0.903226
#P1.000000	0.806452	-1.000000	0.000000	1.000000	0.903226
#P-1.000000	0.870968	-1.000000	1.000000	0.064516	0.935484
#P-0.935484	0.870968	-1.000000	0.967742	0.094693	0.935484
#P-0.870968	0.870968	-1.000000	0.935484	0.124870	0.935484
#P-0.806452	0.870968	-1.000000	0.903226	0.155047	0.935484
#P-0.741935	0.870968	-1.000000	0.870968	0.185224	0.935484
#P-0.677419	0.870968	-1.000000	0.838710	0.215401	0.935484
#P-0.612903	0.870968	-1.000000	0.806452	0.245578	0.935484
#P-0.548387	0.870968	-1.000000	0.774194	0.275754	0.935484
#P-0.483871	0.870968	-1.000000	0.741935	0.305931	0.935484
#P-0.419355	0.870968	-1.000000	0.709677	0.336108	0.935484
#P-0.354839	0.870968	-1.000000	0.677419	0.366285	0.935484
#P-0.290323	0.870968	-1.000000	0.645161	0.396462	0.935484
#P-0.225806	0.870968	-1.000000	0.612903	0.426639	0.935484
#P-0.161290	0.870968	-1.000000	0.580645	0.456816	0.935484
#P-0.096774	0.870968	-1.000000	0.548387	0.486993	0.935484
#P-0.032258	0.870968	-1.000000	0.516129	0.517170	0.935484
#P0.032258	0.870968	-1.000000	0.483871	0.547347	0.935484
#P0.096774	0.870968	-1.000000	0.451613	0.577523	0.935484
#P0.161290	0.870968	-1.000000	0.419355	0.607700	0.935484
#P0.225806	0.870968	-1.000000	0.387097	0.637877	0.935484
#P0.290323	0.870968	-1.000000	0.354839	0.668054	0.935484
#P0.354839	0.870968	-1.000000	0.322581	0.698231	0.935484
#P0.419355	0.870968	-1.000000	0.290323	0.728408	0.935484
#P0.483871	0.870968	-1.000000	0.258065	0.758585	0.935484
#P0.548387	0.870968	-1.000000	0.225806	0.788762	0.935484
#P0.612903	0.870968	-1.000000	0.193548	0.818939	0.935484
#P0.677419	0.870968	-1.000000	0.161290	0.849116	0.935484
#P0.741935	0.870968	-1.000000	0.129032	0.879292	0.935484
#P0.806452	0.870968	-1.000000	0.096774	0.909469	0.935484
#P0.870968	0.870968	-1.000000	0.064516	0.939646	0.935484
#P0.935484	0.870968	-1.000000	0.032258	0.969823	0.935484
#P1.000000	0.870968	-1.000000	0.000000	1.000000	0.935484
#P-1.000000	0.935484	-1.000000	1.000000	0.032258	0.967742
#P-0.935484	0.935484	-1.000000	0.967742	0.063476	0.967742
#P-0.870968	0.935484	-1.000000	0.935484	0.094693	0.967742
#P-0.806452	0.935484	-1.000000	0.903226	0.125911	0.967742
#P-0.741935	0.935484	-1.000000	0.870968	0.157128	0.967742
#P-0.677419	0.935484	-1.000000	0.838710	0.188345	0.967742
#P-0.612903	0.935484	-1.000000	0.806452	0.219563	0.967742
#P-0.548387	0.935484	-1.000000	0.774194	0.250780	0.967742
#P-0.483871	0.935484	-1.000000	0.741935	0.281998	0.967742
#P-0.419355	0.935484	-1.000000	0.709677	0.313215	0.967742
#P-0.354839	0.935484	-1.000000	0.677419	0.344433	0.967742
#P-0.290323	0.935484	-1.000000	0.645161	0.375650	0.967742
#P-0.225806	0.935484	-1.000000	0.612903	0.406868	0.967742
#P-0.161290	0.935484	-1.000000	0.580645	0.438085	0.967742
#P-0.096774	0.935484	-1.000000	0.548387	0.469303	0.967742
#P-0.032258	0.935484	-1.000000	0.516129	0.500520	0.967742
#P0.032258	0.935484	-1.000000	0.483871	0.531738	0.967742
#P0.096774	0.935484	-1.000000	0.451613	0.562955	0.967742
#P0.161290	0.935484	-1.000000	0.419355	0.594173	0.967742
#P0.225806	0.935484	-1.000000	0.387097	0.625390	0.967742
#P0.290323	0.935484	-1.000000	0.354839	0.656608	0.967742
#P0.354839	0.935484	-1.000000	0.322581	0.687825	0.967742
#P0.419355	0.935484	-1.000000	0.290323	0.719043	0.967742
#P0.483871	0.935484	-1.000000	0.258065	0.750260	0.967742
#P0.548387	0.935484	-1.000000	0.225806	0.781478	0.967742
#P0.612903	0.935484	-1.000000	0.193548	0.812695	0.967742
#P0.677419	0.935484	-1.000000	0.161290	0.843913	0.967742
#P0.741935	0.935484	-1.000000	0.129032	0.875130	0.967742
#P0.806452	0.935484	-1.000000	0.096774	0.906348	0.967742
#P0.870968	0.935484	-1.000000	0.064516	0.937565	0.967742
#P0.935484	0.935484	-1.000000	0.032258	0.968783	0.967742
#P1.000000	0.935484	-1.000000	0.000000	1.000000	0.967742
#P-1.000000	1.000000	-1.000000	1.000000	0.000000	1.000000
#P-0.935484	1.000000	-1.000000	0.967742	0.032258	1.000000
#P-0.870968	1.000000	-1.000000	0.935484	0.064516	1.000000
#P-0.806452	1.000000	-1.000000	0.903226	0.096774	1.000000
#P-0.741935	1.000000	-1.000000	0.870968	0.129032	1.000000
#P-0.677419	1.000000	-1.000000	0.838710	0.161290	1.000000
#P-0.612903	1.000000	-1.000000	0.806452	0.193548	1.000000
#P-0.548387	1.000000	-1.000000	0.774194	0.225806	1.000000
#P-0.483871	1.000000	-1.000000	0.741935	0.258065	1.000000
#P-0.419355	1.000000	-1.000000	0.709677	0.290323	1.000000
#P-0.354839	1.000000	-1.000000	0.677419	0.322581	1.000000
#P-0.290323	1.000000	-1.000000	0.645161	0.354839	1.000000
#P-0.225806	1.000000	-1.000000	0.612903	0.387097	1.000000
#P-0.161290	1.000000	-1.000000	0.580645	0.419355	1.000000
#P-0.096774	1.000000	-1.000000	0.548387	0.451613	1.000000
#P-0.032258	1.000000	-1.000000	0.516129	0.483871	1.000000
#P0.032258	1.000000	-1.000000	0.483871	0.516129	1.000000
#P0.096774	1.000000	-1.000000	0.451613	0.548387	1.000000
#P0.161290	1.000000	-1.000000	0.419355	0.580645	1.000000
#P0.225806	1.000000	-1.000000	0.387097	0.612903	1.000000
#P0.290323	1.000000	-1.000000	0.354839	0.645161	1.000000
#P0.354839	1.000000	-1.000000	0.322581	0.677419	1.000000
#P0.419355	1.000000	-1.000000	0.290323	0.709677	1.000000
#P0.483871	1.000000	-1.000000	0.258065	0.741935	1.000000
#P0.548387	1.000000	-1.000000	0.225806	0.774194	1.000000
#P0.612903	1.000000	-1.000000	0.193548	0.806452	1.000000
#P0.677419	1.000000	-1.000000	0.161290	0.838710	1.000000
#P0.741935	1.000000	-1.000000	0.129032	0.870968	1.000000
#P0.806452	1.000000	-1.000000	0.096774	0.903226	1.000000
#P0.870968	1.000000	-1.000000	0.064516	0.935484	1.000000
#P0.935484	1.000000	-1.000000	0.032258	0.967742	1.000000
#P1.000000	1.000000	-1.000000	0.000000	1.000000	1.000000
