#N1024
#P-1.000000	-1.000000	0.400000	1.000000	0.000000	0.500000
#P-0.935484	-1.000000	0.383792	0.967742	0.016129	0.516129
#P-0.870968	-1.000000	0.337793	0.935484	0.032258	0.532258
#P-0.806452	-1.000000	0.269461	0.903226	0.048387	0.548387
#P-0.741935	-1.000000	0.189870	0.870968	0.064516	0.564516
#P-0.677419	-1.000000	0.111921	0.838710	0.080645	0.580645
#P-0.612903	-1.000000	0.048248	0.806452	0.096774	0.596774
#P-0.548387	-1.000000	0.009172	0.774194	0.112903	0.612903
#P-0.483871	-1.000000	0.001026	0.741935	0.129032	0.629032
#P-0.419355	-1.000000	0.025131	0.709677	0.145161	0.645161
#P-0.354839	-1.000000	0.077579	0.677419	0.161290	0.661290
#P-0.290323	-1.000000	0.149869	0.645161	0.177419	0.677419
#P-0.225806	-1.000000	0.230286	0.612903	0.193548	0.693548
#P-0.161290	-1.000000	0.305793	0.580645	0.209677	0.709677
#P-0.096774	-1.000000	0.364153	0.548387	0.225806	0.725806
#P-0.032258	-1.000000	0.395906	0.516129	0.241935	0.741935
#P0.032258	-1.000000	0.395906	0.483871	0.258065	0.758065
#P0.096774	-1.000000	0.364153	0.451613	0.274194	0.774194
#P0.161290	-1.000000	0.305793	0.419355	0.290323	0.790323
#P0.225806	-1.000000	0.230286	0.387097	0.306452	0.806452
#P0.290323	-1.000000	0.149869	0.354839	0.322581	0.822581
#P0.354839	-1.000000	0.077579	0.322581	0.338710	0.838710
#P0.419355	-1.000000	0.025131	0.290323	0.354839	0.854839
#P0.483871	-1.000000	0.001026	0.258065	0.370968	0.870968
#P0.548387	-1.000000	0.009172	0.225806	0.387097	0.887097
#P0.612903	-1.000000	0.048248	0.193548	0.403226	0.903226
#P0.677419	-1.000000	0.111921	0.161290	0.419355	0.919355
#P0.741935	-1.000000	0.189870	0.129032	0.435484	0.935484
#P0.806452	-1.000000	0.269461	0.096774	0.451613	0.951613
#P0.870968	-1.000000	0.337793	0.064516	0.467742	0.967742
#P0.935484	-1.000000	0.383792	0.032258	0.483871	0.983871
#P1.000000	-1.000000	0.400000	0.000000	0.500000	1.000000
#P-1.000000	-0.935484	0.383792	1.000000	0.032258	0.483871
#P-0.935484	-0.935484	0.367583	0.968783	0.047347	0.499480
#P-0.870968	-0.935484	0.321585	0.937565	0.062435	0.515088
#P-0.806452	-0.935484	0.253253	0.906348	0.077523	0.530697
#P-0.741935	-0.935484	0.173662	0.875130	0.092612	0.546306
#P-0.677419	-0.935484	0.095713	0.843913	0.107700	0.561915
#P-0.612903	-0.935484	0.032040	0.812695	0.122789	0.577523
#P-0.548387	-0.935484	-0.007036	0.781478	0.137877	0.593132
#P-0.483871	-0.935484	-0.015182	0.750260	0.152966	0.608741
#P-0.419355	-0.935484	0.008922	0.719043	0.168054	0.624350
#P-0.354839	-0.935484	0.061370	0.687825	0.183143	0.639958
#P-0.290323	-0.935484	0.133661	0.656608	0.198231	0.655567
#P-0.225806	-0.935484	0.214077	0.625390	0.213319	0.671176
#P-0.161290	-0.935484	0.289584	0.594173	0.228408	0.686785
#P-0.096774	-0.935484	0.347944	0.562955	0.243496	0.702393
#P-0.032258	-0.935484	0.379698	0.531738	0.258585	0.718002
#P0.032258	-0.935484	0.379698	0.500520	0.273673	0.733611
#P0.096774	-0.935484	0.347944	0.469303	0.288762	0.749220
#P0.161290	-0.935484	0.289584	0.438085	0.303850	0.764828
#P0.225806	-0.935484	0.214077	0.406868	0.318939	0.780437
#P0.290323	-0.935484	0.133661	0.375650	0.334027	0.796046
#P0.354839	-0.935484	0.061370	0.344433	0.349116	0.811655
#P0.419355	-0.935484	0.008922	0.313215	0.364204	0.827263
#P0.483871	-0.935484	-0.015182	0.281998	0.379292	0.842872
#P0.548387	-0.935484	-0.007036	0.250780	0.394381	0.858481
#P0.612903	-0.935484	0.032040	0.219563	0.409469	0.874089
#P0.677419	-0.935484	0.095713	0.188345	0.424558	0.889698
#P0.741935	-0.935484	0.173662	0.157128	0.439646	0.905307
#P0.806452	-0.935484	0.253253	0.125911	0.454735	0.920916
#P0.870968	-0.935484	0.321585	0.094693	0.469823	0.936524
#P0.935484	-0.935484	0.367583	0.063476	0.484912	0.952133
#P1.000000	-0.935484	0.383792	0.032258	0.500000	0.967742
#P-1.000000	-0.870968	0.337793	1.000000	0.064516	0.467742
#P-0.935484	-0.870968	0.321585	0.969823	0.078564	0.482830
#P-0.870968	-0.870968	0.275587	0.939646	0.092612	0.497919
#P-0.806452	-0.870968	0.207254	0.909469	0.106660	0.513007
#P-0.741935	-0.870968	0.127664	0.879292	0.120708	0.528096
#P-0.677419	-0.870968	0.049715	0.849116	0.134755	0.543184
#P-0.612903	-0.870968	-0.013958	0.818939	0.148803	0.558273
#P-0.548387	-0.870968	-0.053034	0.788762	0.162851	0.573361
#P-0.483871	-0.870968	-0.061180	0.758585	0.176899	0.588450
#P-0.419355	-0.870968	-0.037076	0.728408	0.190947	0.603538
#P-0.354839	-0.870968	0.015372	0.698231	0.204995	0.618626
#P-0.290323	-0.870968	0.087663	0.668054	0.219043	0.633715
#P-0.225806	-0.870968	0.168079	0.637877	0.233091	0.648803
#P-0.161290	-0.870968	0.243586	0.607700	0.247138	0.663892
#P-0.096774	-0.870968	0.301946	0.577523	0.261186	0.678980
#P-0.032258	-0.870968	0.333699	0.547347	0.275234	0.694069
#P0.032258	-0.870968	0.333699	0.517170	0.289282	0.709157
#P0.096774	-0.870968	0.301946	0.486993	0.303330	0.724246
#P0.161290	-0.870968	0.243586	0.456816	0.317378	0.739334
#P0.225806	-0.870968	0.168079	0.426639	0.331426	0.754422
#P0.290323	-0.870968	0.087663	0.396462	0.345473	0.769511
#P0.354839	-0.870968	0.015372	0.366285	0.359521	0.784599
#P0.419355	-0.870968	-0.037076	0.336108	0.373569	0.799688
#P0.483871	-0.870968	-0.061180	0.305931	0.387617	0.814776
#P0.548387	-0.870968	-0.053034	0.275754	0.401665	0.829865
#P0.612903	-0.870968	-0.013958	0.245578	0.415713	0.844953
#P0.677419	-0.870968	0.049715	0.215401	0.429761	0.860042
#P0.741935	-0.870968	0.127664	0.185224	0.443809	0.875130
#P0.806452	-0.870968	0.207254	0.155047	0.457856	0.890219
#P0.870968	-0.870968	0.275587	0.124870	0.471904	0.905307
#P0.935484	-0.870968	0.321585	0.094693	0.485952	0.920395
#P1.000000	-0.870968	0.337793	0.064516	0.500000	0.935484
#P-1.000000	-0.806452	0.269461	1.000000	0.096774	0.451613
#P-0.935484	-0.806452	0.253253	0.970864	0.109781	0.466181
#P-0.870968	-0.806452	0.207254	0.941727	0.122789	0.480749
#P-0.806452	-0.806452	0.138922	0.912591	0.135796	0.495317
#P-0.741935	-0.806452	0.059331	0.883455	0.148803	0.509886
#P-0.677419	-0.806452	-0.018618	0.854318	0.161811	0.524454
#P-0.612903	-0.806452	-0.082291	0.825182	0.174818	0.539022
#P-0.548387	-0.806452	-0.121367	0.796046	0.187825	0.553590
#P-0.483871	-0.806452	-0.129513	0.766909	0.200832	0.568158
#P-0.419355	-0.806452	-0.105408	0.737773	0.213840	0.582726
#P-0.354839	-0.806452	-0.052960	0.708637	0.226847	0.597294
#P-0.290323	-0.806452	0.019331	0.679501	0.239854	0.611863
#P-0.225806	-0.806452	0.099747	0.650364	0.252862	0.626431
#P-0.161290	-0.806452	0.175254	0.621228	0.265869	0.640999
#P-0.096774	-0.806452	0.233614	0.592092	0.278876	0.655567
#P-0.032258	-0.806452	0.265367	0.562955	0.291883	0.670135
#P0.032258	-0.806452	0.265367	0.533819	0.304891	0.684703
#P0.096774	-0.806452	0.233614	0.504683	0.317898	0.699272
#P0.161290	-0.806452	0.175254	0.475546	0.330905	0.713840
#P0.225806	-0.806452	0.099747	0.446410	0.343913	0.728408
#P0.290323	-0.806452	0.019331	0.417274	0.356920	0.742976
#P0.354839	-0.806452	-0.052960	0.388137	0.369927	0.757544
#P0.419355	-0.806452	-0.105408	0.359001	0.382934	0.772112
#P0.483871	-0.806452	-0.129513	0.329865	0.395942	0.786681
#P0.548387	-0.806452	-0.121367	0.300728	0.408949	0.801249
#P0.612903	-0.806452	-0.082291	0.271592	0.421956	0.815817
#P0.677419	-0.806452	-0.018618	0.242456	0.434964	0.830385
#P0.741935	-0.806452	0.059331	0.213319	0.447971	0.844953
#P0.806452	-0.806452	0.138922	0.184183	0.460978	0.859521
#P0.870968	-0.806452	0.207254	0.155047	0.473985	0.874089
#P0.935484	-0.806452	0.253253	0.125911	0.486993	0.888658
#P1.000000	-0.806452	0.269461	0.096774	0.500000	0.903226
#P-1.000000	-0.741935	0.189870	1.000000	0.129032	0.435484
#P-0.935484	-0.741935	0.173662	0.971904	0.140999	0.449532
#P-0.870968	-0.741935	0.127664	0.943809	0.152966	0.463580
#P-0.806452	-0.741935	0.059331	0.915713	0.164932	0.477627
#P-0.741935	-0.741935	-0.020260	0.887617	0.176899	0.491675
#P-0.677419	-0.741935	-0.098209	0.859521	0.188866	0.505723
#P-0.612903	-0.741935	-0.161881	0.831426	0.200832	0.519771
#P-0.548387	-0.741935	-0.200958	0.803330	0.212799	0.533819
#P-0.483871	-0.741935	-0.209104	0.775234	0.224766	0.547867
#P-0.419355	-0.741935	-0.184999	0.747138	0.236733	0.561915
#P-0.354839	-0.741935	-0.132551	0.719043	0.248699	0.575963
#P-0.290323	-0.741935	-0.060260	0.690947	0.260666	0.590010
#P-0.225806	-0.741935	0.020156	0.662851	0.272633	0.604058
#P-0.161290	-0.741935	0.095663	0.634755	0.284599	0.618106
#P-0.096774	-0.741935	0.154023	0.606660	0.296566	0.632154
#P-0.032258	-0.741935	0.185776	0.578564	0.308533	0.646202
#P0.032258	-0.741935	0.185776	0.550468	0.320499	0.660250
#P0.096774	-0.741935	0.154023	0.522373	0.332466	0.674298
#P0.161290	-0.741935	0.095663	0.494277	0.344433	0.688345
#P0.225806	-0.741935	0.020156	0.466181	0.356400	0.702393
#P0.290323	-0.741935	-0.060260	0.438085	0.368366	0.716441
#P0.354839	-0.741935	-0.132551	0.409990	0.380333	0.730489
#P0.419355	-0.741935	-0.184999	0.381894	0.392300	0.744537
#P0.483871	-0.741935	-0.209104	0.353798	0.404266	0.758585
#P0.548387	-0.741935	-0.200958	0.325702	0.416233	0.772633
#P0.612903	-0.741935	-0.161881	0.297607	0.428200	0.786681
#P0.677419	-0.741935	-0.098209	0.269511	0.440166	0.800728
#P0.741935	-0.741935	-0.020260	0.241415	0.452133	0.814776
#P0.806452	-0.741935	0.059331	0.213319	0.464100	0.828824
#P0.870968	-0.741935	0.127664	0.185224	0.476067	0.842872
#P0.935484	-0.741935	0.173662	0.157128	0.488033	0.856920
#P1.000000	-0.741935	0.189870	0.129032	0.500000	0.870968
#P-1.000000	-0.677419	0.111921	1.000000	0.161290	0.419355
#P-0.935484	-0.677419	0.095713	0.972945	0.172216	0.432882
#P-0.870968	-0.677419	0.049715	0.945890	0.183143	0.446410
#P-0.806452	-0.677419	-0.018618	0.918835	0.194069	0.459938
#P-0.741935	-0.677419	-0.098209	0.891779	0.204995	0.473465
#P-0.677419	-0.677419	-0.176158	0.864724	0.215921	0.486993
#P-0.612903	-0.677419	-0.239830	0.837669	0.226847	0.500520
#P-0.548387	-0.677419	-0.278907	0.810614	0.237773	0.514048
#P-0.483871	-0.677419	-0.287053	0.783559	0.248699	0.527575
#P-0.419355	-0.677419	-0.262948	0.756504	0.259625	0.541103
#P-0.354839	-0.677419	-0.210500	0.729448	0.270552	0.554631
#P-0.290323	-0.677419	-0.138209	0.702393	0.281478	0.568158
#P-0.225806	-0.677419	-0.057793	0.675338	0.292404	0.581686
#P-0.161290	-0.677419	0.017714	0.648283	0.303330	0.595213
#P-0.096774	-0.677419	0.076074	0.621228	0.314256	0.608741
#P-0.032258	-0.677419	0.107827	0.594173	0.325182	0.622268
#P0.032258	-0.677419	0.107827	0.567118	0.336108	0.635796
#P0.096774	-0.677419	0.076074	0.540062	0.347034	0.649324
#P0.161290	-0.677419	0.017714	0.513007	0.357960	0.662851
#P0.225806	-0.677419	-0.057793	0.485952	0.368887	0.676379
#P0.290323	-0.677419	-0.138209	0.458897	0.379813	0.689906
#P0.354839	-0.677419	-0.210500	0.431842	0.390739	0.703434
#P0.419355	-0.677419	-0.262948	0.404787	0.401665	0.716961
#P0.483871	-0.677419	-0.287053	0.377732	0.412591	0.730489
#P0.548387	-0.677419	-0.278907	0.350676	0.423517	0.744017
#P0.612903	-0.677419	-0.239830	0.323621	0.434443	0.757544
#P0.677419	-0.677419	-0.176158	0.296566	0.445369	0.771072
#P0.741935	-0.677419	-0.098209	0.269511	0.456296	0.784599
#P0.806452	-0.677419	-0.018618	0.242456	0.467222	0.798127
#P0.870968	-0.677419	0.049715	0.215401	0.478148	0.811655
#P0.935484	-0.677419	0.095713	0.188345	0.489074	0.825182
#P1.000000	-0.677419	0.111921	0.161290	0.500000	0.838710
#P-1.000000	-0.612903	0.048248	1.000000	0.193548	0.403226
#P-0.935484	-0.612903	0.032040	0.973985	0.203434	0.416233
#P-0.870968	-0.612903	-0.013958	0.947971	0.213319	0.429240
#P-0.806452	-0.612903	-0.082291	0.921956	0.223205	0.442248
#P-0.741935	-0.612903	-0.161881	0.895942	0.233091	0.455255
#P-0.677419	-0.612903	-0.239830	0.869927	0.242976	0.468262
#P-0.612903	-0.612903	-0.303503	0.843913	0.252862	0.481270
#P-0.548387	-0.612903	-0.342579	0.817898	0.262747	0.494277
#P-0.483871	-0.612903	-0.350725	0.791883	0.272633	0.507284
#P-0.419355	-0.612903	-0.326621	0.765869	0.282518	0.520291
#P-0.354839	-0.612903	-0.274173	0.739854	0.292404	0.533299
#P-0.290323	-0.612903	-0.201882	0.713840	0.302289	0.546306
#P-0.225806	-0.612903	-0.121466	0.687825	0.312175	0.559313
#P-0.161290	-0.612903	-0.045959	0.661811	0.322060	0.572320
#P-0.096774	-0.612903	0.012401	0.635796	0.331946	0.585328
#P-0.032258	-0.612903	0.044154	0.609781	0.341831	0.598335
#P0.032258	-0.612903	0.044154	0.583767	0.351717	0.611342
#P0.096774	-0.612903	0.012401	0.557752	0.361602	0.624350
#P0.161290	-0.612903	-0.045959	0.531738	0.371488	0.637357
#P0.225806	-0.612903	-0.121466	0.505723	0.381374	0.650364
#P0.290323	-0.612903	-0.201882	0.479709	0.391259	0.663371
#P0.354839	-0.612903	-0.274173	0.453694	0.401145	0.676379
#P0.419355	-0.612903	-0.326621	0.427680	0.411030	0.689386
#P0.483871	-0.612903	-0.350725	0.401665	0.420916	0.702393
#P0.548387	-0.612903	-0.342579	0.375650	0.430801	0.715401
#P0.612903	-0.612903	-0.303503	0.349636	0.440687	0.728408
#P0.677419	-0.612903	-0.239830	0.323621	0.450572	0.741415
#P0.741935	-0.612903	-0.161881	0.297607	0.460458	0.754422
#P0.806452	-0.612903	-0.082291	0.271592	0.470343	0.767430
#P0.870968	-0.612903	-0.013958	0.245578	0.480229	0.780437
#P0.935484	-0.612903	0.032040	0.219563	0.490114	0.793444
#P1.000000	-0.612903	0.048248	0.193548	0.500000	0.806452
#P-1.000000	-0.548387	0.009172	1.000000	0.225806	0.387097
#P-0.935484	-0.548387	-0.007036	0.975026	0.234651	0.399584
#P-0.870968	-0.548387	-0.053034	0.950052	0.243496	0.412071
#P-0.806452	-0.548387	-0.121367	0.925078	0.252341	0.424558
#P-0.741935	-0.548387	-0.200958	0.900104	0.261186	0.437045
#P-0.677419	-0.548387	-0.278907	0.875130	0.270031	0.449532
#P-0.612903	-0.548387	-0.342579	0.850156	0.278876	0.462019
#P-0.548387	-0.548387	-0.381656	0.825182	0.287721	0.474506
#P-0.483871	-0.548387	-0.389802	0.800208	0.296566	0.486993
#P-0.419355	-0.548387	-0.365697	0.775234	0.305411	0.499480
#P-0.354839	-0.548387	-0.313249	0.750260	0.314256	0.511967
#P-0.290323	-0.548387	-0.240958	0.725286	0.323101	0.524454
#P-0.225806	-0.548387	-0.160542	0.700312	0.331946	0.536941
#P-0.161290	-0.548387	-0.085035	0.675338	0.340791	0.549428
#P-0.096774	-0.548387	-0.026675	0.650364	0.349636	0.561915
#P-0.032258	-0.548387	0.005078	0.625390	0.358481	0.574402
#P0.032258	-0.548387	0.005078	0.600416	0.367326	0.586889
#P0.096774	-0.548387	-0.026675	0.575442	0.376171	0.599376
#P0.161290	-0.548387	-0.085035	0.550468	0.385016	0.611863
#P0.225806	-0.548387	-0.160542	0.525494	0.393861	0.624350
#P0.290323	-0.548387	-0.240958	0.500520	0.402706	0.636837
#P0.354839	-0.548387	-0.313249	0.475546	0.411550	0.649324
#P0.419355	-0.548387	-0.365697	0.450572	0.420395	0.661811
#P0.483871	-0.548387	-0.389802	0.425598	0.429240	0.674298
#P0.548387	-0.548387	-0.381656	0.400624	0.438085	0.686785
#P0.612903	-0.548387	-0.342579	0.375650	0.446930	0.699272
#P0.677419	-0.548387	-0.278907	0.350676	0.455775	0.711759
#P0.741935	-0.548387	-0.200958	0.325702	0.464620	0.724246
#P0.806452	-0.548387	-0.121367	0.300728	0.473465	0.736733
#P0.870968	-0.548387	-0.053034	0.275754	0.482310	0.749220
#P0.935484	-0.548387	-0.007036	0.250780	0.491155	0.761707
#P1.000000	-0.548387	0.009172	0.225806	0.500000	0.774194
#P-1.000000	-0.483871	0.001026	1.000000	0.258065	0.370968
#P-0.935484	-0.483871	-0.015182	0.976067	0.265869	0.382934
#P-0.870968	-0.483871	-0.061180	0.952133	0.273673	0.394901
#P-0.806452	-0.483871	-0.129513	0.928200	0.281478	0.406868
#P-0.741935	-0.483871	-0.209104	0.904266	0.289282	0.418835
#P-0.677419	-0.483871	-0.287053	0.880333	0.297086	0.430801
#P-0.612903	-0.483871	-0.350725	0.856400	0.304891	0.442768
#P-0.548387	-0.483871	-0.389802	0.832466	0.312695	0.454735
#P-0.483871	-0.483871	-0.397948	0.808533	0.320499	0.466701
#P-0.419355	-0.483871	-0.373843	0.784599	0.328304	0.478668
#P-0.354839	-0.483871	-0.321395	0.760666	0.336108	0.490635
#P-0.290323	-0.483871	-0.249104	0.736733	0.343913	0.502601
#P-0.225806	-0.483871	-0.168688	0.712799	0.351717	0.514568
#P-0.161290	-0.483871	-0.093181	0.688866	0.359521	0.526535
#P-0.096774	-0.483871	-0.034821	0.664932	0.367326	0.538502
#P-0.032258	-0.483871	-0.003068	0.640999	0.375130	0.550468
#P0.032258	-0.483871	-0.003068	0.617066	0.382934	0.562435
#P0.096774	-0.483871	-0.034821	0.593132	0.390739	0.574402
#P0.161290	-0.483871	-0.093181	0.569199	0.398543	0.586368
#P0.225806	-0.483871	-0.168688	0.545265	0.406348	0.598335
#P0.290323	-0.483871	-0.249104	0.521332	0.414152	0.610302
#P0.354839	-0.483871	-0.321395	0.497399	0.421956	0.622268
#P0.419355	-0.483871	-0.373843	0.473465	0.429761	0.634235
#P0.483871	-0.483871	-0.397948	0.449532	0.437565	0.646202
#P0.548387	-0.483871	-0.389802	0.425598	0.445369	0.658169
#P0.612903	-0.483871	-0.350725	0.401665	0.453174	0.670135
#P0.677419	-0.483871	-0.287053	0.377732	0.460978	0.682102
#P0.741935	-0.483871	-0.209104	0.353798	0.468783	0.694069
#P0.806452	-0.483871	-0.129513	0.329865	0.476587	0.706035
#P0.870968	-0.483871	-0.061180	0.305931	0.484391	0.718002
#P0.935484	-0.483871	-0.015182	0.281998	0.492196	0.729969
#P1.000000	-0.483871	0.001026	0.258065	0.500000	0.741935
#P-1.000000	-0.419355	0.025131	1.000000	0.290323	0.354839
#P-0.935484	-0.419355	0.008922	0.977107	0.297086	0.366285
#P-0.870968	-0.419355	-0.037076	0.954214	0.303850	0.377732
#P-0.806452	-0.419355	-0.105408	0.931322	0.310614	0.389178
#P-0.741935	-0.419355	-0.184999	0.908429	0.317378	0.400624
#P-0.677419	-0.419355	-0.262948	0.885536	0.324142	0.412071
#P-0.612903	-0.419355	-0.326621	0.862643	0.330905	0.423517
#P-0.548387	-0.419355	-0.365697	0.839750	0.337669	0.434964
#P-0.483871	-0.419355	-0.373843	0.816857	0.344433	0.446410
#P-0.419355	-0.419355	-0.349739	0.793965	0.351197	0.457856
#P-0.354839	-0.419355	-0.297291	0.771072	0.357960	0.469303
#P-0.290323	-0.419355	-0.225000	0.748179	0.364724	0.480749
#P-0.225806	-0.419355	-0.144584	0.725286	0.371488	0.492196
#P-0.161290	-0.419355	-0.069077	0.702393	0.378252	0.503642
#P-0.096774	-0.419355	-0.010717	0.679501	0.385016	0.515088
#P-0.032258	-0.419355	0.021037	0.656608	0.391779	0.526535
#P0.032258	-0.419355	0.021037	0.633715	0.398543	0.537981
#P0.096774	-0.419355	-0.010717	0.610822	0.405307	0.549428
#P0.161290	-0.419355	-0.069077	0.587929	0.412071	0.560874
#P0.225806	-0.419355	-0.144584	0.565036	0.418835	0.572320
#P0.290323	-0.419355	-0.225000	0.542144	0.425598	0.583767
#P0.354839	-0.419355	-0.297291	0.519251	0.432362	0.595213
#P0.419355	-0.419355	-0.349739	0.496358	0.439126	0.606660
#P0.483871	-0.419355	-0.373843	0.473465	0.445890	0.618106
#P0.548387	-0.419355	-0.365697	0.450572	0.452653	0.629553
#P0.612903	-0.419355	-0.326621	0.427680	0.459417	0.640999
#P0.677419	-0.419355	-0.262948	0.404787	0.466181	0.652445
#P0.741935	-0.419355	-0.184999	0.381894	0.472945	0.663892
#P0.806452	-0.419355	-0.105408	0.359001	0.479709	0.675338
#P0.870968	-0.419355	-0.037076	0.336108	0.486472	0.686785
#P0.935484	-0.419355	0.008922	0.313215	0.493236	0.698231
#P1.000000	-0.419355	0.025131	0.290323	0.500000	0.709677
#P-1.000000	-0.354839	0.077579	1.000000	0.322581	0.338710
#P-0.935484	-0.354839	0.061370	0.978148	0.328304	0.349636
#P-0.870968	-0.354839	0.015372	0.956296	0.334027	0.360562
#P-0.806452	-0.354839	-0.052960	0.934443	0.339750	0.371488
#P-0.741935	-0.354839	-0.132551	0.912591	0.345473	0.382414
#P-0.677419	-0.354839	-0.210500	0.890739	0.351197	0.393340
#P-0.612903	-0.354839	-0.274173	0.868887	0.356920	0.404266
#P-0.548387	-0.354839	-0.313249	0.847034	0.362643	0.415193
#P-0.483871	-0.354839	-0.321395	0.825182	0.368366	0.426119
#P-0.419355	-0.354839	-0.297291	0.803330	0.374089	0.437045
#P-0.354839	-0.354839	-0.244842	0.781478	0.379813	0.447971
#P-0.290323	-0.354839	-0.172552	0.759625	0.385536	0.458897
#P-0.225806	-0.354839	-0.092136	0.737773	0.391259	0.469823
#P-0.161290	-0.354839	-0.016628	0.715921	0.396982	0.480749
#P-0.096774	-0.354839	0.041731	0.694069	0.402706	0.491675
#P-0.032258	-0.354839	0.073485	0.672216	0.408429	0.502601
#P0.032258	-0.354839	0.073485	0.650364	0.414152	0.513528
#P0.096774	-0.354839	0.041731	0.628512	0.419875	0.524454
#P0.161290	-0.354839	-0.016628	0.606660	0.425598	0.535380
#P0.225806	-0.354839	-0.092136	0.584807	0.431322	0.546306
#P0.290323	-0.354839	-0.172552	0.562955	0.437045	0.557232
#P0.354839	-0.354839	-0.244842	0.541103	0.442768	0.568158
#P0.419355	-0.354839	-0.297291	0.519251	0.448491	0.579084
#P0.483871	-0.354839	-0.321395	0.497399	0.454214	0.590010
#P0.548387	-0.354839	-0.313249	0.475546	0.459938	0.600937
#P0.612903	-0.354839	-0.274173	0.453694	0.465661	0.611863
#P0.677419	-0.354839	-0.210500	0.431842	0.471384	0.622789
#P0.741935	-0.354839	-0.132551	0.409990	0.477107	0.633715
#P0.806452	-0.354839	-0.052960	0.388137	0.482830	0.644641
#P0.870968	-0.354839	0.015372	0.366285	0.488554	0.655567
#P0.935484	-0.354839	0.061370	0.344433	0.494277	0.666493
#P1.000000	-0.354839	0.077579	0.322581	0.500000	0.677419
#P-1.000000	-0.290323	0.149869	1.000000	0.354839	0.322581
#P-0.935484	-0.290323	0.133661	0.979188	0.359521	0.332986
#P-0.870968	-0.290323	0.087663	0.958377	0.364204	0.343392
#P-0.806452	-0.290323	0.019331	0.937565	0.368887	0.353798
#P-0.741935	-0.290323	-0.060260	0.916753	0.373569	0.364204
#P-0.677419	-0.290323	-0.138209	0.895942	0.378252	0.374610
#P-0.612903	-0.290323	-0.201882	0.875130	0.382934	0.385016
#P-0.548387	-0.290323	-0.240958	0.854318	0.387617	0.395421
#P-0.483871	-0.290323	-0.249104	0.833507	0.392300	0.405827
#P-0.419355	-0.290323	-0.225000	0.812695	0.396982	0.416233
#P-0.354839	-0.290323	-0.172552	0.791883	0.401665	0.426639
#P-0.290323	-0.290323	-0.100261	0.771072	0.406348	0.437045
#P-0.225806	-0.290323	-0.019845	0.750260	0.411030	0.447451
#P-0.161290	-0.290323	0.055662	0.729448	0.415713	0.457856
#P-0.096774	-0.290323	0.114022	0.708637	0.420395	0.468262
#P-0.032258	-0.290323	0.145775	0.687825	0.425078	0.478668
#P0.032258	-0.290323	0.145775	0.667014	0.429761	0.489074
#P0.096774	-0.290323	0.114022	0.646202	0.434443	0.499480
#P0.161290	-0.290323	0.055662	0.625390	0.439126	0.509886
#P0.225806	-0.290323	-0.019845	0.604579	0.443809	0.520291
#P0.290323	-0.290323	-0.100261	0.583767	0.448491	0.530697
#P0.354839	-0.290323	-0.172552	0.562955	0.453174	0.541103
#P0.419355	-0.290323	-0.225000	0.542144	0.457856	0.551509
#P0.483871	-0.290323	-0.249104	0.521332	0.462539	0.561915
#P0.548387	-0.290323	-0.240958	0.500520	0.467222	0.572320
#P0.612903	-0.290323	-0.201882	0.479709	0.471904	0.582726
#P0.677419	-0.290323	-0.138209	0.458897	0.476587	0.593132
#P0.741935	-0.290323	-0.060260	0.438085	0.481270	0.603538
#P0.806452	-0.290323	0.019331	0.417274	0.485952	0.613944
#P0.870968	-0.290323	0.087663	0.396462	0.490635	0.624350
#P0.935484	-0.290323	0.133661	0.375650	0.495317	0.634755
#P1.000000	-0.290323	0.149869	0.354839	0.500000	0.645161
#P-1.000000	-0.225806	0.230286	1.000000	0.387097	0.306452
#P-0.935484	-0.225806	0.214077	0.980229	0.390739	0.316337
#P-0.870968	-0.225806	0.168079	0.960458	0.394381	0.326223
#P-0.806452	-0.225806	0.099747	0.940687	0.398023	0.336108
#P-0.741935	-0.225806	0.020156	0.920916	0.401665	0.345994
#P-0.677419	-0.225806	-0.057793	0.901145	0.405307	0.355879
#P-0.612903	-0.225806	-0.121466	0.881374	0.408949	0.365765
#P-0.548387	-0.225806	-0.160542	0.861602	0.412591	0.375650
#P-0.483871	-0.225806	-0.168688	0.841831	0.416233	0.385536
#P-0.419355	-0.225806	-0.144584	0.822060	0.419875	0.395421
#P-0.354839	-0.225806	-0.092136	0.802289	0.423517	0.405307
#P-0.290323	-0.225806	-0.019845	0.782518	0.427159	0.415193
#P-0.225806	-0.225806	0.060571	0.762747	0.430801	0.425078
#P-0.161290	-0.225806	0.136078	0.742976	0.434443	0.434964
#P-0.096774	-0.225806	0.194438	0.723205	0.438085	0.444849
#P-0.032258	-0.225806	0.226192	0.703434	0.441727	0.454735
#P0.032258	-0.225806	0.226192	0.683663	0.445369	0.464620
#P0.096774	-0.225806	0.194438	0.663892	0.449011	0.474506
#P0.161290	-0.225806	0.136078	0.644121	0.452653	0.484391
#P0.225806	-0.225806	0.060571	0.624350	0.456296	0.494277
#P0.290323	-0.225806	-0.019845	0.604579	0.459938	0.504162
#P0.354839	-0.225806	-0.092136	0.584807	0.463580	0.514048
#P0.419355	-0.225806	-0.144584	0.565036	0.467222	0.523933
#P0.483871	-0.225806	-0.168688	0.545265	0.470864	0.533819
#P0.548387	-0.225806	-0.160542	0.525494	0.474506	0.543704
#P0.612903	-0.225806	-0.121466	0.505723	0.478148	0.553590
#P0.677419	-0.225806	-0.057793	0.485952	0.481790	0.563476
#P0.741935	-0.225806	0.020156	0.466181	0.485432	0.573361
#P0.806452	-0.225806	0.099747	0.446410	0.489074	0.583247
#P0.870968	-0.225806	0.168079	0.426639	0.492716	0.593132
#P0.935484	-0.225806	0.214077	0.406868	0.496358	0.603018
#P1.000000	-0.225806	0.230286	0.387097	0.500000	0.612903
#P-1.000000	-0.161290	0.305793	1.000000	0.419355	0.290323
#P-0.935484	-0.161290	0.289584	0.981270	0.421956	0.299688
#P-0.870968	-0.161290	0.243586	0.962539	0.424558	0.309053
#P-0.806452	-0.161290	0.175254	0.943809	0.427159	0.318418
#P-0.741935	-0.161290	0.095663	0.925078	0.429761	0.327784
#P-0.677419	-0.161290	0.017714	0.906348	0.432362	0.337149
#P-0.612903	-0.161290	-0.045959	0.887617	0.434964	0.346514
#P-0.548387	-0.161290	-0.085035	0.868887	0.437565	0.355879
#P-0.483871	-0.161290	-0.093181	0.850156	0.440166	0.365245
#P-0.419355	-0.161290	-0.069077	0.831426	0.442768	0.374610
#P-0.354839	-0.161290	-0.016628	0.812695	0.445369	0.383975
#P-0.290323	-0.161290	0.055662	0.793965	0.447971	0.393340
#P-0.225806	-0.161290	0.136078	0.775234	0.450572	0.402706
#P-0.161290	-0.161290	0.211586	0.756504	0.453174	0.412071
#P-0.096774	-0.161290	0.269945	0.737773	0.455775	0.421436
#P-0.032258	-0.161290	0.301699	0.719043	0.458377	0.430801
#P0.032258	-0.161290	0.301699	0.700312	0.460978	0.440166
#P0.096774	-0.161290	0.269945	0.681582	0.463580	0.449532
#P0.161290	-0.161290	0.211586	0.662851	0.466181	0.458897
#P0.225806	-0.161290	0.136078	0.644121	0.468783	0.468262
#P0.290323	-0.161290	0.055662	0.625390	0.471384	0.477627
#P0.354839	-0.161290	-0.016628	0.606660	0.473985	0.486993
#P0.419355	-0.161290	-0.069077	0.587929	0.476587	0.496358
#P0.483871	-0.161290	-0.093181	0.569199	0.479188	0.505723
#P0.548387	-0.161290	-0.085035	0.550468	0.481790	0.515088
#P0.612903	-0.161290	-0.045959	0.531738	0.484391	0.524454
#P0.677419	-0.161290	0.017714	0.513007	0.486993	0.533819
#P0.741935	-0.161290	0.095663	0.494277	0.489594	0.543184
#P0.806452	-0.161290	0.175254	0.475546	0.492196	0.552549
#P0.870968	-0.161290	0.243586	0.456816	0.494797	0.561915
#P0.935484	-0.161290	0.289584	0.438085	0.497399	0.571280
#P1.000000	-0.161290	0.305793	0.419355	0.500000	0.580645
#P-1.000000	-0.096774	0.364153	1.000000	0.451613	0.274194
#P-0.935484	-0.096774	0.347944	0.982310	0.453174	0.283039
#P-0.870968	-0.096774	0.301946	0.964620	0.454735	0.291883
#P-0.806452	-0.096774	0.233614	0.946930	0.456296	0.300728
#P-0.741935	-0.096774	0.154023	0.929240	0.457856	0.309573
#P-0.677419	-0.096774	0.076074	0.911550	0.459417	0.318418
#P-0.612903	-0.096774	0.012401	0.893861	0.460978	0.327263
#P-0.548387	-0.096774	-0.026675	0.876171	0.462539	0.336108
#P-0.483871	-0.096774	-0.034821	0.858481	0.464100	0.344953
#P-0.419355	-0.096774	-0.010717	0.840791	0.465661	0.353798
#P-0.354839	-0.096774	0.041731	0.823101	0.467222	0.362643
#P-0.290323	-0.096774	0.114022	0.805411	0.468783	0.371488
#P-0.225806	-0.096774	0.194438	0.787721	0.470343	0.380333
#P-0.161290	-0.096774	0.269945	0.770031	0.471904	0.389178
#P-0.096774	-0.096774	0.328305	0.752341	0.473465	0.398023
#P-0.032258	-0.096774	0.360059	0.734651	0.475026	0.406868
#P0.032258	-0.096774	0.360059	0.716961	0.476587	0.415713
#P0.096774	-0.096774	0.328305	0.699272	0.478148	0.424558
#P0.161290	-0.096774	0.269945	0.681582	0.479709	0.433403
#P0.225806	-0.096774	0.194438	0.663892	0.481270	0.442248
#P0.290323	-0.096774	0.114022	0.646202	0.482830	0.451093
#P0.354839	-0.096774	0.041731	0.628512	0.484391	0.459938
#P0.419355	-0.096774	-0.010717	0.610822	0.485952	0.468783
#P0.483871	-0.096774	-0.034821	0.593132	0.487513	0.477627
#P0.548387	-0.096774	-0.026675	0.575442	0.489074	0.486472
#P0.612903	-0.096774	0.012401	0.557752	0.490635	0.495317
#P0.677419	-0.096774	0.076074	0.540062	0.492196	0.504162
#P0.741935	-0.096774	0.154023	0.522373	0.493757	0.513007
#P0.806452	-0.096774	0.233614	0.504683	0.495317	0.521852
#P0.870968	-0.096774	0.301946	0.486993	0.496878	0.530697
#P0.935484	-0.096774	0.347944	0.469303	0.498439	0.539542
#P1.000000	-0.096774	0.364153	0.451613	0.500000	0.548387
#P-1.000000	-0.032258	0.395906	1.000000	0.483871	0.258065
#P-0.935484	-0.032258	0.379698	0.983351	0.484391	0.266389
#P-0.870968	-0.032258	0.333699	0.966701	0.484912	0.274714
#P-0.806452	-0.032258	0.265367	0.950052	0.485432	0.283039
#P-0.741935	-0.032258	0.185776	0.933403	0.485952	0.291363
#P-0.677419	-0.032258	0.107827	0.916753	0.486472	0.299688
#P-0.612903	-0.032258	0.044154	0.900104	0.486993	0.308012
#P-0.548387	-0.032258	0.005078	0.883455	0.487513	0.316337
#P-0.483871	-0.032258	-0.003068	0.866805	0.488033	0.324662
#P-0.419355	-0.032258	0.021037	0.850156	0.488554	0.332986
#P-0.354839	-0.032258	0.073485	0.833507	0.489074	0.341311
#P-0.290323	-0.032258	0.145775	0.816857	0.489594	0.349636
#P-0.225806	-0.032258	0.226192	0.800208	0.490114	0.357960
#P-0.161290	-0.032258	0.301699	0.783559	0.490635	0.366285
#P-0.096774	-0.032258	0.360059	0.766909	0.491155	0.374610
#P-0.032258	-0.032258	0.391812	0.750260	0.491675	0.382934
#P0.032258	-0.032258	0.391812	0.733611	0.492196	0.391259
#P0.096774	-0.032258	0.360059	0.716961	0.492716	0.399584
#P0.161290	-0.032258	0.301699	0.700312	0.493236	0.407908
#P0.225806	-0.032258	0.226192	0.683663	0.493757	0.416233
#P0.290323	-0.032258	0.145775	0.667014	0.494277	0.424558
#P0.354839	-0.032258	0.073485	0.650364	0.494797	0.432882
#P0.419355	-0.032258	0.021037	0.633715	0.495317	0.441207
#P0.483871	-0.032258	-0.003068	0.617066	0.495838	0.449532
#P0.548387	-0.032258	0.005078	0.600416	0.496358	0.457856
#P0.612903	-0.032258	0.044154	0.583767	0.496878	0.466181
#P0.677419	-0.032258	0.107827	0.567118	0.497399	0.474506
#P0.741935	-0.032258	0.185776	0.550468	0.497919	0.482830
#P0.806452	-0.032258	0.265367	0.533819	0.498439	0.491155
#P0.870968	-0.032258	0.333699	0.517170	0.498959	0.499480
#P0.935484	-0.032258	0.379698	0.500520	0.499480	0.507804
#P1.000000	-0.032258	0.395906	0.483871	0.500000	0.516129
#P-1.000000	0.032258	0.395906	1.000000	0.516129	0.241935
#P-0.935484	0.032258	0.379698	0.984391	0.515609	0.249740
#P-0.870968	0.032258	0.333699	0.968783	0.515088	0.257544
#P-0.806452	0.032258	0.265367	0.953174	0.514568	0.265349
#P-0.741935	0.032258	0.185776	0.937565	0.514048	0.273153
#P-0.677419	0.032258	0.107827	0.921956	0.513528	0.280957
#P-0.612903	0.032258	0.044154	0.906348	0.513007	0.288762
#P-0.548387	0.032258	0.005078	0.890739	0.512487	0.296566
#P-0.483871	0.032258	-0.003068	0.875130	0.511967	0.304370
#P-0.419355	0.032258	0.021037	0.859521	0.511446	0.312175
#P-0.354839	0.032258	0.073485	0.843913	0.510926	0.319979
#P-0.290323	0.032258	0.145775	0.828304	0.510406	0.327784
#P-0.225806	0.032258	0.226192	0.812695	0.509886	0.335588
#P-0.161290	0.032258	0.301699	0.797086	0.509365	0.343392
#P-0.096774	0.032258	0.360059	0.781478	0.508845	0.351197
#P-0.032258	0.032258	0.391812	0.765869	0.508325	0.359001
#P0.032258	0.032258	0.391812	0.750260	0.507804	0.366805
#P0.096774	0.032258	0.360059	0.734651	0.507284	0.374610
#P0.161290	0.032258	0.301699	0.719043	0.506764	0.382414
#P0.225806	0.032258	0.226192	0.703434	0.506243	0.390219
#P0.290323	0.032258	0.145775	0.687825	0.505723	0.398023
#P0.354839	0.032258	0.073485	0.672216	0.505203	0.405827
#P0.419355	0.032258	0.021037	0.656608	0.504683	0.413632
#P0.483871	0.032258	-0.003068	0.640999	0.504162	0.421436
#P0.548387	0.032258	0.005078	0.625390	0.503642	0.429240
#P0.612903	0.032258	0.044154	0.609781	0.503122	0.437045
#P0.677419	0.032258	0.107827	0.594173	0.502601	0.444849
#P0.741935	0.032258	0.185776	0.578564	0.502081	0.452653
#P0.806452	0.032258	0.265367	0.562955	0.501561	0.460458
#P0.870968	0.032258	0.333699	0.547347	0.501041	0.468262
#P0.935484	0.032258	0.379698	0.531738	0.500520	0.476067
#P1.000000	0.032258	0.395906	0.516129	0.500000	0.483871
#P-1.000000	0.096774	0.364153	1.000000	0.548387	0.225806
#P-0.935484	0.096774	0.347944	0.985432	0.546826	0.233091
#P-0.870968	0.096774	0.301946	0.970864	0.545265	0.240375
#P-0.806452	0.096774	0.233614	0.956296	0.543704	0.247659
#P-0.741935	0.096774	0.154023	0.941727	0.542144	0.254943
#P-0.677419	0.096774	0.076074	0.927159	0.540583	0.262227
#P-0.612903	0.096774	0.012401	0.912591	0.539022	0.269511
#P-0.548387	0.096774	-0.026675	0.898023	0.537461	0.276795
#P-0.483871	0.096774	-0.034821	0.883455	0.535900	0.284079
#P-0.419355	0.096774	-0.010717	0.868887	0.534339	0.291363
#P-0.354839	0.096774	0.041731	0.854318	0.532778	0.298647
#P-0.290323	0.096774	0.114022	0.839750	0.531217	0.305931
#P-0.225806	0.096774	0.194438	0.825182	0.529657	0.313215
#P-0.161290	0.096774	0.269945	0.810614	0.528096	0.320499
#P-0.096774	0.096774	0.328305	0.796046	0.526535	0.327784
#P-0.032258	0.096774	0.360059	0.781478	0.524974	0.335068
#P0.032258	0.096774	0.360059	0.766909	0.523413	0.342352
#P0.096774	0.096774	0.328305	0.752341	0.521852	0.349636
#P0.161290	0.096774	0.269945	0.737773	0.520291	0.356920
#P0.225806	0.096774	0.194438	0.723205	0.518730	0.364204
#P0.290323	0.096774	0.114022	0.708637	0.517170	0.371488
#P0.354839	0.096774	0.041731	0.694069	0.515609	0.378772
#P0.419355	0.096774	-0.010717	0.679501	0.514048	0.386056
#P0.483871	0.096774	-0.034821	0.664932	0.512487	0.393340
#P0.548387	0.096774	-0.026675	0.650364	0.510926	0.400624
#P0.612903	0.096774	0.012401	0.635796	0.509365	0.407908
#P0.677419	0.096774	0.076074	0.621228	0.507804	0.415193
#P0.741935	0.096774	0.154023	0.606660	0.506243	0.422477
#P0.806452	0.096774	0.233614	0.592092	0.504683	0.429761
#P0.870968	0.096774	0.301946	0.577523	0.503122	0.437045
#P0.935484	0.096774	0.347944	0.562955	0.501561	0.444329
#P1.000000	0.096774	0.364153	0.548387	0.500000	0.451613
#P-1.000000	0.161290	0.305793	1.000000	0.580645	0.209677
#P-0.935484	0.161290	0.289584	0.986472	0.578044	0.216441
#P-0.870968	0.161290	0.243586	0.972945	0.575442	0.223205
#P-0.806452	0.161290	0.175254	0.959417	0.572841	0.229969
#P-0.741935	0.161290	0.095663	0.945890	0.570239	0.236733
#P-0.677419	0.161290	0.017714	0.932362	0.567638	0.243496
#P-0.612903	0.161290	-0.045959	0.918835	0.565036	0.250260
#P-0.548387	0.161290	-0.085035	0.905307	0.562435	0.257024
#P-0.483871	0.161290	-0.093181	0.891779	0.559834	0.263788
#P-0.419355	0.161290	-0.069077	0.878252	0.557232	0.270552
#P-0.354839	0.161290	-0.016628	0.864724	0.554631	0.277315
#P-0.290323	0.161290	0.055662	0.851197	0.552029	0.284079
#P-0.225806	0.161290	0.136078	0.837669	0.549428	0.290843
#P-0.161290	0.161290	0.211586	0.824142	0.546826	0.297607
#P-0.096774	0.161290	0.269945	0.810614	0.544225	0.304370
#P-0.032258	0.161290	0.301699	0.797086	0.541623	0.311134
#P0.032258	0.161290	0.301699	0.783559	0.539022	0.317898
#P0.096774	0.161290	0.269945	0.770031	0.536420	0.324662
#P0.161290	0.161290	0.211586	0.756504	0.533819	0.331426
#P0.225806	0.161290	0.136078	0.742976	0.531217	0.338189
#P0.290323	0.161290	0.055662	0.729448	0.528616	0.344953
#P0.354839	0.161290	-0.016628	0.715921	0.526015	0.351717
#P0.419355	0.161290	-0.069077	0.702393	0.523413	0.358481
#P0.483871	0.161290	-0.093181	0.688866	0.520812	0.365245
#P0.548387	0.161290	-0.085035	0.675338	0.518210	0.372008
#P0.612903	0.161290	-0.045959	0.661811	0.515609	0.378772
#P0.677419	0.161290	0.017714	0.648283	0.513007	0.385536
#P0.741935	0.161290	0.095663	0.634755	0.510406	0.392300
#P0.806452	0.161290	0.175254	0.621228	0.507804	0.399063
#P0.870968	0.161290	0.243586	0.607700	0.505203	0.405827
#P0.935484	0.161290	0.289584	0.594173	0.502601	0.412591
#P1.000000	0.161290	0.305793	0.580645	0.500000	0.419355
#P-1.000000	0.225806	0.230286	1.000000	0.612903	0.193548
#P-0.935484	0.225806	0.214077	0.987513	0.609261	0.199792
#P-0.870968	0.225806	0.168079	0.975026	0.605619	0.206035
#P-0.806452	0.225806	0.099747	0.962539	0.601977	0.212279
#P-0.741935	0.225806	0.020156	0.950052	0.598335	0.218522
#P-0.677419	0.225806	-0.057793	0.937565	0.594693	0.224766
#P-0.612903	0.225806	-0.121466	0.925078	0.591051	0.231009
#P-0.548387	0.225806	-0.160542	0.912591	0.587409	0.237253
#P-0.483871	0.225806	-0.168688	0.900104	0.583767	0.243496
#P-0.419355	0.225806	-0.144584	0.887617	0.580125	0.249740
#P-0.354839	0.225806	-0.092136	0.875130	0.576483	0.255983
#P-0.290323	0.225806	-0.019845	0.862643	0.572841	0.262227
#P-0.225806	0.225806	0.060571	0.850156	0.569199	0.268470
#P-0.161290	0.225806	0.136078	0.837669	0.565557	0.274714
#P-0.096774	0.225806	0.194438	0.825182	0.561915	0.280957
#P-0.032258	0.225806	0.226192	0.812695	0.558273	0.287201
#P0.032258	0.225806	0.226192	0.800208	0.554631	0.293444
#P0.096774	0.225806	0.194438	0.787721	0.550989	0.299688
#P0.161290	0.225806	0.136078	0.775234	0.547347	0.305931
#P0.225806	0.225806	0.060571	0.762747	0.543704	0.312175
#P0.290323	0.225806	-0.019845	0.750260	0.540062	0.318418
#P0.354839	0.225806	-0.092136	0.737773	0.536420	0.324662
#P0.419355	0.225806	-0.144584	0.725286	0.532778	0.330905
#P0.483871	0.225806	-0.168688	0.712799	0.529136	0.337149
#P0.548387	0.225806	-0.160542	0.700312	0.525494	0.343392
#P0.612903	0.225806	-0.121466	0.687825	0.521852	0.349636
#P0.677419	0.225806	-0.057793	0.675338	0.518210	0.355879
#P0.741935	0.225806	0.020156	0.662851	0.514568	0.362123
#P0.806452	0.225806	0.099747	0.650364	0.510926	0.368366
#P0.870968	0.225806	0.168079	0.637877	0.507284	0.374610
#P0.935484	0.225806	0.214077	0.625390	0.503642	0.380853
#P1.000000	0.225806	0.230286	0.612903	0.500000	0.387097
#P-1.000000	0.290323	0.149869	1.000000	0.645161	0.177419
#P-0.935484	0.290323	0.133661	0.988554	0.640479	0.183143
#P-0.870968	0.290323	0.087663	0.977107	0.635796	0.188866
#P-0.806452	0.290323	0.019331	0.965661	0.631113	0.194589
#P-0.741935	0.290323	-0.060260	0.954214	0.626431	0.200312
#P-0.677419	0.290323	-0.138209	0.942768	0.621748	0.206035
#P-0.612903	0.290323	-0.201882	0.931322	0.617066	0.211759
#P-0.548387	0.290323	-0.240958	0.919875	0.612383	0.217482
#P-0.483871	0.290323	-0.249104	0.908429	0.607700	0.223205
#P-0.419355	0.290323	-0.225000	0.896982	0.603018	0.228928
#P-0.354839	0.290323	-0.172552	0.885536	0.598335	0.234651
#P-0.290323	0.290323	-0.100261	0.874089	0.593652	0.240375
#P-0.225806	0.290323	-0.019845	0.862643	0.588970	0.246098
#P-0.161290	0.290323	0.055662	0.851197	0.584287	0.251821
#P-0.096774	0.290323	0.114022	0.839750	0.579605	0.257544
#P-0.032258	0.290323	0.145775	0.828304	0.574922	0.263267
#P0.032258	0.290323	0.145775	0.816857	0.570239	0.268991
#P0.096774	0.290323	0.114022	0.805411	0.565557	0.274714
#P0.161290	0.290323	0.055662	0.793965	0.560874	0.280437
#P0.225806	0.290323	-0.019845	0.782518	0.556191	0.286160
#P0.290323	0.290323	-0.100261	0.771072	0.551509	0.291883
#P0.354839	0.290323	-0.172552	0.759625	0.546826	0.297607
#P0.419355	0.290323	-0.225000	0.748179	0.542144	0.303330
#P0.483871	0.290323	-0.249104	0.736733	0.537461	0.309053
#P0.548387	0.290323	-0.240958	0.725286	0.532778	0.314776
#P0.612903	0.290323	-0.201882	0.713840	0.528096	0.320499
#P0.677419	0.290323	-0.138209	0.702393	0.523413	0.326223
#P0.741935	0.290323	-0.060260	0.690947	0.518730	0.331946
#P0.806452	0.290323	0.019331	0.679501	0.514048	0.337669
#P0.870968	0.290323	0.087663	0.668054	0.509365	0.343392
#P0.935484	0.290323	0.133661	0.656608	0.504683	0.349116
#P1.000000	0.290323	0.149869	0.645161	0.500000	0.354839
#P-1.000000	0.354839	0.077579	1.000000	0.677419	0.161290
#P-0.935484	0.354839	0.061370	0.989594	0.671696	0.166493
#P-0.870968	0.354839	0.015372	0.979188	0.665973	0.171696
#P-0.806452	0.354839	-0.052960	0.968783	0.660250	0.176899
#P-0.741935	0.354839	-0.132551	0.958377	0.654527	0.182102
#P-0.677419	0.354839	-0.210500	0.947971	0.648803	0.187305
#P-0.612903	0.354839	-0.274173	0.937565	0.643080	0.192508
#P-0.548387	0.354839	-0.313249	0.927159	0.637357	0.197711
#P-0.483871	0.354839	-0.321395	0.916753	0.631634	0.202914
#P-0.419355	0.354839	-0.297291	0.906348	0.625911	0.208117
#P-0.354839	0.354839	-0.244842	0.895942	0.620187	0.213319
#P-0.290323	0.354839	-0.172552	0.885536	0.614464	0.218522
#P-0.225806	0.354839	-0.092136	0.875130	0.608741	0.223725
#P-0.161290	0.354839	-0.016628	0.864724	0.603018	0.228928
#P-0.096774	0.354839	0.041731	0.854318	0.597294	0.234131
#P-0.032258	0.354839	0.073485	0.843913	0.591571	0.239334
#P0.032258	0.354839	0.073485	0.833507	0.585848	0.244537
#P0.096774	0.354839	0.041731	0.823101	0.580125	0.249740
#P0.161290	0.354839	-0.016628	0.812695	0.574402	0.254943
#P0.225806	0.354839	-0.092136	0.802289	0.568678	0.260146
#P0.290323	0.354839	-0.172552	0.791883	0.562955	0.265349
#P0.354839	0.354839	-0.244842	0.781478	0.557232	0.270552
#P0.419355	0.354839	-0.297291	0.771072	0.551509	0.275754
#P0.483871	0.354839	-0.321395	0.760666	0.545786	0.280957
#P0.548387	0.354839	-0.313249	0.750260	0.540062	0.286160
#P0.612903	0.354839	-0.274173	0.739854	0.534339	0.291363
#P0.677419	0.354839	-0.210500	0.729448	0.528616	0.296566
#P0.741935	0.354839	-0.132551	0.719043	0.522893	0.301769
#P0.806452	0.354839	-0.052960	0.708637	0.517170	0.306972
#P0.870968	0.354839	0.015372	0.698231	0.511446	0.312175
#P0.935484	0.354839	0.061370	0.687825	0.505723	0.317378
#P1.000000	0.354839	0.077579	0.677419	0.500000	0.322581
#P-1.000000	0.419355	0.025131	1.000000	0.709677	0.145161
#P-0.935484	0.419355	0.008922	0.990635	0.702914	0.149844
#P-0.870968	0.419355	-0.037076	0.981270	0.696150	0.154527
#P-0.806452	0.419355	-0.105408	0.971904	0.689386	0.159209
#P-0.741935	0.419355	-0.184999	0.962539	0.682622	0.163892
#P-0.677419	0.419355	-0.262948	0.953174	0.675858	0.168574
#P-0.612903	0.419355	-0.326621	0.943809	0.669095	0.173257
#P-0.548387	0.419355	-0.365697	0.934443	0.662331	0.177940
#P-0.483871	0.419355	-0.373843	0.925078	0.655567	0.182622
#P-0.419355	0.419355	-0.349739	0.915713	0.648803	0.187305
#P-0.354839	0.419355	-0.297291	0.906348	0.642040	0.191988
#P-0.290323	0.419355	-0.225000	0.896982	0.635276	0.196670
#P-0.225806	0.419355	-0.144584	0.887617	0.628512	0.201353
#P-0.161290	0.419355	-0.069077	0.878252	0.621748	0.206035
#P-0.096774	0.419355	-0.010717	0.868887	0.614984	0.210718
#P-0.032258	0.419355	0.021037	0.859521	0.608221	0.215401
#P0.032258	0.419355	0.021037	0.850156	0.601457	0.220083
#P0.096774	0.419355	-0.010717	0.840791	0.594693	0.224766
#P0.161290	0.419355	-0.069077	0.831426	0.587929	0.229448
#P0.225806	0.419355	-0.144584	0.822060	0.581165	0.234131
#P0.290323	0.419355	-0.225000	0.812695	0.574402	0.238814
#P0.354839	0.419355	-0.297291	0.803330	0.567638	0.243496
#P0.419355	0.419355	-0.349739	0.793965	0.560874	0.248179
#P0.483871	0.419355	-0.373843	0.784599	0.554110	0.252862
#P0.548387	0.419355	-0.365697	0.775234	0.547347	0.257544
#P0.612903	0.419355	-0.326621	0.765869	0.540583	0.262227
#P0.677419	0.419355	-0.262948	0.756504	0.533819	0.266909
#P0.741935	0.419355	-0.184999	0.747138	0.527055	0.271592
#P0.806452	0.419355	-0.105408	0.737773	0.520291	0.276275
#P0.870968	0.419355	-0.037076	0.728408	0.513528	0.280957
#P0.935484	0.419355	0.008922	0.719043	0.506764	0.285640
#P1.000000	0.419355	0.025131	0.709677	0.500000	0.290323
#P-1.000000	0.483871	0.001026	1.000000	0.741935	0.129032
#P-0.935484	0.483871	-0.015182	0.991675	0.734131	0.133195
#P-0.870968	0.483871	-0.061180	0.983351	0.726327	0.137357
#P-0.806452	0.483871	-0.129513	0.975026	0.718522	0.141519
#P-0.741935	0.483871	-0.209104	0.966701	0.710718	0.145682
#P-0.677419	0.483871	-0.287053	0.958377	0.702914	0.149844
#P-0.612903	0.483871	-0.350725	0.950052	0.695109	0.154006
#P-0.548387	0.483871	-0.389802	0.941727	0.687305	0.158169
#P-0.483871	0.483871	-0.397948	0.933403	0.679501	0.162331
#P-0.419355	0.483871	-0.373843	0.925078	0.671696	0.166493
#P-0.354839	0.483871	-0.321395	0.916753	0.663892	0.170656
#P-0.290323	0.483871	-0.249104	0.908429	0.656087	0.174818
#P-0.225806	0.483871	-0.168688	0.900104	0.648283	0.178980
#P-0.161290	0.483871	-0.093181	0.891779	0.640479	0.183143
#P-0.096774	0.483871	-0.034821	0.883455	0.632674	0.187305
#P-0.032258	0.483871	-0.003068	0.875130	0.624870	0.191467
#P0.032258	0.483871	-0.003068	0.866805	0.617066	0.195630
#P0.096774	0.483871	-0.034821	0.858481	0.609261	0.199792
#P0.161290	0.483871	-0.093181	0.850156	0.601457	0.203954
#P0.225806	0.483871	-0.168688	0.841831	0.593652	0.208117
#P0.290323	0.483871	-0.249104	0.833507	0.585848	0.212279
#P0.354839	0.483871	-0.321395	0.825182	0.578044	0.216441
#P0.419355	0.483871	-0.373843	0.816857	0.570239	0.220604
#P0.483871	0.483871	-0.397948	0.808533	0.562435	0.224766
#P0.548387	0.483871	-0.389802	0.800208	0.554631	0.228928
#P0.612903	0.483871	-0.350725	0.791883	0.546826	0.233091
#P0.677419	0.483871	-0.287053	0.783559	0.539022	0.237253
#P0.741935	0.483871	-0.209104	0.775234	0.531217	0.241415
#P0.806452	0.483871	-0.129513	0.766909	0.523413	0.245578
#P0.870968	0.483871	-0.061180	0.758585	0.515609	0.249740
#P0.935484	0.483871	-0.015182	0.750260	0.507804	0.253902
#P1.000000	0.483871	0.001026	0.741935	0.500000	0.258065
#P-1.000000	0.548387	0.009172	1.000000	0.774194	0.112903
#P-0.935484	0.548387	-0.007036	0.992716	0.765349	0.116545
#P-0.870968	0.548387	-0.053034	0.985432	0.756504	0.120187
#P-0.806452	0.548387	-0.121367	0.978148	0.747659	0.123829
#P-0.741935	0.548387	-0.200958	0.970864	0.738814	0.127471
#P-0.677419	0.548387	-0.278907	0.963580	0.729969	0.131113
#P-0.612903	0.548387	-0.342579	0.956296	0.721124	0.134755
#P-0.548387	0.548387	-0.381656	0.949011	0.712279	0.138398
#P-0.483871	0.548387	-0.389802	0.941727	0.703434	0.142040
#P-0.419355	0.548387	-0.365697	0.934443	0.694589	0.145682
#P-0.354839	0.548387	-0.313249	0.927159	0.685744	0.149324
#P-0.290323	0.548387	-0.240958	0.919875	0.676899	0.152966
#P-0.225806	0.548387	-0.160542	0.912591	0.668054	0.156608
#P-0.161290	0.548387	-0.085035	0.905307	0.659209	0.160250
#P-0.096774	0.548387	-0.026675	0.898023	0.650364	0.163892
#P-0.032258	0.548387	0.005078	0.890739	0.641519	0.167534
#P0.032258	0.548387	0.005078	0.883455	0.632674	0.171176
#P0.096774	0.548387	-0.026675	0.876171	0.623829	0.174818
#P0.161290	0.548387	-0.085035	0.868887	0.614984	0.178460
#P0.225806	0.548387	-0.160542	0.861602	0.606139	0.182102
#P0.290323	0.548387	-0.240958	0.854318	0.597294	0.185744
#P0.354839	0.548387	-0.313249	0.847034	0.588450	0.189386
#P0.419355	0.548387	-0.365697	0.839750	0.579605	0.193028
#P0.483871	0.548387	-0.389802	0.832466	0.570760	0.196670
#P0.548387	0.548387	-0.381656	0.825182	0.561915	0.200312
#P0.612903	0.548387	-0.342579	0.817898	0.553070	0.203954
#P0.677419	0.548387	-0.278907	0.810614	0.544225	0.207596
#P0.741935	0.548387	-0.200958	0.803330	0.535380	0.211238
#P0.806452	0.548387	-0.121367	0.796046	0.526535	0.214880
#P0.870968	0.548387	-0.053034	0.788762	0.517690	0.218522
#P0.935484	0.548387	-0.007036	0.781478	0.508845	0.222164
#P1.000000	0.548387	0.009172	0.774194	0.500000	0.225806
#P-1.000000	0.612903	0.048248	1.000000	0.806452	0.096774
#P-0.935484	0.612903	0.032040	0.993757	0.796566	0.099896
#P-0.870968	0.612903	-0.013958	0.987513	0.786681	0.103018
#P-0.806452	0.612903	-0.082291	0.981270	0.776795	0.106139
#P-0.741935	0.612903	-0.161881	0.975026	0.766909	0.109261
#P-0.677419	0.612903	-0.239830	0.968783	0.757024	0.112383
#P-0.612903	0.612903	-0.303503	0.962539	0.747138	0.115505
#P-0.548387	0.612903	-0.342579	0.956296	0.737253	0.118626
#P-0.483871	0.612903	-0.350725	0.950052	0.727367	0.121748
#P-0.419355	0.612903	-0.326621	0.943809	0.717482	0.124870
#P-0.354839	0.612903	-0.274173	0.937565	0.707596	0.127992
#P-0.290323	0.612903	-0.201882	0.931322	0.697711	0.131113
#P-0.225806	0.612903	-0.121466	0.925078	0.687825	0.134235
#P-0.161290	0.612903	-0.045959	0.918835	0.677940	0.137357
#P-0.096774	0.612903	0.012401	0.912591	0.668054	0.140479
#P-0.032258	0.612903	0.044154	0.906348	0.658169	0.143600
#P0.032258	0.612903	0.044154	0.900104	0.648283	0.146722
#P0.096774	0.612903	0.012401	0.893861	0.638398	0.149844
#P0.161290	0.612903	-0.045959	0.887617	0.628512	0.152966
#P0.225806	0.612903	-0.121466	0.881374	0.618626	0.156087
#P0.290323	0.612903	-0.201882	0.875130	0.608741	0.159209
#P0.354839	0.612903	-0.274173	0.868887	0.598855	0.162331
#P0.419355	0.612903	-0.326621	0.862643	0.588970	0.165453
#P0.483871	0.612903	-0.350725	0.856400	0.579084	0.168574
#P0.548387	0.612903	-0.342579	0.850156	0.569199	0.171696
#P0.612903	0.612903	-0.303503	0.843913	0.559313	0.174818
#P0.677419	0.612903	-0.239830	0.837669	0.549428	0.177940
#P0.741935	0.612903	-0.161881	0.831426	0.539542	0.181061
#P0.806452	0.612903	-0.082291	0.825182	0.529657	0.184183
#P0.870968	0.612903	-0.013958	0.818939	0.519771	0.187305
#P0.935484	0.612903	0.032040	0.812695	0.509886	0.190427
#P1.000000	0.612903	0.048248	0.806452	0.500000	0.193548
#P-1.000000	0.677419	0.111921	1.000000	0.838710	0.080645
#P-0.935484	0.677419	0.095713	0.994797	0.827784	0.083247
#P-0.870968	0.677419	0.049715	0.989594	0.816857	0.085848
#P-0.806452	0.677419	-0.018618	0.984391	0.805931	0.088450
#P-0.741935	0.677419	-0.098209	0.979188	0.795005	0.091051
#P-0.677419	0.677419	-0.176158	0.973985	0.784079	0.093652
#P-0.612903	0.677419	-0.239830	0.968783	0.773153	0.096254
#P-0.548387	0.677419	-0.278907	0.963580	0.762227	0.098855
#P-0.483871	0.677419	-0.287053	0.958377	0.751301	0.101457
#P-0.419355	0.677419	-0.262948	0.953174	0.740375	0.104058
#P-0.354839	0.677419	-0.210500	0.947971	0.729448	0.106660
#P-0.290323	0.677419	-0.138209	0.942768	0.718522	0.109261
#P-0.225806	0.677419	-0.057793	0.937565	0.707596	0.111863
#P-0.161290	0.677419	0.017714	0.932362	0.696670	0.114464
#P-0.096774	0.677419	0.076074	0.927159	0.685744	0.117066
#P-0.032258	0.677419	0.107827	0.921956	0.674818	0.119667
#P0.032258	0.677419	0.107827	0.916753	0.663892	0.122268
#P0.096774	0.677419	0.076074	0.911550	0.652966	0.124870
#P0.161290	0.677419	0.017714	0.906348	0.642040	0.127471
#P0.225806	0.677419	-0.057793	0.901145	0.631113	0.130073
#P0.290323	0.677419	-0.138209	0.895942	0.620187	0.132674
#P0.354839	0.677419	-0.210500	0.890739	0.609261	0.135276
#P0.419355	0.677419	-0.262948	0.885536	0.598335	0.137877
#P0.483871	0.677419	-0.287053	0.880333	0.587409	0.140479
#P0.548387	0.677419	-0.278907	0.875130	0.576483	0.143080
#P0.612903	0.677419	-0.239830	0.869927	0.565557	0.145682
#P0.677419	0.677419	-0.176158	0.864724	0.554631	0.148283
#P0.741935	0.677419	-0.098209	0.859521	0.543704	0.150884
#P0.806452	0.677419	-0.018618	0.854318	0.532778	0.153486
#P0.870968	0.677419	0.049715	0.849116	0.521852	0.156087
#P0.935484	0.677419	0.095713	0.843913	0.510926	0.158689
#P1.000000	0.677419	0.111921	0.838710	0.500000	0.161290
#P-1.000000	0.741935	0.189870	1.000000	0.870968	0.064516
#P-0.935484	0.741935	0.173662	0.995838	0.859001	0.066597
#P-0.870968	0.741935	0.127664	0.991675	0.847034	0.068678
#P-0.806452	0.741935	0.059331	0.987513	0.835068	0.070760
#P-0.741935	0.741935	-0.020260	0.983351	0.823101	0.072841
#P-0.677419	0.741935	-0.098209	0.979188	0.811134	0.074922
#P-0.612903	0.741935	-0.161881	0.975026	0.799168	0.077003
#P-0.548387	0.741935	-0.200958	0.970864	0.787201	0.079084
#P-0.483871	0.741935	-0.209104	0.966701	0.775234	0.081165
#P-0.419355	0.741935	-0.184999	0.962539	0.763267	0.083247
#P-0.354839	0.741935	-0.132551	0.958377	0.751301	0.085328
#P-0.290323	0.741935	-0.060260	0.954214	0.739334	0.087409
#P-0.225806	0.741935	0.020156	0.950052	0.727367	0.089490
#P-0.161290	0.741935	0.095663	0.945890	0.715401	0.091571
#P-0.096774	0.741935	0.154023	0.941727	0.703434	0.093652
#P-0.032258	0.741935	0.185776	0.937565	0.691467	0.095734
#P0.032258	0.741935	0.185776	0.933403	0.679501	0.097815
#P0.096774	0.741935	0.154023	0.929240	0.667534	0.099896
#P0.161290	0.741935	0.095663	0.925078	0.655567	0.101977
#P0.225806	0.741935	0.020156	0.920916	0.643600	0.104058
#P0.290323	0.741935	-0.060260	0.916753	0.631634	0.106139
#P0.354839	0.741935	-0.132551	0.912591	0.619667	0.108221
#P0.419355	0.741935	-0.184999	0.908429	0.607700	0.110302
#P0.483871	0.741935	-0.209104	0.904266	0.595734	0.112383
#P0.548387	0.741935	-0.200958	0.900104	0.583767	0.114464
#P0.612903	0.741935	-0.161881	0.895942	0.571800	0.116545
#P0.677419	0.741935	-0.098209	0.891779	0.559834	0.118626
#P0.741935	0.741935	-0.020260	0.887617	0.547867	0.120708
#P0.806452	0.741935	0.059331	0.883455	0.535900	0.122789
#P0.870968	0.741935	0.127664	0.879292	0.523933	0.124870
#P0.935484	0.741935	0.173662	0.875130	0.511967	0.126951
#P1.000000	0.741935	0.189870	0.870968	0.500000	0.129032
#P-1.000000	0.806452	0.269461	1.000000	0.903226	0.048387
#P-0.935484	0.806452	0.253253	0.996878	0.890219	0.049948
#P-0.870968	0.806452	0.207254	0.993757	0.877211	0.051509
#P-0.806452	0.806452	0.138922	0.990635	0.864204	0.053070
#P-0.741935	0.806452	0.059331	0.987513	0.851197	0.054631
#P-0.677419	0.806452	-0.018618	0.984391	0.838189	0.056191
#P-0.612903	0.806452	-0.082291	0.981270	0.825182	0.057752
#P-0.548387	0.806452	-0.121367	0.978148	0.812175	0.059313
#P-0.483871	0.806452	-0.129513	0.975026	0.799168	0.060874
#P-0.419355	0.806452	-0.105408	0.971904	0.786160	0.062435
#P-0.354839	0.806452	-0.052960	0.968783	0.773153	0.063996
#P-0.290323	0.806452	0.019331	0.965661	0.760146	0.065557
#P-0.225806	0.806452	0.099747	0.962539	0.747138	0.067118
#P-0.161290	0.806452	0.175254	0.959417	0.734131	0.068678
#P-0.096774	0.806452	0.233614	0.956296	0.721124	0.070239
#P-0.032258	0.806452	0.265367	0.953174	0.708117	0.071800
#P0.032258	0.806452	0.265367	0.950052	0.695109	0.073361
#P0.096774	0.806452	0.233614	0.946930	0.682102	0.074922
#P0.161290	0.806452	0.175254	0.943809	0.669095	0.076483
#P0.225806	0.806452	0.099747	0.940687	0.656087	0.078044
#P0.290323	0.806452	0.019331	0.937565	0.643080	0.079605
#P0.354839	0.806452	-0.052960	0.934443	0.630073	0.081165
#P0.419355	0.806452	-0.105408	0.931322	0.617066	0.082726
#P0.483871	0.806452	-0.129513	0.928200	0.604058	0.084287
#P0.548387	0.806452	-0.121367	0.925078	0.591051	0.085848
#P0.612903	0.806452	-0.082291	0.921956	0.578044	0.087409
#P0.677419	0.806452	-0.018618	0.918835	0.565036	0.088970
#P0.741935	0.806452	0.059331	0.915713	0.552029	0.090531
#P0.806452	0.806452	0.138922	0.912591	0.539022	0.092092
#P0.870968	0.806452	0.207254	0.909469	0.526015	0.093652
#P0.935484	0.806452	0.253253	0.906348	0.513007	0.095213
#P1.000000	0.806452	0.269461	0.903226	0.500000	0.096774
#P-1.000000	0.870968	0.337793	1.000000	0.935484	0.032258
#P-0.935484	0.870968	0.321585	0.997919	0.921436	0.033299
#P-0.870968	0.870968	0.275587	0.995838	0.907388	0.034339
#P-0.806452	0.870968	0.207254	0.993757	0.893340	0.035380
#P-0.741935	0.870968	0.127664	0.991675	0.879292	0.036420
#P-0.677419	0.870968	0.049715	0.989594	0.865245	0.037461
#P-0.612903	0.870968	-0.013958	0.987513	0.851197	0.038502
#P-0.548387	0.870968	-0.053034	0.985432	0.837149	0.039542
#P-0.483871	0.870968	-0.061180	0.983351	0.823101	0.040583
#P-0.419355	0.870968	-0.037076	0.981270	0.809053	0.041623
#P-0.354839	0.870968	0.015372	0.979188	0.795005	0.042664
#P-0.290323	0.870968	0.087663	0.977107	0.780957	0.043704
#P-0.225806	0.870968	0.168079	0.975026	0.766909	0.044745
#P-0.161290	0.870968	0.243586	0.972945	0.752862	0.045786
#P-0.096774	0.870968	0.301946	0.970864	0.738814	0.046826
#P-0.032258	0.870968	0.333699	0.968783	0.724766	0.047867
#P0.032258	0.870968	0.333699	0.966701	0.710718	0.048907
#P0.096774	0.870968	0.301946	0.964620	0.696670	0.049948
#P0.161290	0.870968	0.243586	0.962539	0.682622	0.050989
#P0.225806	0.870968	0.168079	0.960458	0.668574	0.052029
#P0.290323	0.870968	0.087663	0.958377	0.654527	0.053070
#P0.354839	0.870968	0.015372	0.956296	0.640479	0.054110
#P0.419355	0.870968	-0.037076	0.954214	0.626431	0.055151
#P0.483871	0.870968	-0.061180	0.952133	0.612383	0.056191
#P0.548387	0.870968	-0.053034	0.950052	0.598335	0.057232
#P0.612903	0.870968	-0.013958	0.947971	0.584287	0.058273
#P0.677419	0.870968	0.049715	0.945890	0.570239	0.059313
#P0.741935	0.870968	0.127664	0.943809	0.556191	0.060354
#P0.806452	0.870968	0.207254	0.941727	0.542144	0.061394
#P0.870968	0.870968	0.275587	0.939646	0.528096	0.062435
#P0.935484	0.870968	0.321585	0.937565	0.514048	0.063476
#P1.000000	0.870968	0.337793	0.935484	0.500000	0.064516
#P-1.000000	0.935484	0.383792	1.000000	0.967742	0.016129
#P-0.935484	0.935484	0.367583	0.998959	0.952653	0.016649
#P-0.870968	0.935484	0.321585	0.997919	0.937565	0.017170
#P-0.806452	0.935484	0.253253	0.996878	0.922477	0.017690
#P-0.741935	0.935484	0.173662	0.995838	0.907388	0.018210
#P-0.677419	0.935484	0.095713	0.994797	0.892300	0.018730
#P-0.612903	0.935484	0.032040	0.993757	0.877211	0.019251
#P-0.548387	0.935484	-0.007036	0.992716	0.862123	0.019771
#P-0.483871	0.935484	-0.015182	0.991675	0.847034	0.020291
#P-0.419355	0.935484	0.008922	0.990635	0.831946	0.020812
#P-0.354839	0.935484	0.061370	0.989594	0.816857	0.021332
#P-0.290323	0.935484	0.133661	0.988554	0.801769	0.021852
#P-0.225806	0.935484	0.214077	0.987513	0.786681	0.022373
#P-0.161290	0.935484	0.289584	0.986472	0.771592	0.022893
#P-0.096774	0.935484	0.347944	0.985432	0.756504	0.023413
#P-0.032258	0.935484	0.379698	0.984391	0.741415	0.023933
#P0.032258	0.935484	0.379698	0.983351	0.726327	0.024454
#P0.096774	0.935484	0.347944	0.982310	0.711238	0.024974
#P0.161290	0.935484	0.289584	0.981270	0.696150	0.025494
#P0.225806	0.935484	0.214077	0.980229	0.681061	0.026015
#P0.290323	0.935484	0.133661	0.979188	0.665973	0.026535
#P0.354839	0.935484	0.061370	0.978148	0.650884	0.027055
#P0.419355	0.935484	0.008922	0.977107	0.635796	0.027575
#P0.483871	0.935484	-0.015182	0.976067	0.620708	0.028096
#P0.548387	0.935484	-0.007036	0.975026	0.605619	0.028616
#P0.612903	0.935484	0.032040	0.973985	0.590531	0.029136
#P0.677419	0.935484	0.095713	0.972945	0.575442	0.029657
#P0.741935	0.935484	0.173662	0.971904	0.560354	0.030177
#P0.806452	0.935484	0.253253	0.970864	0.545265	0.030697
#P0.870968	0.935484	0.321585	0.969823	0.530177	0.031217
#P0.935484	0.935484	0.367583	0.968783	0.515088	0.031738
#P1.000000	0.935484	0.383792	0.967742	0.500000	0.032258
#P-1.000000	1.000000	0.400000	1.000000	1.000000	0.000000
#P-0.935484	1.000000	0.383792	1.000000	0.983871	0.000000
#P-0.870968	1.000000	0.337793	1.000000	0.967742	0.000000
#P-0.806452	1.000000	0.269461	1.000000	0.951613	0.000000
#P-0.741935	1.000000	0.189870	1.000000	0.935484	0.000000
#P-0.677419	1.000000	0.111921	1.000000	0.919355	0.000000
#P-0.612903	1.000000	0.048248	1.000000	0.903226	0.000000
#P-0.548387	1.000000	0.009172	1.000000	0.887097	0.000000
#P-0.483871	1.000000	0.001026	1.000000	0.870968	0.000000
#P-0.419355	1.000000	0.025131	1.000000	0.854839	0.000000
#P-0.354839	1.000000	0.077579	1.000000	0.838710	0.000000
#P-0.290323	1.000000	0.149869	1.000000	0.822581	0.000000
#P-0.225806	1.000000	0.230286	1.000000	0.806452	0.000000
#P-0.161290	1.000000	0.305793	1.000000	0.790323	0.000000
#P-0.096774	1.000000	0.364153	1.000000	0.774194	0.000000
#P-0.032258	1.000000	0.395906	1.000000	0.758065	0.000000
#P0.032258	1.000000	0.395906	1.000000	0.741935	0.000000
#P0.096774	1.000000	0.364153	1.000000	0.725806	0.000000
#P0.161290	1.000000	0.305793	1.000000	0.709677	0.000000
#P0.225806	1.000000	0.230286	1.000000	0.693548	0.000000
#P0.290323	1.000000	0.149869	1.000000	0.677419	0.000000
#P0.354839	1.000000	0.077579	1.000000	0.661290	0.000000
#P0.419355	1.000000	0.025131	1.000000	0.645161	0.000000
#P0.483871	1.000000	0.001026	1.000000	0.629032	0.000000
#P0.548387	1.000000	0.009172	1.000000	0.612903	0.000000
#P0.612903	1.000000	0.048248	1.000000	0.596774	0.000000
#P0.677419	1.000000	0.111921	1.000000	0.580645	0.000000
#P0.741935	1.000000	0.189870	1.000000	0.564516	0.000000
#P0.806452	1.000000	0.269461	1.000000	0.548387	0.000000
#P0.870968	1.000000	0.337793	1.000000	0.532258	0.000000
#P0.935484	1.000000	0.383792	1.000000	0.516129	0.000000
#P1.000000	1.000000	0.400000	1.000000	0.500000	0.000000
