#N1024
#P-1.000000	-1.000000	0.200000	0.000000	0.000000	1.000000
#P-0.935484	-1.000000	0.195906	0.032258	0.000000	1.000000
#P-0.870968	-1.000000	0.183792	0.064516	0.000000	1.000000
#P-0.806452	-1.000000	0.164153	0.096774	0.000000	1.000000
#P-0.741935	-1.000000	0.137793	0.129032	0.000000	1.000000
#P-0.677419	-1.000000	0.105793	0.161290	0.000000	1.000000
#P-0.612903	-1.000000	0.069461	0.193548	0.000000	1.000000
#P-0.548387	-1.000000	0.030286	0.225806	0.000000	1.000000
#P-0.483871	-1.000000	-0.010130	0.258065	0.000000	1.000000
#P-0.419355	-1.000000	-0.050131	0.290323	0.000000	1.000000
#P-0.354839	-1.000000	-0.088079	0.322581	0.000000	1.000000
#P-0.290323	-1.000000	-0.122421	0.354839	0.000000	1.000000
#P-0.225806	-1.000000	-0.151752	0.387097	0.000000	1.000000
#P-0.161290	-1.000000	-0.174869	0.419355	0.000000	1.000000
#P-0.096774	-1.000000	-0.190828	0.451613	0.000000	1.000000
#P-0.032258	-1.000000	-0.198974	0.483871	0.000000	1.000000
#P0.032258	-1.000000	-0.198974	0.516129	0.000000	1.000000
#P0.096774	-1.000000	-0.190828	0.548387	0.000000	1.000000
#P0.161290	-1.000000	-0.174869	0.580645	0.000000	1.000000
#P0.225806	-1.000000	-0.151752	0.612903	0.000000	1.000000
#P0.290323	-1.000000	-0.122421	0.645161	0.000000	1.000000
#P0.354839	-1.000000	-0.088079	0.677419	0.000000	1.000000
#P0.419355	-1.000000	-0.050131	0.709677	0.000000	1.000000
#P0.483871	-1.000000	-0.010130	0.741935	0.000000	1.000000
#P0.548387	-1.000000	0.030286	0.774194	0.000000	1.000000
#P0.612903	-1.000000	0.069461	0.806452	0.000000	1.000000
#P0.677419	-1.000000	0.105793	0.838710	0.000000	1.000000
#P0.741935	-1.000000	0.137793	0.870968	0.000000	1.000000
#P0.806452	-1.000000	0.164153	0.903226	0.000000	1.000000
#P0.870968	-1.000000	0.183792	0.935484	0.000000	1.000000
#P0.935484	-1.000000	0.195906	0.967742	0.000000	1.000000
#P1.000000	-1.000000	0.200000	1.000000	0.000000	1.000000
#P-1.000000	-0.935484	0.195906	0.000000	0.032258	0.967742
#P-0.935484	-0.935484	0.183792	0.032258	0.031217	0.967742
#P-0.870968	-0.935484	0.164153	0.064516	0.030177	0.967742
#P-0.806452	-0.935484	0.137793	0.096774	0.029136	0.967742
#P-0.741935	-0.935484	0.105793	0.129032	0.028096	0.967742
#P-0.677419	-0.935484	0.069461	0.161290	0.027055	0.967742
#P-0.612903	-0.935484	0.030286	0.193548	0.026015	0.967742
#P-0.548387	-0.935484	-0.010130	0.225806	0.024974	0.967742
#P-0.483871	-0.935484	-0.050131	0.258065	0.023933	0.967742
#P-0.419355	-0.935484	-0.088079	0.290323	0.022893	0.967742
#P-0.354839	-0.935484	-0.122421	0.322581	0.021852	0.967742
#P-0.290323	-0.935484	-0.151752	0.354839	0.020812	0.967742
#P-0.225806	-0.935484	-0.174869	0.387097	0.019771	0.967742
#P-0.161290	-0.935484	-0.190828	0.419355	0.018730	0.967742
#P-0.096774	-0.935484	-0.198974	0.451613	0.017690	0.967742
#P-0.032258	-0.935484	-0.198974	0.483871	0.016649	0.967742
#P0.032258	-0.935484	-0.190828	0.516129	0.015609	0.967742
#P0.096774	-0.935484	-0.174869	0.548387	0.014568	0.967742
#P0.161290	-0.935484	-0.151752	0.580645	0.013528	0.967742
#P0.225806	-0.935484	-0.122421	0.612903	0.012487	0.967742
#P0.290323	-0.935484	-0.088079	0.645161	0.011446	0.967742
#P0.354839	-0.935484	-0.050131	0.677419	0.010406	0.967742
#P0.419355	-0.935484	-0.010130	0.709677	0.009365	0.967742
#P0.483871	-0.935484	0.030286	0.741935	0.008325	0.967742
#P0.548387	-0.935484	0.069461	0.774194	0.007284	0.967742
#P0.612903	-0.935484	0.105793	0.806452	0.006243	0.967742
#P0.677419	-0.935484	0.137793	0.838710	0.005203	0.967742
#P0.741935	-0.935484	0.164153	0.870968	0.004162	0.967742
#P0.806452	-0.935484	0.183792	0.903226	0.003122	0.967742
#P0.870968	-0.935484	0.195906	0.935484	0.002081	0.967742
#P0.935484	-0.935484	0.200000	0.967742	0.001041	0.967742
#P1.000000	-0.935484	0.195906	1.000000	0.000000	0.967742
#P-1.000000	-0.870968	0.183792	0.000000	0.064516	0.935484
#P-0.935484	-0.870968	0.164153	0.032258	0.062435	0.935484
#P-0.870968	-0.870968	0.137793	0.064516	0.060354	0.935484
#P-0.806452	-0.870968	0.105793	0.096774	0.058273	0.935484
#P-0.741935	-0.870968	0.069461	0.129032	0.056191	0.935484
#P-0.677419	-0.870968	0.030286	0.161290	0.054110	0.935484
#P-0.612903	-0.870968	-0.010130	0.193548	0.052029	0.935484
#P-0.548387	-0.870968	-0.050131	0.225806	0.049948	0.935484
#P-0.483871	-0.870968	-0.088079	0.258065	0.047867	0.935484
#P-0.419355	-0.870968	-0.122421	0.290323	0.045786	0.935484
#P-0.354839	-0.870968	-0.151752	0.322581	0.043704	0.935484
#P-0.290323	-0.870968	-0.174869	0.354839	0.041623	0.935484
#P-0.225806	-0.870968	-0.190828	0.387097	0.039542	0.935484
#P-0.161290	-0.870968	-0.198974	0.419355	0.037461	0.935484
#P-0.096774	-0.870968	-0.198974	0.451613	0.035380	0.935484
#P-0.032258	-0.870968	-0.190828	0.483871	0.033299	0.935484
#P0.032258	-0.870968	-0.174869	0.516129	0.031217	0.935484
#P0.096774	-0.870968	-0.151752	0.548387	0.029136	0.935484
#P0.161290	-0.870968	-0.122421	0.580645	0.027055	0.935484
#P0.225806	-0.870968	-0.088079	0.612903	0.024974	0.935484
#P0.290323	-0.870968	-0.050131	0.645161	0.022893	0.935484
#P0.354839	-0.870968	-0.010130	0.677419	0.020812	0.935484
#P0.419355	-0.870968	0.030286	0.709677	0.018730	0.935484
#P0.483871	-0.870968	0.069461	0.741935	0.016649	0.935484
#P0.548387	-0.870968	0.105793	0.774194	0.014568	0.935484
#P0.612903	-0.870968	0.137793	0.806452	0.012487	0.935484
#P0.677419	-0.870968	0.164153	0.838710	0.010406	0.935484
#P0.741935	-0.870968	0.183792	0.870968	0.008325	0.935484
#P0.806452	-0.870968	0.195906	0.903226	0.006243	0.935484
#P0.870968	-0.870968	0.200000	0.935484	0.004162	0.935484
#P0.935484	-0.870968	0.195906	0.967742	0.002081	0.935484
#P1.000000	-0.870968	0.183792	1.000000	0.000000	0.935484
#P-1.000000	-0.806452	0.164153	0.000000	0.096774	0.903226
#P-0.935484	-0.806452	0.137793	0.032258	0.093652	0.903226
#P-0.870968	-0.806452	0.105793	0.064516	0.090531	0.903226
#P-0.806452	-0.806452	0.069461	0.096774	0.087409	0.903226
#P-0.741935	-0.806452	0.030286	0.129032	0.084287	0.903226
#P-0.677419	-0.806452	-0.010130	0.161290	0.081165	0.903226
#P-0.612903	-0.806452	-0.050131	0.193548	0.078044	0.903226
#P-0.548387	-0.806452	-0.088079	0.225806	0.074922	0.903226
#P-0.483871	-0.806452	-0.122421	0.258065	0.071800	0.903226
#P-0.419355	-0.806452	-0.151752	0.290323	0.068678	0.903226
#P-0.354839	-0.806452	-0.174869	0.322581	0.065557	0.903226
#P-0.290323	-0.806452	-0.190828	0.354839	0.062435	0.903226
#P-0.225806	-0.806452	-0.198974	0.387097	0.059313	0.903226
#P-0.161290	-0.806452	-0.198974	0.419355	0.056191	0.903226
#P-0.096774	-0.806452	-0.190828	0.451613	0.053070	0.903226
#P-0.032258	-0.806452	-0.174869	0.483871	0.049948	0.903226
#P0.032258	-0.806452	-0.151752	0.516129	0.046826	0.903226
#P0.096774	-0.806452	-0.122421	0.548387	0.043704	0.903226
#P0.161290	-0.806452	-0.088079	0.580645	0.040583	0.903226
#P0.225806	-0.806452	-0.050131	0.612903	0.037461	0.903226
#P0.290323	-0.806452	-0.010130	0.645161	0.034339	0.903226
#P0.354839	-0.806452	0.030286	0.677419	0.031217	0.903226
#P0.419355	-0.806452	0.069461	0.709677	0.028096	0.903226
#P0.483871	-0.806452	0.105793	0.741935	0.024974	0.903226
#P0.548387	-0.806452	0.137793	0.774194	0.021852	0.903226
#P0.612903	-0.806452	0.164153	0.806452	0.018730	0.903226
#P0.677419	-0.806452	0.183792	0.838710	0.015609	0.903226
#P0.741935	-0.806452	0.195906	0.870968	0.012487	0.903226
#P0.806452	-0.806452	0.200000	0.903226	0.009365	0.903226
#P0.870968	-0.806452	0.195906	0.935484	0.006243	0.903226
#P0.935484	-0.806452	0.183792	0.967742	0.003122	0.903226
#P1.000000	-0.806452	0.164153	1.000000	0.000000	0.903226
#P-1.000000	-0.741935	0.137793	0.000000	0.129032	0.870968
#P-0.935484	-0.741935	0.105793	0.032258	0.124870	0.870968
#P-0.870968	-0.741935	0.069461	0.064516	0.120708	0.870968
#P-0.806452	-0.741935	0.030286	0.096774	0.116545	0.870968
#P-0.741935	-0.741935	-0.010130	0.129032	0.112383	0.870968
#P-0.677419	-0.741935	-0.050131	0.161290	0.108221	0.870968
#P-0.612903	-0.741935	-0.088079	0.193548	0.104058	0.870968
#P-0.548387	-0.741935	-0.122421	0.225806	0.099896	0.870968
#P-0.483871	-0.741935	-0.151752	0.258065	0.095734	0.870968
#P-0.419355	-0.741935	-0.174869	0.290323	0.091571	0.870968
#P-0.354839	-0.741935	-0.190828	0.322581	0.087409	0.870968
#P-0.290323	-0.741935	-0.198974	0.354839	0.083247	0.870968
#P-0.225806	-0.741935	-0.198974	0.387097	0.079084	0.870968
#P-0.161290	-0.741935	-0.190828	0.419355	0.074922	0.870968
#P-0.096774	-0.741935	-0.174869	0.451613	0.070760	0.870968
#P-0.032258	-0.741935	-0.151752	0.483871	0.066597	0.870968
#P0.032258	-0.741935	-0.122421	0.516129	0.062435	0.870968
#P0.096774	-0.741935	-0.088079	0.548387	0.058273	0.870968
#P0.161290	-0.741935	-0.050131	0.580645	0.054110	0.870968
#P0.225806	-0.741935	-0.010130	0.612903	0.049948	0.870968
#P0.290323	-0.741935	0.030286	0.645161	0.045786	0.870968
#P0.354839	-0.741935	0.069461	0.677419	0.041623	0.870968
#P0.419355	-0.741935	0.105793	0.709677	0.037461	0.870968
#P0.483871	-0.741935	0.137793	0.741935	0.033299	0.870968
#P0.548387	-0.741935	0.164153	0.774194	0.029136	0.870968
#P0.612903	-0.741935	0.183792	0.806452	0.024974	0.870968
#P0.677419	-0.741935	0.195906	0.838710	0.020812	0.870968
#P0.741935	-0.741935	0.200000	0.870968	0.016649	0.870968
#P0.806452	-0.741935	0.195906	0.903226	0.012487	0.870968
#P0.870968	-0.741935	0.183792	0.935484	0.008325	0.870968
#P0.935484	-0.741935	0.164153	0.967742	0.004162	0.870968
#P1.000000	-0.741935	0.137793	1.000000	0.000000	0.870968
#P-1.000000	-0.677419	0.105793	0.000000	0.161290	0.838710
#P-0.935484	-0.677419	0.069461	0.032258	0.156087	0.838710
#P-0.870968	-0.677419	0.030286	0.064516	0.150884	0.838710
#P-0.806452	-0.677419	-0.010130	0.096774	0.145682	0.838710
#P-0.741935	-0.677419	-0.050131	0.129032	0.140479	0.838710
#P-0.677419	-0.677419	-0.088079	0.161290	0.135276	0.838710
#P-0.612903	-0.677419	-0.122421	0.193548	0.130073	0.838710
#P-0.548387	-0.677419	-0.151752	0.225806	0.124870	0.838710
#P-0.483871	-0.677419	-0.174869	0.258065	0.119667	0.838710
#P-0.419355	-0.677419	-0.190828	0.290323	0.114464	0.838710
#P-0.354839	-0.677419	-0.198974	0.322581	0.109261	0.838710
#P-0.290323	-0.677419	-0.198974	0.354839	0.104058	0.838710
#P-0.225806	-0.677419	-0.190828	0.387097	0.098855	0.838710
#P-0.161290	-0.677419	-0.174869	0.419355	0.093652	0.838710
#P-0.096774	-0.677419	-0.151752	0.451613	0.088450	0.838710
#P-0.032258	-0.677419	-0.122421	0.483871	0.083247	0.838710
#P0.032258	-0.677419	-0.088079	0.516129	0.078044	0.838710
#P0.096774	-0.677419	-0.050131	0.548387	0.072841	0.838710
#P0.161290	-0.677419	-0.010130	0.580645	0.067638	0.838710
#P0.225806	-0.677419	0.030286	0.612903	0.062435	0.838710
#P0.290323	-0.677419	0.069461	0.645161	0.057232	0.838710
#P0.354839	-0.677419	0.105793	0.677419	0.052029	0.838710
#P0.419355	-0.677419	0.137793	0.709677	0.046826	0.838710
#P0.483871	-0.677419	0.164153	0.741935	0.041623	0.838710
#P0.548387	-0.677419	0.183792	0.774194	0.036420	0.838710
#P0.612903	-0.677419	0.195906	0.806452	0.031217	0.838710
#P0.677419	-0.677419	0.200000	0.838710	0.026015	0.838710
#P0.741935	-0.677419	0.195906	0.870968	0.020812	0.838710
#P0.806452	-0.677419	0.183792	0.903226	0.015609	0.838710
#P0.870968	-0.677419	0.164153	0.935484	0.010406	0.838710
#P0.935484	-0.677419	0.137793	0.967742	0.005203	0.838710
#P1.000000	-0.677419	0.105793	1.000000	0.000000	0.838710
#P-1.000000	-0.612903	0.069461	0.000000	0.193548	0.806452
#P-0.935484	-0.612903	0.030286	0.032258	0.187305	0.806452
#P-0.870968	-0.612903	-0.010130	0.064516	0.181061	0.806452
#P-0.806452	-0.612903	-0.050131	0.096774	0.174818	0.806452
#P-0.741935	-0.612903	-0.088079	0.129032	0.168574	0.806452
#P-0.677419	-0.612903	-0.122421	0.161290	0.162331	0.806452
#P-0.612903	-0.612903	-0.151752	0.193548	0.156087	0.806452
#P-0.548387	-0.612903	-0.174869	0.225806	0.149844	0.806452
#P-0.483871	-0.612903	-0.190828	0.258065	0.143600	0.806452
#P-0.419355	-0.612903	-0.198974	0.290323	0.137357	0.806452
#P-0.354839	-0.612903	-0.198974	0.322581	0.131113	0.806452
#P-0.290323	-0.612903	-0.190828	0.354839	0.124870	0.806452
#P-0.225806	-0.612903	-0.174869	0.387097	0.118626	0.806452
#P-0.161290	-0.612903	-0.151752	0.419355	0.112383	0.806452
#P-0.096774	-0.612903	-0.122421	0.451613	0.106139	0.806452
#P-0.032258	-0.612903	-0.088079	0.483871	0.099896	0.806452
#P0.032258	-0.612903	-0.050131	0.516129	0.093652	0.806452
#P0.096774	-0.612903	-0.010130	0.548387	0.087409	0.806452
#P0.161290	-0.612903	0.030286	0.580645	0.081165	0.806452
#P0.225806	-0.612903	0.069461	0.612903	0.074922	0.806452
#P0.290323	-0.612903	0.105793	0.645161	0.068678	0.806452
#P0.354839	-0.612903	0.137793	0.677419	0.062435	0.806452
#P0.419355	-0.612903	0.164153	0.709677	0.056191	0.806452
#P0.483871	-0.612903	0.183792	0.741935	0.049948	0.806452
#P0.548387	-0.612903	0.195906	0.774194	0.043704	0.806452
#P0.612903	-0.612903	0.200000	0.806452	0.037461	0.806452
#P0.677419	-0.612903	0.195906	0.838710	0.031217	0.806452
#P0.741935	-0.612903	0.183792	0.870968	0.024974	0.806452
#P0.806452	-0.612903	0.164153	0.903226	0.018730	0.806452
#P0.870968	-0.612903	0.137793	0.935484	0.012487	0.806452
#P0.935484	-0.612903	0.105793	0.967742	0.006243	0.806452
#P1.000000	-0.612903	0.069461	1.000000	0.000000	0.806452
#P-1.000000	-0.548387	0.030286	0.000000	0.225806	0.774194
#P-0.935484	-0.548387	-0.010130	0.032258	0.218522	0.774194
#P-0.870968	-0.548387	-0.050131	0.064516	0.211238	0.774194
#P-0.806452	-0.548387	-0.088079	0.096774	0.203954	0.774194
#P-0.741935	-0.548387	-0.122421	0.129032	0.196670	0.774194
#P-0.677419	-0.548387	-0.151752	0.161290	0.189386	0.774194
#P-0.612903	-0.548387	-0.174869	0.193548	0.182102	0.774194
#P-0.548387	-0.548387	-0.190828	0.225806	0.174818	0.774194
#P-0.483871	-0.548387	-0.198974	0.258065	0.167534	0.774194
#P-0.419355	-0.548387	-0.198974	0.290323	0.160250	0.774194
#P-0.354839	-0.548387	-0.190828	0.322581	0.152966	0.774194
#P-0.290323	-0.548387	-0.174869	0.354839	0.145682	0.774194
#P-0.225806	-0.548387	-0.151752	0.387097	0.138398	0.774194
#P-0.161290	-0.548387	-0.122421	0.419355	0.131113	0.774194
#P-0.096774	-0.548387	-0.088079	0.451613	0.123829	0.774194
#P-0.032258	-0.548387	-0.050131	0.483871	0.116545	0.774194
#P0.032258	-0.548387	-0.010130	0.516129	0.109261	0.774194
#P0.096774	-0.548387	0.030286	0.548387	0.101977	0.774194
#P0.161290	-0.548387	0.069461	0.580645	0.094693	0.774194
#P0.225806	-0.548387	0.105793	0.612903	0.087409	0.774194
#P0.290323	-0.548387	0.137793	0.645161	0.080125	0.774194
#P0.354839	-0.548387	0.164153	0.677419	0.072841	0.774194
#P0.419355	-0.548387	0.183792	0.709677	0.065557	0.774194
#P0.483871	-0.548387	0.195906	0.741935	0.058273	0.774194
#P0.548387	-0.548387	0.200000	0.774194	0.050989	0.774194
#P0.612903	-0.548387	0.195906	0.806452	0.043704	0.774194
#P0.677419	-0.548387	0.183792	0.838710	0.036420	0.774194
#P0.741935	-0.548387	0.164153	0.870968	0.029136	0.774194
#P0.806452	-0.548387	0.137793	0.903226	0.021852	0.774194
#P0.870968	-0.548387	0.105793	0.935484	0.014568	0.774194
#P0.935484	-0.548387	0.069461	0.967742	0.007284	0.774194
#P1.000000	-0.548387	0.030286	1.000000	0.000000	0.774194
#P-1.000000	-0.483871	-0.010130	0.000000	0.258065	0.741935
#P-0.935484	-0.483871	-0.050131	0.032258	0.249740	0.741935
#P-0.870968	-0.483871	-0.088079	0.064516	0.241415	0.741935
#P-0.806452	-0.483871	-0.122421	0.096774	0.233091	0.741935
#P-0.741935	-0.483871	-0.151752	0.129032	0.224766	0.741935
#P-0.677419	-0.483871	-0.174869	0.161290	0.216441	0.741935
#P-0.612903	-0.483871	-0.190828	0.193548	0.208117	0.741935
#P-0.548387	-0.483871	-0.198974	0.225806	0.199792	0.741935
#P-0.483871	-0.483871	-0.198974	0.258065	0.191467	0.741935
#P-0.419355	-0.483871	-0.190828	0.290323	0.183143	0.741935
#P-0.354839	-0.483871	-0.174869	0.322581	0.174818	0.741935
#P-0.290323	-0.483871	-0.151752	0.354839	0.166493	0.741935
#P-0.225806	-0.483871	-0.122421	0.387097	0.158169	0.741935
#P-0.161290	-0.483871	-0.088079	0.419355	0.149844	0.741935
#P-0.096774	-0.483871	-0.050131	0.451613	0.141519	0.741935
#P-0.032258	-0.483871	-0.010130	0.483871	0.133195	0.741935
#P0.032258	-0.483871	0.030286	0.516129	0.124870	0.741935
#P0.096774	-0.483871	0.069461	0.548387	0.116545	0.741935
#P0.161290	-0.483871	0.105793	0.580645	0.108221	0.741935
#P0.225806	-0.483871	0.137793	0.612903	0.099896	0.741935
#P0.290323	-0.483871	0.164153	0.645161	0.091571	0.741935
#P0.354839	-0.483871	0.183792	0.677419	0.083247	0.741935
#P0.419355	-0.483871	0.195906	0.709677	0.074922	0.741935
#P0.483871	-0.483871	0.200000	0.741935	0.066597	0.741935
#P0.548387	-0.483871	0.195906	0.774194	0.058273	0.741935
#P0.612903	-0.483871	0.183792	0.806452	0.049948	0.741935
#P0.677419	-0.483871	0.164153	0.838710	0.041623	0.741935
#P0.741935	-0.483871	0.137793	0.870968	0.033299	0.741935
#P0.806452	-0.483871	0.105793	0.903226	0.024974	0.741935
#P0.870968	-0.483871	0.069461	0.935484	0.016649	0.741935
#P0.935484	-0.483871	0.030286	0.967742	0.008325	0.741935
#P1.000000	-0.483871	-0.010130	1.000000	0.000000	0.741935
#P-1.000000	-0.419355	-0.050131	0.000000	0.290323	0.709677
#P-0.935484	-0.419355	-0.088079	0.032258	0.280957	0.709677
#P-0.870968	-0.419355	-0.122421	0.064516	0.271592	0.709677
#P-0.806452	-0.419355	-0.151752	0.096774	0.262227	0.709677
#P-0.741935	-0.419355	-0.174869	0.129032	0.252862	0.709677
#P-0.677419	-0.419355	-0.190828	0.161290	0.243496	0.709677
#P-0.612903	-0.419355	-0.198974	0.193548	0.234131	0.709677
#P-0.548387	-0.419355	-0.198974	0.225806	0.224766	0.709677
#P-0.483871	-0.419355	-0.190828	0.258065	0.215401	0.709677
#P-0.419355	-0.419355	-0.174869	0.290323	0.206035	0.709677
#P-0.354839	-0.419355	-0.151752	0.322581	0.196670	0.709677
#P-0.290323	-0.419355	-0.122421	0.354839	0.187305	0.709677
#P-0.225806	-0.419355	-0.088079	0.387097	0.177940	0.709677
#P-0.161290	-0.419355	-0.050131	0.419355	0.168574	0.709677
#P-0.096774	-0.419355	-0.010130	0.451613	0.159209	0.709677
#P-0.032258	-0.419355	0.030286	0.483871	0.149844	0.709677
#P0.032258	-0.419355	0.069461	0.516129	0.140479	0.709677
#P0.096774	-0.419355	0.105793	0.548387	0.131113	0.709677
#P0.161290	-0.419355	0.137793	0.580645	0.121748	0.709677
#P0.225806	-0.419355	0.164153	0.612903	0.112383	0.709677
#P0.290323	-0.419355	0.183792	0.645161	0.103018	0.709677
#P0.354839	-0.419355	0.195906	0.677419	0.093652	0.709677
#P0.419355	-0.419355	0.200000	0.709677	0.084287	0.709677
#P0.483871	-0.419355	0.195906	0.741935	0.074922	0.709677
#P0.548387	-0.419355	0.183792	0.774194	0.065557	0.709677
#P0.612903	-0.419355	0.164153	0.806452	0.056191	0.709677
#P0.677419	-0.419355	0.137793	0.838710	0.046826	0.709677
#P0.741935	-0.419355	0.105793	0.870968	0.037461	0.709677
#P0.806452	-0.419355	0.069461	0.903226	0.028096	0.709677
#P0.870968	-0.419355	0.030286	0.935484	0.018730	0.709677
#P0.935484	-0.419355	-0.010130	0.967742	0.009365	0.709677
#P1.000000	-0.419355	-0.050131	1.000000	0.000000	0.709677
#P-1.000000	-0.354839	-0.088079	0.000000	0.322581	0.677419
#P-0.935484	-0.354839	-0.122421	0.032258	0.312175	0.677419
#P-0.870968	-0.354839	-0.151752	0.064516	0.301769	0.677419
#P-0.806452	-0.354839	-0.174869	0.096774	0.291363	0.677419
#P-0.741935	-0.354839	-0.190828	0.129032	0.280957	0.677419
#P-0.677419	-0.354839	-0.198974	0.161290	0.270552	0.677419
#P-0.612903	-0.354839	-0.198974	0.193548	0.260146	0.677419
#P-0.548387	-0.354839	-0.190828	0.225806	0.249740	0.677419
#P-0.483871	-0.354839	-0.174869	0.258065	0.239334	0.677419
#P-0.419355	-0.354839	-0.151752	0.290323	0.228928	0.677419
#P-0.354839	-0.354839	-0.122421	0.322581	0.218522	0.677419
#P-0.290323	-0.354839	-0.088079	0.354839	0.208117	0.677419
#P-0.225806	-0.354839	-0.050131	0.387097	0.197711	0.677419
#P-0.161290	-0.354839	-0.010130	0.419355	0.187305	0.677419
#P-0.096774	-0.354839	0.030286	0.451613	0.176899	0.677419
#P-0.032258	-0.354839	0.069461	0.483871	0.166493	0.677419
#P0.032258	-0.354839	0.105793	0.516129	0.156087	0.677419
#P0.096774	-0.354839	0.137793	0.548387	0.145682	0.677419
#P0.161290	-0.354839	0.164153	0.580645	0.135276	0.677419
#P0.225806	-0.354839	0.183792	0.612903	0.124870	0.677419
#P0.290323	-0.354839	0.195906	0.645161	0.114464	0.677419
#P0.354839	-0.354839	0.200000	0.677419	0.104058	0.677419
#P0.419355	-0.354839	0.195906	0.709677	0.093652	0.677419
#P0.483871	-0.354839	0.183792	0.741935	0.083247	0.677419
#P0.548387	-0.354839	0.164153	0.774194	0.072841	0.677419
#P0.612903	-0.354839	0.137793	0.806452	0.062435	0.677419
#P0.677419	-0.354839	0.105793	0.838710	0.052029	0.677419
#P0.741935	-0.354839	0.069461	0.870968	0.041623	0.677419
#P0.806452	-0.354839	0.030286	0.903226	0.031217	0.677419
#P0.870968	-0.354839	-0.010130	0.935484	0.020812	0.677419
#P0.935484	-0.354839	-0.050131	0.967742	0.010406	0.677419
#P1.000000	-0.354839	-0.088079	1.000000	0.000000	0.677419
#P-1.000000	-0.290323	-0.122421	0.000000	0.354839	0.645161
#P-0.935484	-0.290323	-0.151752	0.032258	0.343392	0.645161
#P-0.870968	-0.290323	-0.174869	0.064516	0.331946	0.645161
#P-0.806452	-0.290323	-0.190828	0.096774	0.320499	0.645161
#P-0.741935	-0.290323	-0.198974	0.129032	0.309053	0.645161
#P-0.677419	-0.290323	-0.198974	0.161290	0.297607	0.645161
#P-0.612903	-0.290323	-0.190828	0.193548	0.286160	0.645161
#P-0.548387	-0.290323	-0.174869	0.225806	0.274714	0.645161
#P-0.483871	-0.290323	-0.151752	0.258065	0.263267	0.645161
#P-0.419355	-0.290323	-0.122421	0.290323	0.251821	0.645161
#P-0.354839	-0.290323	-0.088079	0.322581	0.240375	0.645161
#P-0.290323	-0.290323	-0.050131	0.354839	0.228928	0.645161
#P-0.225806	-0.290323	-0.010130	0.387097	0.217482	0.645161
#P-0.161290	-0.290323	0.030286	0.419355	0.206035	0.645161
#P-0.096774	-0.290323	0.069461	0.451613	0.194589	0.645161
#P-0.032258	-0.290323	0.105793	0.483871	0.183143	0.645161
#P0.032258	-0.290323	0.137793	0.516129	0.171696	0.645161
#P0.096774	-0.290323	0.164153	0.548387	0.160250	0.645161
#P0.161290	-0.290323	0.183792	0.580645	0.148803	0.645161
#P0.225806	-0.290323	0.195906	0.612903	0.137357	0.645161
#P0.290323	-0.290323	0.200000	0.645161	0.125911	0.645161
#P0.354839	-0.290323	0.195906	0.677419	0.114464	0.645161
#P0.419355	-0.290323	0.183792	0.709677	0.103018	0.645161
#P0.483871	-0.290323	0.164153	0.741935	0.091571	0.645161
#P0.548387	-0.290323	0.137793	0.774194	0.080125	0.645161
#P0.612903	-0.290323	0.105793	0.806452	0.068678	0.645161
#P0.677419	-0.290323	0.069461	0.838710	0.057232	0.645161
#P0.741935	-0.290323	0.030286	0.870968	0.045786	0.645161
#P0.806452	-0.290323	-0.010130	0.903226	0.034339	0.645161
#P0.870968	-0.290323	-0.050131	0.935484	0.022893	0.645161
#P0.935484	-0.290323	-0.088079	0.967742	0.011446	0.645161
#P1.000000	-0.290323	-0.122421	1.000000	0.000000	0.645161
#P-1.000000	-0.225806	-0.151752	0.000000	0.387097	0.612903
#P-0.935484	-0.225806	-0.174869	0.032258	0.374610	0.612903
#P-0.870968	-0.225806	-0.190828	0.064516	0.362123	0.612903
#P-0.806452	-0.225806	-0.198974	0.096774	0.349636	0.612903
#P-0.741935	-0.225806	-0.198974	0.129032	0.337149	0.612903
#P-0.677419	-0.225806	-0.190828	0.161290	0.324662	0.612903
#P-0.612903	-0.225806	-0.174869	0.193548	0.312175	0.612903
#P-0.548387	-0.225806	-0.151752	0.225806	0.299688	0.612903
#P-0.483871	-0.225806	-0.122421	0.258065	0.287201	0.612903
#P-0.419355	-0.225806	-0.088079	0.290323	0.274714	0.612903
#P-0.354839	-0.225806	-0.050131	0.322581	0.262227	0.612903
#P-0.290323	-0.225806	-0.010130	0.354839	0.249740	0.612903
#P-0.225806	-0.225806	0.030286	0.387097	0.237253	0.612903
#P-0.161290	-0.225806	0.069461	0.419355	0.224766	0.612903
#P-0.096774	-0.225806	0.105793	0.451613	0.212279	0.612903
#P-0.032258	-0.225806	0.137793	0.483871	0.199792	0.612903
#P0.032258	-0.225806	0.164153	0.516129	0.187305	0.612903
#P0.096774	-0.225806	0.183792	0.548387	0.174818	0.612903
#P0.161290	-0.225806	0.195906	0.580645	0.162331	0.612903
#P0.225806	-0.225806	0.200000	0.612903	0.149844	0.612903
#P0.290323	-0.225806	0.195906	0.645161	0.137357	0.612903
#P0.354839	-0.225806	0.183792	0.677419	0.124870	0.612903
#P0.419355	-0.225806	0.164153	0.709677	0.112383	0.612903
#P0.483871	-0.225806	0.137793	0.741935	0.099896	0.612903
#P0.548387	-0.225806	0.105793	0.774194	0.087409	0.612903
#P0.612903	-0.225806	0.069461	0.806452	0.074922	0.612903
#P0.677419	-0.225806	0.030286	0.838710	0.062435	0.612903
#P0.741935	-0.225806	-0.010130	0.870968	0.049948	0.612903
#P0.806452	-0.225806	-0.050131	0.903226	0.037461	0.612903
#P0.870968	-0.225806	-0.088079	0.935484	0.024974	0.612903
#P0.935484	-0.225806	-0.122421	0.967742	0.012487	0.612903
#P1.000000	-0.225806	-0.151752	1.000000	0.000000	0.612903
#P-1.000000	-0.161290	-0.174869	0.000000	0.419355	0.580645
#P-0.935484	-0.161290	-0.190828	0.032258	0.405827	0.580645
#P-0.870968	-0.161290	-0.198974	0.064516	0.392300	0.580645
#P-0.806452	-0.161290	-0.198974	0.096774	0.378772	0.580645
#P-0.741935	-0.161290	-0.190828	0.129032	0.365245	0.580645
#P-0.677419	-0.161290	-0.174869	0.161290	0.351717	0.580645
#P-0.612903	-0.161290	-0.151752	0.193548	0.338189	0.580645
#P-0.548387	-0.161290	-0.122421	0.225806	0.324662	0.580645
#P-0.483871	-0.161290	-0.088079	0.258065	0.311134	0.580645
#P-0.419355	-0.161290	-0.050131	0.290323	0.297607	0.580645
#P-0.354839	-0.161290	-0.010130	0.322581	0.284079	0.580645
#P-0.290323	-0.161290	0.030286	0.354839	0.270552	0.580645
#P-0.225806	-0.161290	0.069461	0.387097	0.257024	0.580645
#P-0.161290	-0.161290	0.105793	0.419355	0.243496	0.580645
#P-0.096774	-0.161290	0.137793	0.451613	0.229969	0.580645
#P-0.032258	-0.161290	0.164153	0.483871	0.216441	0.580645
#P0.032258	-0.161290	0.183792	0.516129	0.202914	0.580645
#P0.096774	-0.161290	0.195906	0.548387	0.189386	0.580645
#P0.161290	-0.161290	0.200000	0.580645	0.175858	0.580645
#P0.225806	-0.161290	0.195906	0.612903	0.162331	0.580645
#P0.290323	-0.161290	0.183792	0.645161	0.148803	0.580645
#P0.354839	-0.161290	0.164153	0.677419	0.135276	0.580645
#P0.419355	-0.161290	0.137793	0.709677	0.121748	0.580645
#P0.483871	-0.161290	0.105793	0.741935	0.108221	0.580645
#P0.548387	-0.161290	0.069461	0.774194	0.094693	0.580645
#P0.612903	-0.161290	0.030286	0.806452	0.081165	0.580645
#P0.677419	-0.161290	-0.010130	0.838710	0.067638	0.580645
#P0.741935	-0.161290	-0.050131	0.870968	0.054110	0.580645
#P0.806452	-0.161290	-0.088079	0.903226	0.040583	0.580645
#P0.870968	-0.161290	-0.122421	0.935484	0.027055	0.580645
#P0.935484	-0.161290	-0.151752	0.967742	0.013528	0.580645
#P1.000000	-0.161290	-0.174869	1.000000	0.000000	0.580645
#P-1.000000	-0.096774	-0.190828	0.000000	0.451613	0.548387
#P-0.935484	-0.096774	-0.198974	0.032258	0.437045	0.548387
#P-0.870968	-0.096774	-0.198974	0.064516	0.422477	0.548387
#P-0.806452	-0.096774	-0.190828	0.096774	0.407908	0.548387
#P-0.741935	-0.096774	-0.174869	0.129032	0.393340	0.548387
#P-0.677419	-0.096774	-0.151752	0.161290	0.378772	0.548387
#P-0.612903	-0.096774	-0.122421	0.193548	0.364204	0.548387
#P-0.548387	-0.096774	-0.088079	0.225806	0.349636	0.548387
#P-0.483871	-0.096774	-0.050131	0.258065	0.335068	0.548387
#P-0.419355	-0.096774	-0.010130	0.290323	0.320499	0.548387
#P-0.354839	-0.096774	0.030286	0.322581	0.305931	0.548387
#P-0.290323	-0.096774	0.069461	0.354839	0.291363	0.548387
#P-0.225806	-0.096774	0.105793	0.387097	0.276795	0.548387
#P-0.161290	-0.096774	0.137793	0.419355	0.262227	0.548387
#P-0.096774	-0.096774	0.164153	0.451613	0.247659	0.548387
#P-0.032258	-0.096774	0.183792	0.483871	0.233091	0.548387
#P0.032258	-0.096774	0.195906	0.516129	0.218522	0.548387
#P0.096774	-0.096774	0.200000	0.548387	0.203954	0.548387
#P0.161290	-0.096774	0.195906	0.580645	0.189386	0.548387
#P0.225806	-0.096774	0.183792	0.612903	0.174818	0.548387
#P0.290323	-0.096774	0.164153	0.645161	0.160250	0.548387
#P0.354839	-0.096774	0.137793	0.677419	0.145682	0.548387
#P0.419355	-0.096774	0.105793	0.709677	0.131113	0.548387
#P0.483871	-0.096774	0.069461	0.741935	0.116545	0.548387
#P0.548387	-0.096774	0.030286	0.774194	0.101977	0.548387
#P0.612903	-0.096774	-0.010130	0.806452	0.087409	0.548387
#P0.677419	-0.096774	-0.050131	0.838710	0.072841	0.548387
#P0.741935	-0.096774	-0.088079	0.870968	0.058273	0.548387
#P0.806452	-0.096774	-0.122421	0.903226	0.043704	0.548387
#P0.870968	-0.096774	-0.151752	0.935484	0.029136	0.548387
#P0.935484	-0.096774	-0.174869	0.967742	0.014568	0.548387
#P1.000000	-0.096774	-0.190828	1.000000	0.000000	0.548387
#P-1.000000	-0.032258	-0.198974	0.000000	0.483871	0.516129
#P-0.935484	-0.032258	-0.198974	0.032258	0.468262	0.516129
#P-0.870968	-0.032258	-0.190828	0.064516	0.452653	0.516129
#P-0.806452	-0.032258	-0.174869	0.096774	0.437045	0.516129
#P-0.741935	-0.032258	-0.151752	0.129032	0.421436	0.516129
#P-0.677419	-0.032258	-0.122421	0.161290	0.405827	0.516129
#P-0.612903	-0.032258	-0.088079	0.193548	0.390219	0.516129
#P-0.548387	-0.032258	-0.050131	0.225806	0.374610	0.516129
#P-0.483871	-0.032258	-0.010130	0.258065	0.359001	0.516129
#P-0.419355	-0.032258	0.030286	0.290323	0.343392	0.516129
#P-0.354839	-0.032258	0.069461	0.322581	0.327784	0.516129
#P-0.290323	-0.032258	0.105793	0.354839	0.312175	0.516129
#P-0.225806	-0.032258	0.137793	0.387097	0.296566	0.516129
#P-0.161290	-0.032258	0.164153	0.419355	0.280957	0.516129
#P-0.096774	-0.032258	0.183792	0.451613	0.265349	0.516129
#P-0.032258	-0.032258	0.195906	0.483871	0.249740	0.516129
#P0.032258	-0.032258	0.200000	0.516129	0.234131	0.516129
#P0.096774	-0.032258	0.195906	0.548387	0.218522	0.516129
#P0.161290	-0.032258	0.183792	0.580645	0.202914	0.516129
#P0.225806	-0.032258	0.164153	0.612903	0.187305	0.516129
#P0.290323	-0.032258	0.137793	0.645161	0.171696	0.516129
#P0.354839	-0.032258	0.105793	0.677419	0.156087	0.516129
#P0.419355	-0.032258	0.069461	0.709677	0.140479	0.516129
#P0.483871	-0.032258	0.030286	0.741935	0.124870	0.516129
#P0.548387	-0.032258	-0.010130	0.774194	0.109261	0.516129
#P0.612903	-0.032258	-0.050131	0.806452	0.093652	0.516129
#P0.677419	-0.032258	-0.088079	0.838710	0.078044	0.516129
#P0.741935	-0.032258	-0.122421	0.870968	0.062435	0.516129
#P0.806452	-0.032258	-0.151752	0.903226	0.046826	0.516129
#P0.870968	-0.032258	-0.174869	0.935484	0.031217	0.516129
#P0.935484	-0.032258	-0.190828	0.967742	0.015609	0.516129
#P1.000000	-0.032258	-0.198974	1.000000	0.000000	0.516129
#P-1.000000	0.032258	-0.198974	0.000000	0.516129	0.483871
#P-0.935484	0.032258	-0.190828	0.032258	0.499480	0.483871
#P-0.870968	0.032258	-0.174869	0.064516	0.482830	0.483871
#P-0.806452	0.032258	-0.151752	0.096774	0.466181	0.483871
#P-0.741935	0.032258	-0.122421	0.129032	0.449532	0.483871
#P-0.677419	0.032258	-0.088079	0.161290	0.432882	0.483871
#P-0.612903	0.032258	-0.050131	0.193548	0.416233	0.483871
#P-0.548387	0.032258	-0.010130	0.225806	0.399584	0.483871
#P-0.483871	0.032258	0.030286	0.258065	0.382934	0.483871
#P-0.419355	0.032258	0.069461	0.290323	0.366285	0.483871
#P-0.354839	0.032258	0.105793	0.322581	0.349636	0.483871
#P-0.290323	0.032258	0.137793	0.354839	0.332986	0.483871
#P-0.225806	0.032258	0.164153	0.387097	0.316337	0.483871
#P-0.161290	0.032258	0.183792	0.419355	0.299688	0.483871
#P-0.096774	0.032258	0.195906	0.451613	0.283039	0.483871
#P-0.032258	0.032258	0.200000	0.483871	0.266389	0.483871
#P0.032258	0.032258	0.195906	0.516129	0.249740	0.483871
#P0.096774	0.032258	0.183792	0.548387	0.233091	0.483871
#P0.161290	0.032258	0.164153	0.580645	0.216441	0.483871
#P0.225806	0.032258	0.137793	0.612903	0.199792	0.483871
#P0.290323	0.032258	0.105793	0.645161	0.183143	0.483871
#P0.354839	0.032258	0.069461	0.677419	0.166493	0.483871
#P0.419355	0.032258	0.030286	0.709677	0.149844	0.483871
#P0.483871	0.032258	-0.010130	0.741935	0.133195	0.483871
#P0.548387	0.032258	-0.050131	0.774194	0.116545	0.483871
#P0.612903	0.032258	-0.088079	0.806452	0.099896	0.483871
#P0.677419	0.032258	-0.122421	0.838710	0.083247	0.483871
#P0.741935	0.032258	-0.151752	0.870968	0.066597	0.483871
#P0.806452	0.032258	-0.174869	0.903226	0.049948	0.483871
#P0.870968	0.032258	-0.190828	0.935484	0.033299	0.483871
#P0.935484	0.032258	-0.198974	0.967742	0.016649	0.483871
#P1.000000	0.032258	-0.198974	1.000000	0.000000	0.483871
#P-1.000000	0.096774	-0.190828	0.000000	0.548387	0.451613
#P-0.935484	0.096774	-0.174869	0.032258	0.530697	0.451613
#P-0.870968	0.096774	-0.151752	0.064516	0.513007	0.451613
#P-0.806452	0.096774	-0.122421	0.096774	0.495317	0.451613
#P-0.741935	0.096774	-0.088079	0.129032	0.477627	0.451613
#P-0.677419	0.096774	-0.050131	0.161290	0.459938	0.451613
#P-0.612903	0.096774	-0.010130	0.193548	0.442248	0.451613
#P-0.548387	0.096774	0.030286	0.225806	0.424558	0.451613
#P-0.483871	0.096774	0.069461	0.258065	0.406868	0.451613
#P-0.419355	0.096774	0.105793	0.290323	0.389178	0.451613
#P-0.354839	0.096774	0.137793	0.322581	0.371488	0.451613
#P-0.290323	0.096774	0.164153	0.354839	0.353798	0.451613
#P-0.225806	0.096774	0.183792	0.387097	0.336108	0.451613
#P-0.161290	0.096774	0.195906	0.419355	0.318418	0.451613
#P-0.096774	0.096774	0.200000	0.451613	0.300728	0.451613
#P-0.032258	0.096774	0.195906	0.483871	0.283039	0.451613
#P0.032258	0.096774	0.183792	0.516129	0.265349	0.451613
#P0.096774	0.096774	0.164153	0.548387	0.247659	0.451613
#P0.161290	0.096774	0.137793	0.580645	0.229969	0.451613
#P0.225806	0.096774	0.105793	0.612903	0.212279	0.451613
#P0.290323	0.096774	0.069461	0.645161	0.194589	0.451613
#P0.354839	0.096774	0.030286	0.677419	0.176899	0.451613
#P0.419355	0.096774	-0.010130	0.709677	0.159209	0.451613
#P0.483871	0.096774	-0.050131	0.741935	0.141519	0.451613
#P0.548387	0.096774	-0.088079	0.774194	0.123829	0.451613
#P0.612903	0.096774	-0.122421	0.806452	0.106139	0.451613
#P0.677419	0.096774	-0.151752	0.838710	0.088450	0.451613
#P0.741935	0.096774	-0.174869	0.870968	0.070760	0.451613
#P0.806452	0.096774	-0.190828	0.903226	0.053070	0.451613
#P0.870968	0.096774	-0.198974	0.935484	0.035380	0.451613
#P0.935484	0.096774	-0.198974	0.967742	0.017690	0.451613
#P1.000000	0.096774	-0.190828	1.000000	0.000000	0.451613
#P-1.000000	0.161290	-0.174869	0.000000	0.580645	0.419355
#P-0.935484	0.161290	-0.151752	0.032258	0.561915	0.419355
#P-0.870968	0.161290	-0.122421	0.064516	0.543184	0.419355
#P-0.806452	0.161290	-0.088079	0.096774	0.524454	0.419355
#P-0.741935	0.161290	-0.050131	0.129032	0.505723	0.419355
#P-0.677419	0.161290	-0.010130	0.161290	0.486993	0.419355
#P-0.612903	0.161290	0.030286	0.193548	0.468262	0.419355
#P-0.548387	0.161290	0.069461	0.225806	0.449532	0.419355
#P-0.483871	0.161290	0.105793	0.258065	0.430801	0.419355
#P-0.419355	0.161290	0.137793	0.290323	0.412071	0.419355
#P-0.354839	0.161290	0.164153	0.322581	0.393340	0.419355
#P-0.290323	0.161290	0.183792	0.354839	0.374610	0.419355
#P-0.225806	0.161290	0.195906	0.387097	0.355879	0.419355
#P-0.161290	0.161290	0.200000	0.419355	0.337149	0.419355
#P-0.096774	0.161290	0.195906	0.451613	0.318418	0.419355
#P-0.032258	0.161290	0.183792	0.483871	0.299688	0.419355
#P0.032258	0.161290	0.164153	0.516129	0.280957	0.419355
#P0.096774	0.161290	0.137793	0.548387	0.262227	0.419355
#P0.161290	0.161290	0.105793	0.580645	0.243496	0.419355
#P0.225806	0.161290	0.069461	0.612903	0.224766	0.419355
#P0.290323	0.161290	0.030286	0.645161	0.206035	0.419355
#P0.354839	0.161290	-0.010130	0.677419	0.187305	0.419355
#P0.419355	0.161290	-0.050131	0.709677	0.168574	0.419355
#P0.483871	0.161290	-0.088079	0.741935	0.149844	0.419355
#P0.548387	0.161290	-0.122421	0.774194	0.131113	0.419355
#P0.612903	0.161290	-0.151752	0.806452	0.112383	0.419355
#P0.677419	0.161290	-0.174869	0.838710	0.093652	0.419355
#P0.741935	0.161290	-0.190828	0.870968	0.074922	0.419355
#P0.806452	0.161290	-0.198974	0.903226	0.056191	0.419355
#P0.870968	0.161290	-0.198974	0.935484	0.037461	0.419355
#P0.935484	0.161290	-0.190828	0.967742	0.018730	0.419355
#P1.000000	0.161290	-0.174869	1.000000	0.000000	0.419355
#P-1.000000	0.225806	-0.151752	0.000000	0.612903	0.387097
#P-0.935484	0.225806	-0.122421	0.032258	0.593132	0.387097
#P-0.870968	0.225806	-0.088079	0.064516	0.573361	0.387097
#P-0.806452	0.225806	-0.050131	0.096774	0.553590	0.387097
#P-0.741935	0.225806	-0.010130	0.129032	0.533819	0.387097
#P-0.677419	0.225806	0.030286	0.161290	0.514048	0.387097
#P-0.612903	0.225806	0.069461	0.193548	0.494277	0.387097
#P-0.548387	0.225806	0.105793	0.225806	0.474506	0.387097
#P-0.483871	0.225806	0.137793	0.258065	0.454735	0.387097
#P-0.419355	0.225806	0.164153	0.290323	0.434964	0.387097
#P-0.354839	0.225806	0.183792	0.322581	0.415193	0.387097
#P-0.290323	0.225806	0.195906	0.354839	0.395421	0.387097
#P-0.225806	0.225806	0.200000	0.387097	0.375650	0.387097
#P-0.161290	0.225806	0.195906	0.419355	0.355879	0.387097
#P-0.096774	0.225806	0.183792	0.451613	0.336108	0.387097
#P-0.032258	0.225806	0.164153	0.483871	0.316337	0.387097
#P0.032258	0.225806	0.137793	0.516129	0.296566	0.387097
#P0.096774	0.225806	0.105793	0.548387	0.276795	0.387097
#P0.161290	0.225806	0.069461	0.580645	0.257024	0.387097
#P0.225806	0.225806	0.030286	0.612903	0.237253	0.387097
#P0.290323	0.225806	-0.010130	0.645161	0.217482	0.387097
#P0.354839	0.225806	-0.050131	0.677419	0.197711	0.387097
#P0.419355	0.225806	-0.088079	0.709677	0.177940	0.387097
#P0.483871	0.225806	-0.122421	0.741935	0.158169	0.387097
#P0.548387	0.225806	-0.151752	0.774194	0.138398	0.387097
#P0.612903	0.225806	-0.174869	0.806452	0.118626	0.387097
#P0.677419	0.225806	-0.190828	0.838710	0.098855	0.387097
#P0.741935	0.225806	-0.198974	0.870968	0.079084	0.387097
#P0.806452	0.225806	-0.198974	0.903226	0.059313	0.387097
#P0.870968	0.225806	-0.190828	0.935484	0.039542	0.387097
#P0.935484	0.225806	-0.174869	0.967742	0.019771	0.387097
#P1.000000	0.225806	-0.151752	1.000000	0.000000	0.387097
#P-1.000000	0.290323	-0.122421	0.000000	0.645161	0.354839
#P-0.935484	0.290323	-0.088079	0.032258	0.624350	0.354839
#P-0.870968	0.290323	-0.050131	0.064516	0.603538	0.354839
#P-0.806452	0.290323	-0.010130	0.096774	0.582726	0.354839
#P-0.741935	0.290323	0.030286	0.129032	0.561915	0.354839
#P-0.677419	0.290323	0.069461	0.161290	0.541103	0.354839
#P-0.612903	0.290323	0.105793	0.193548	0.520291	0.354839
#P-0.548387	0.290323	0.137793	0.225806	0.499480	0.354839
#P-0.483871	0.290323	0.164153	0.258065	0.478668	0.354839
#P-0.419355	0.290323	0.183792	0.290323	0.457856	0.354839
#P-0.354839	0.290323	0.195906	0.322581	0.437045	0.354839
#P-0.290323	0.290323	0.200000	0.354839	0.416233	0.354839
#P-0.225806	0.290323	0.195906	0.387097	0.395421	0.354839
#P-0.161290	0.290323	0.183792	0.419355	0.374610	0.354839
#P-0.096774	0.290323	0.164153	0.451613	0.353798	0.354839
#P-0.032258	0.290323	0.137793	0.483871	0.332986	0.354839
#P0.032258	0.290323	0.105793	0.516129	0.312175	0.354839
#P0.096774	0.290323	0.069461	0.548387	0.291363	0.354839
#P0.161290	0.290323	0.030286	0.580645	0.270552	0.354839
#P0.225806	0.290323	-0.010130	0.612903	0.249740	0.354839
#P0.290323	0.290323	-0.050131	0.645161	0.228928	0.354839
#P0.354839	0.290323	-0.088079	0.677419	0.208117	0.354839
#P0.419355	0.290323	-0.122421	0.709677	0.187305	0.354839
#P0.483871	0.290323	-0.151752	0.741935	0.166493	0.354839
#P0.548387	0.290323	-0.174869	0.774194	0.145682	0.354839
#P0.612903	0.290323	-0.190828	0.806452	0.124870	0.354839
#P0.677419	0.290323	-0.198974	0.838710	0.104058	0.354839
#P0.741935	0.290323	-0.198974	0.870968	0.083247	0.354839
#P0.806452	0.290323	-0.190828	0.903226	0.062435	0.354839
#P0.870968	0.290323	-0.174869	0.935484	0.041623	0.354839
#P0.935484	0.290323	-0.151752	0.967742	0.020812	0.354839
#P1.000000	0.290323	-0.122421	1.000000	0.000000	0.354839
#P-1.000000	0.354839	-0.088079	0.000000	0.677419	0.322581
#P-0.935484	0.354839	-0.050131	0.032258	0.655567	0.322581
#P-0.870968	0.354839	-0.010130	0.064516	0.633715	0.322581
#P-0.806452	0.354839	0.030286	0.096774	0.611863	0.322581
#P-0.741935	0.354839	0.069461	0.129032	0.590010	0.322581
#P-0.677419	0.354839	0.105793	0.161290	0.568158	0.322581
#P-0.612903	0.354839	0.137793	0.193548	0.546306	0.322581
#P-0.548387	0.354839	0.164153	0.225806	0.524454	0.322581
#P-0.483871	0.354839	0.183792	0.258065	0.502601	0.322581
#P-0.419355	0.354839	0.195906	0.290323	0.480749	0.322581
#P-0.354839	0.354839	0.200000	0.322581	0.458897	0.322581
#P-0.290323	0.354839	0.195906	0.354839	0.437045	0.322581
#P-0.225806	0.354839	0.183792	0.387097	0.415193	0.322581
#P-0.161290	0.354839	0.164153	0.419355	0.393340	0.322581
#P-0.096774	0.354839	0.137793	0.451613	0.371488	0.322581
#P-0.032258	0.354839	0.105793	0.483871	0.349636	0.322581
#P0.032258	0.354839	0.069461	0.516129	0.327784	0.322581
#P0.096774	0.354839	0.030286	0.548387	0.305931	0.322581
#P0.161290	0.354839	-0.010130	0.580645	0.284079	0.322581
#P0.225806	0.354839	-0.050131	0.612903	0.262227	0.322581
#P0.290323	0.354839	-0.088079	0.645161	0.240375	0.322581
#P0.354839	0.354839	-0.122421	0.677419	0.218522	0.322581
#P0.419355	0.354839	-0.151752	0.709677	0.196670	0.322581
#P0.483871	0.354839	-0.174869	0.741935	0.174818	0.322581
#P0.548387	0.354839	-0.190828	0.774194	0.152966	0.322581
#P0.612903	0.354839	-0.198974	0.806452	0.131113	0.322581
#P0.677419	0.354839	-0.198974	0.838710	0.109261	0.322581
#P0.741935	0.354839	-0.190828	0.870968	0.087409	0.322581
#P0.806452	0.354839	-0.174869	0.903226	0.065557	0.322581
#P0.870968	0.354839	-0.151752	0.935484	0.043704	0.322581
#P0.935484	0.354839	-0.122421	0.967742	0.021852	0.322581
#P1.000000	0.354839	-0.088079	1.000000	0.000000	0.322581
#P-1.000000	0.419355	-0.050131	0.000000	0.709677	0.290323
#P-0.935484	0.419355	-0.010130	0.032258	0.686785	0.290323
#P-0.870968	0.419355	0.030286	0.064516	0.663892	0.290323
#P-0.806452	0.419355	0.069461	0.096774	0.640999	0.290323
#P-0.741935	0.419355	0.105793	0.129032	0.618106	0.290323
#P-0.677419	0.419355	0.137793	0.161290	0.595213	0.290323
#P-0.612903	0.419355	0.164153	0.193548	0.572320	0.290323
#P-0.548387	0.419355	0.183792	0.225806	0.549428	0.290323
#P-0.483871	0.419355	0.195906	0.258065	0.526535	0.290323
#P-0.419355	0.419355	0.200000	0.290323	0.503642	0.290323
#P-0.354839	0.419355	0.195906	0.322581	0.480749	0.290323
#P-0.290323	0.419355	0.183792	0.354839	0.457856	0.290323
#P-0.225806	0.419355	0.164153	0.387097	0.434964	0.290323
#P-0.161290	0.419355	0.137793	0.419355	0.412071	0.290323
#P-0.096774	0.419355	0.105793	0.451613	0.389178	0.290323
#P-0.032258	0.419355	0.069461	0.483871	0.366285	0.290323
#P0.032258	0.419355	0.030286	0.516129	0.343392	0.290323
#P0.096774	0.419355	-0.010130	0.548387	0.320499	0.290323
#P0.161290	0.419355	-0.050131	0.580645	0.297607	0.290323
#P0.225806	0.419355	-0.088079	0.612903	0.274714	0.290323
#P0.290323	0.419355	-0.122421	0.645161	0.251821	0.290323
#P0.354839	0.419355	-0.151752	0.677419	0.228928	0.290323
#P0.419355	0.419355	-0.174869	0.709677	0.206035	0.290323
#P0.483871	0.419355	-0.190828	0.741935	0.183143	0.290323
#P0.548387	0.419355	-0.198974	0.774194	0.160250	0.290323
#P0.612903	0.419355	-0.198974	0.806452	0.137357	0.290323
#P0.677419	0.419355	-0.190828	0.838710	0.114464	0.290323
#P0.741935	0.419355	-0.174869	0.870968	0.091571	0.290323
#P0.806452	0.419355	-0.151752	0.903226	0.068678	0.290323
#P0.870968	0.419355	-0.122421	0.935484	0.045786	0.290323
#P0.935484	0.419355	-0.088079	0.967742	0.022893	0.290323
#P1.000000	0.419355	-0.050131	1.000000	0.000000	0.290323
#P-1.000000	0.483871	-0.010130	0.000000	0.741935	0.258065
#P-0.935484	0.483871	0.030286	0.032258	0.718002	0.258065
#P-0.870968	0.483871	0.069461	0.064516	0.694069	0.258065
#P-0.806452	0.483871	0.105793	0.096774	0.670135	0.258065
#P-0.741935	0.483871	0.137793	0.129032	0.646202	0.258065
#P-0.677419	0.483871	0.164153	0.161290	0.622268	0.258065
#P-0.612903	0.483871	0.183792	0.193548	0.598335	0.258065
#P-0.548387	0.483871	0.195906	0.225806	0.574402	0.258065
#P-0.483871	0.483871	0.200000	0.258065	0.550468	0.258065
#P-0.419355	0.483871	0.195906	0.290323	0.526535	0.258065
#P-0.354839	0.483871	0.183792	0.322581	0.502601	0.258065
#P-0.290323	0.483871	0.164153	0.354839	0.478668	0.258065
#P-0.225806	0.483871	0.137793	0.387097	0.454735	0.258065
#P-0.161290	0.483871	0.105793	0.419355	0.430801	0.258065
#P-0.096774	0.483871	0.069461	0.451613	0.406868	0.258065
#P-0.032258	0.483871	0.030286	0.483871	0.382934	0.258065
#P0.032258	0.483871	-0.010130	0.516129	0.359001	0.258065
#P0.096774	0.483871	-0.050131	0.548387	0.335068	0.258065
#P0.161290	0.483871	-0.088079	0.580645	0.311134	0.258065
#P0.225806	0.483871	-0.122421	0.612903	0.287201	0.258065
#P0.290323	0.483871	-0.151752	0.645161	0.263267	0.258065
#P0.354839	0.483871	-0.174869	0.677419	0.239334	0.258065
#P0.419355	0.483871	-0.190828	0.709677	0.215401	0.258065
#P0.483871	0.483871	-0.198974	0.741935	0.191467	0.258065
#P0.548387	0.483871	-0.198974	0.774194	0.167534	0.258065
#P0.612903	0.483871	-0.190828	0.806452	0.143600	0.258065
#P0.677419	0.483871	-0.174869	0.838710	0.119667	0.258065
#P0.741935	0.483871	-0.151752	0.870968	0.095734	0.258065
#P0.806452	0.483871	-0.122421	0.903226	0.071800	0.258065
#P0.870968	0.483871	-0.088079	0.935484	0.047867	0.258065
#P0.935484	0.483871	-0.050131	0.967742	0.023933	0.258065
#P1.000000	0.483871	-0.010130	1.000000	0.000000	0.258065
#P-1.000000	0.548387	0.030286	0.000000	0.774194	0.225806
#P-0.935484	0.548387	0.069461	0.032258	0.749220	0.225806
#P-0.870968	0.548387	0.105793	0.064516	0.724246	0.225806
#P-0.806452	0.548387	0.137793	0.096774	0.699272	0.225806
#P-0.741935	0.548387	0.164153	0.129032	0.674298	0.225806
#P-0.677419	0.548387	0.183792	0.161290	0.649324	0.225806
#P-0.612903	0.548387	0.195906	0.193548	0.624350	0.225806
#P-0.548387	0.548387	0.200000	0.225806	0.599376	0.225806
#P-0.483871	0.548387	0.195906	0.258065	0.574402	0.225806
#P-0.419355	0.548387	0.183792	0.290323	0.549428	0.225806
#P-0.354839	0.548387	0.164153	0.322581	0.524454	0.225806
#P-0.290323	0.548387	0.137793	0.354839	0.499480	0.225806
#P-0.225806	0.548387	0.105793	0.387097	0.474506	0.225806
#P-0.161290	0.548387	0.069461	0.419355	0.449532	0.225806
#P-0.096774	0.548387	0.030286	0.451613	0.424558	0.225806
#P-0.032258	0.548387	-0.010130	0.483871	0.399584	0.225806
#P0.032258	0.548387	-0.050131	0.516129	0.374610	0.225806
#P0.096774	0.548387	-0.088079	0.548387	0.349636	0.225806
#P0.161290	0.548387	-0.122421	0.580645	0.324662	0.225806
#P0.225806	0.548387	-0.151752	0.612903	0.299688	0.225806
#P0.290323	0.548387	-0.174869	0.645161	0.274714	0.225806
#P0.354839	0.548387	-0.190828	0.677419	0.249740	0.225806
#P0.419355	0.548387	-0.198974	0.709677	0.224766	0.225806
#P0.483871	0.548387	-0.198974	0.741935	0.199792	0.225806
#P0.548387	0.548387	-0.190828	0.774194	0.174818	0.225806
#P0.612903	0.548387	-0.174869	0.806452	0.149844	0.225806
#P0.677419	0.548387	-0.151752	0.838710	0.124870	0.225806
#P0.741935	0.548387	-0.122421	0.870968	0.099896	0.225806
#P0.806452	0.548387	-0.088079	0.903226	0.074922	0.225806
#P0.870968	0.548387	-0.050131	0.935484	0.049948	0.225806
#P0.935484	0.548387	-0.010130	0.967742	0.024974	0.225806
#P1.000000	0.548387	0.030286	1.000000	0.000000	0.225806
#P-1.000000	0.612903	0.069461	0.000000	0.806452	0.193548
#P-0.935484	0.612903	0.105793	0.032258	0.780437	0.193548
#P-0.870968	0.612903	0.137793	0.064516	0.754422	0.193548
#P-0.806452	0.612903	0.164153	0.096774	0.728408	0.193548
#P-0.741935	0.612903	0.183792	0.129032	0.702393	0.193548
#P-0.677419	0.612903	0.195906	0.161290	0.676379	0.193548
#P-0.612903	0.612903	0.200000	0.193548	0.650364	0.193548
#P-0.548387	0.612903	0.195906	0.225806	0.624350	0.193548
#P-0.483871	0.612903	0.183792	0.258065	0.598335	0.193548
#P-0.419355	0.612903	0.164153	0.290323	0.572320	0.193548
#P-0.354839	0.612903	0.137793	0.322581	0.546306	0.193548
#P-0.290323	0.612903	0.105793	0.354839	0.520291	0.193548
#P-0.225806	0.612903	0.069461	0.387097	0.494277	0.193548
#P-0.161290	0.612903	0.030286	0.419355	0.468262	0.193548
#P-0.096774	0.612903	-0.010130	0.451613	0.442248	0.193548
#P-0.032258	0.612903	-0.050131	0.483871	0.416233	0.193548
#P0.032258	0.612903	-0.088079	0.516129	0.390219	0.193548
#P0.096774	0.612903	-0.122421	0.548387	0.364204	0.193548
#P0.161290	0.612903	-0.151752	0.580645	0.338189	0.193548
#P0.225806	0.612903	-0.174869	0.612903	0.312175	0.193548
#P0.290323	0.612903	-0.190828	0.645161	0.286160	0.193548
#P0.354839	0.612903	-0.198974	0.677419	0.260146	0.193548
#P0.419355	0.612903	-0.198974	0.709677	0.234131	0.193548
#P0.483871	0.612903	-0.190828	0.741935	0.208117	0.193548
#P0.548387	0.612903	-0.174869	0.774194	0.182102	0.193548
#P0.612903	0.612903	-0.151752	0.806452	0.156087	0.193548
#P0.677419	0.612903	-0.122421	0.838710	0.130073	0.193548
#P0.741935	0.612903	-0.088079	0.870968	0.104058	0.193548
#P0.806452	0.612903	-0.050131	0.903226	0.078044	0.193548
#P0.870968	0.612903	-0.010130	0.935484	0.052029	0.193548
#P0.935484	0.612903	0.030286	0.967742	0.026015	0.193548
#P1.000000	0.612903	0.069461	1.000000	0.000000	0.193548
#P-1.000000	0.677419	0.105793	0.000000	0.838710	0.161290
#P-0.935484	0.677419	0.137793	0.032258	0.811655	0.161290
#P-0.870968	0.677419	0.164153	0.064516	0.784599	0.161290
#P-0.806452	0.677419	0.183792	0.096774	0.757544	0.161290
#P-0.741935	0.677419	0.195906	0.129032	0.730489	0.161290
#P-0.677419	0.677419	0.200000	0.161290	0.703434	0.161290
#P-0.612903	0.677419	0.195906	0.193548	0.676379	0.161290
#P-0.548387	0.677419	0.183792	0.225806	0.649324	0.161290
#P-0.483871	0.677419	0.164153	0.258065	0.622268	0.161290
#P-0.419355	0.677419	0.137793	0.290323	0.595213	0.161290
#P-0.354839	0.677419	0.105793	0.322581	0.568158	0.161290
#P-0.290323	0.677419	0.069461	0.354839	0.541103	0.161290
#P-0.225806	0.677419	0.030286	0.387097	0.514048	0.161290
#P-0.161290	0.677419	-0.010130	0.419355	0.486993	0.161290
#P-0.096774	0.677419	-0.050131	0.451613	0.459938	0.161290
#P-0.032258	0.677419	-0.088079	0.483871	0.432882	0.161290
#P0.032258	0.677419	-0.122421	0.516129	0.405827	0.161290
#P0.096774	0.677419	-0.151752	0.548387	0.378772	0.161290
#P0.161290	0.677419	-0.174869	0.580645	0.351717	0.161290
#P0.225806	0.677419	-0.190828	0.612903	0.324662	0.161290
#P0.290323	0.677419	-0.198974	0.645161	0.297607	0.161290
#P0.354839	0.677419	-0.198974	0.677419	0.270552	0.161290
#P0.419355	0.677419	-0.190828	0.709677	0.243496	0.161290
#P0.483871	0.677419	-0.174869	0.741935	0.216441	0.161290
#P0.548387	0.677419	-0.151752	0.774194	0.189386	0.161290
#P0.612903	0.677419	-0.122421	0.806452	0.162331	0.161290
#P0.677419	0.677419	-0.088079	0.838710	0.135276	0.161290
#P0.741935	0.677419	-0.050131	0.870968	0.108221	0.161290
#P0.806452	0.677419	-0.010130	0.903226	0.081165	0.161290
#P0.870968	0.677419	0.030286	0.935484	0.054110	0.161290
#P0.935484	0.677419	0.069461	0.967742	0.027055	0.161290
#P1.000000	0.677419	0.105793	1.000000	0.000000	0.161290
#P-1.000000	0.741935	0.137793	0.000000	0.870968	0.129032
#P-0.935484	0.741935	0.164153	0.032258	0.842872	0.129032
#P-0.870968	0.741935	0.183792	0.064516	0.814776	0.129032
#P-0.806452	0.741935	0.195906	0.096774	0.786681	0.129032
#P-0.741935	0.741935	0.200000	0.129032	0.758585	0.129032
#P-0.677419	0.741935	0.195906	0.161290	0.730489	0.129032
#P-0.612903	0.741935	0.183792	0.193548	0.702393	0.129032
#P-0.548387	0.741935	0.164153	0.225806	0.674298	0.129032
#P-0.483871	0.741935	0.137793	0.258065	0.646202	0.129032
#P-0.419355	0.741935	0.105793	0.290323	0.618106	0.129032
#P-0.354839	0.741935	0.069461	0.322581	0.590010	0.129032
#P-0.290323	0.741935	0.030286	0.354839	0.561915	0.129032
#P-0.225806	0.741935	-0.010130	0.387097	0.533819	0.129032
#P-0.161290	0.741935	-0.050131	0.419355	0.505723	0.129032
#P-0.096774	0.741935	-0.088079	0.451613	0.477627	0.129032
#P-0.032258	0.741935	-0.122421	0.483871	0.449532	0.129032
#P0.032258	0.741935	-0.151752	0.516129	0.421436	0.129032
#P0.096774	0.741935	-0.174869	0.548387	0.393340	0.129032
#P0.161290	0.741935	-0.190828	0.580645	0.365245	0.129032
#P0.225806	0.741935	-0.198974	0.612903	0.337149	0.129032
#P0.290323	0.741935	-0.198974	0.645161	0.309053	0.129032
#P0.354839	0.741935	-0.190828	0.677419	0.280957	0.129032
#P0.419355	0.741935	-0.174869	0.709677	0.252862	0.129032
#P0.483871	0.741935	-0.151752	0.741935	0.224766	0.129032
#P0.548387	0.741935	-0.122421	0.774194	0.196670	0.129032
#P0.612903	0.741935	-0.088079	0.806452	0.168574	0.129032
#P0.677419	0.741935	-0.050131	0.838710	0.140479	0.129032
#P0.741935	0.741935	-0.010130	0.870968	0.112383	0.129032
#P0.806452	0.741935	0.030286	0.903226	0.084287	0.129032
#P0.870968	0.741935	0.069461	0.935484	0.056191	0.129032
#P0.935484	0.741935	0.105793	0.967742	0.028096	0.129032
#P1.000000	0.741935	0.137793	1.000000	0.000000	0.129032
#P-1.000000	0.806452	0.164153	0.000000	0.903226	0.096774
#P-0.935484	0.806452	0.183792	0.032258	0.874089	0.096774
#P-0.870968	0.806452	0.195906	0.064516	0.844953	0.096774
#P-0.806452	0.806452	0.200000	0.096774	0.815817	0.096774
#P-0.741935	0.806452	0.195906	0.129032	0.786681	0.096774
#P-0.677419	0.806452	0.183792	0.161290	0.757544	0.096774
#P-0.612903	0.806452	0.164153	0.193548	0.728408	0.096774
#P-0.548387	0.806452	0.137793	0.225806	0.699272	0.096774
#P-0.483871	0.806452	0.105793	0.258065	0.670135	0.096774
#P-0.419355	0.806452	0.069461	0.290323	0.640999	0.096774
#P-0.354839	0.806452	0.030286	0.322581	0.611863	0.096774
#P-0.290323	0.806452	-0.010130	0.354839	0.582726	0.096774
#P-0.225806	0.806452	-0.050131	0.387097	0.553590	0.096774
#P-0.161290	0.806452	-0.088079	0.419355	0.524454	0.096774
#P-0.096774	0.806452	-0.122421	0.451613	0.495317	0.096774
#P-0.032258	0.806452	-0.151752	0.483871	0.466181	0.096774
#P0.032258	0.806452	-0.174869	0.516129	0.437045	0.096774
#P0.096774	0.806452	-0.190828	0.548387	0.407908	0.096774
#P0.161290	0.806452	-0.198974	0.580645	0.378772	0.096774
#P0.225806	0.806452	-0.198974	0.612903	0.349636	0.096774
#P0.290323	0.806452	-0.190828	0.645161	0.320499	0.096774
#P0.354839	0.806452	-0.174869	0.677419	0.291363	0.096774
#P0.419355	0.806452	-0.151752	0.709677	0.262227	0.096774
#P0.483871	0.806452	-0.122421	0.741935	0.233091	0.096774
#P0.548387	0.806452	-0.088079	0.774194	0.203954	0.096774
#P0.612903	0.806452	-0.050131	0.806452	0.174818	0.096774
#P0.677419	0.806452	-0.010130	0.838710	0.145682	0.096774
#P0.741935	0.806452	0.030286	0.870968	0.116545	0.096774
#P0.806452	0.806452	0.069461	0.903226	0.087409	0.096774
#P0.870968	0.806452	0.105793	0.935484	0.058273	0.096774
#P0.935484	0.806452	0.137793	0.967742	0.029136	0.096774
#P1.000000	0.806452	0.164153	1.000000	0.000000	0.096774
#P-1.000000	0.870968	0.183792	0.000000	0.935484	0.064516
#P-0.935484	0.870968	0.195906	0.032258	0.905307	0.064516
#P-0.870968	0.870968	0.200000	0.064516	0.875130	0.064516
#P-0.806452	0.870968	0.195906	0.096774	0.844953	0.064516
#P-0.741935	0.870968	0.183792	0.129032	0.814776	0.064516
#P-0.677419	0.870968	0.164153	0.161290	0.784599	0.064516
#P-0.612903	0.870968	0.137793	0.193548	0.754422	0.064516
#P-0.548387	0.870968	0.105793	0.225806	0.724246	0.064516
#P-0.483871	0.870968	0.069461	0.258065	0.694069	0.064516
#P-0.419355	0.870968	0.030286	0.290323	0.663892	0.064516
#P-0.354839	0.870968	-0.010130	0.322581	0.633715	0.064516
#P-0.290323	0.870968	-0.050131	0.354839	0.603538	0.064516
#P-0.225806	0.870968	-0.088079	0.387097	0.573361	0.064516
#P-0.161290	0.870968	-0.122421	0.419355	0.543184	0.064516
#P-0.096774	0.870968	-0.151752	0.451613	0.513007	0.064516
#P-0.032258	0.870968	-0.174869	0.483871	0.482830	0.064516
#P0.032258	0.870968	-0.190828	0.516129	0.452653	0.064516
#P0.096774	0.870968	-0.198974	0.548387	0.422477	0.064516
#P0.161290	0.870968	-0.198974	0.580645	0.392300	0.064516
#P0.225806	0.870968	-0.190828	0.612903	0.362123	0.064516
#P0.290323	0.870968	-0.174869	0.645161	0.331946	0.064516
#P0.354839	0.870968	-0.151752	0.677419	0.301769	0.064516
#P0.419355	0.870968	-0.122421	0.709677	0.271592	0.064516
#P0.483871	0.870968	-0.088079	0.741935	0.241415	0.064516
#P0.548387	0.870968	-0.050131	0.774194	0.211238	0.064516
#P0.612903	0.870968	-0.010130	0.806452	0.181061	0.064516
#P0.677419	0.870968	0.030286	0.838710	0.150884	0.064516
#P0.741935	0.870968	0.069461	0.870968	0.120708	0.064516
#P0.806452	0.870968	0.105793	0.903226	0.090531	0.064516
#P0.870968	0.870968	0.137793	0.935484	0.060354	0.064516
#P0.935484	0.870968	0.164153	0.967742	0.030177	0.064516
#P1.000000	0.870968	0.183792	1.000000	0.000000	0.064516
#P-1.000000	0.935484	0.195906	0.000000	0.967742	0.032258
#P-0.935484	0.935484	0.200000	0.032258	0.936524	0.032258
#P-0.870968	0.935484	0.195906	0.064516	0.905307	0.032258
#P-0.806452	0.935484	0.183792	0.096774	0.874089	0.032258
#P-0.741935	0.935484	0.164153	0.129032	0.842872	0.032258
#P-0.677419	0.935484	0.137793	0.161290	0.811655	0.032258
#P-0.612903	0.935484	0.105793	0.193548	0.780437	0.032258
#P-0.548387	0.935484	0.069461	0.225806	0.749220	0.032258
#P-0.483871	0.935484	0.030286	0.258065	0.718002	0.032258
#P-0.419355	0.935484	-0.010130	0.290323	0.686785	0.032258
#P-0.354839	0.935484	-0.050131	0.322581	0.655567	0.032258
#P-0.290323	0.935484	-0.088079	0.354839	0.624350	0.032258
#P-0.225806	0.935484	-0.122421	0.387097	0.593132	0.032258
#P-0.161290	0.935484	-0.151752	0.419355	0.561915	0.032258
#P-0.096774	0.935484	-0.174869	0.451613	0.530697	0.032258
#P-0.032258	0.935484	-0.190828	0.483871	0.499480	0.032258
#P0.032258	0.935484	-0.198974	0.516129	0.468262	0.032258
#P0.096774	0.935484	-0.198974	0.548387	0.437045	0.032258
#P0.161290	0.935484	-0.190828	0.580645	0.405827	0.032258
#P0.225806	0.935484	-0.174869	0.612903	0.374610	0.032258
#P0.290323	0.935484	-0.151752	0.645161	0.343392	0.032258
#P0.354839	0.935484	-0.122421	0.677419	0.312175	0.032258
#P0.419355	0.935484	-0.088079	0.709677	0.280957	0.032258
#P0.483871	0.935484	-0.050131	0.741935	0.249740	0.032258
#P0.548387	0.935484	-0.010130	0.774194	0.218522	0.032258
#P0.612903	0.935484	0.030286	0.806452	0.187305	0.032258
#P0.677419	0.935484	0.069461	0.838710	0.156087	0.032258
#P0.741935	0.935484	0.105793	0.870968	0.124870	0.032258
#P0.806452	0.935484	0.137793	0.903226	0.093652	0.032258
#P0.870968	0.935484	0.164153	0.935484	0.062435	0.032258
#P0.935484	0.935484	0.183792	0.967742	0.031217	0.032258
#P1.000000	0.935484	0.195906	1.000000	0.000000	0.032258
#P-1.000000	1.000000	0.200000	0.000000	1.000000	0.000000
#P-0.935484	1.000000	0.195906	0.032258	0.967742	0.000000
#P-0.870968	1.000000	0.183792	0.064516	0.935484	0.000000
#P-0.806452	1.000000	0.164153	0.096774	0.903226	0.000000
#P-0.741935	1.000000	0.137793	0.129032	0.870968	0.000000
#P-0.677419	1.000000	0.105793	0.161290	0.838710	0.000000
#P-0.612903	1.000000	0.069461	0.193548	0.806452	0.000000
#P-0.548387	1.000000	0.030286	0.225806	0.774194	0.000000
#P-0.483871	1.000000	-0.010130	0.258065	0.741935	0.000000
#P-0.419355	1.000000	-0.050131	0.290323	0.709677	0.000000
#P-0.354839	1.000000	-0.088079	0.322581	0.677419	0.000000
#P-0.290323	1.000000	-0.122421	0.354839	0.645161	0.000000
#P-0.225806	1.000000	-0.151752	0.387097	0.612903	0.000000
#P-0.161290	1.000000	-0.174869	0.419355	0.580645	0.000000
#P-0.096774	1.000000	-0.190828	0.451613	0.548387	0.000000
#P-0.032258	1.000000	-0.198974	0.483871	0.516129	0.000000
#P0.032258	1.000000	-0.198974	0.516129	0.483871	0.000000
#P0.096774	1.000000	-0.190828	0.548387	0.451613	0.000000
#P0.161290	1.000000	-0.174869	0.580645	0.419355	0.000000
#P0.225806	1.000000	-0.151752	0.612903	0.387097	0.000000
#P0.290323	1.000000	-0.122421	0.645161	0.354839	0.000000
#P0.354839	1.000000	-0.088079	0.677419	0.322581	0.000000
#P0.419355	1.000000	-0.050131	0.709677	0.290323	0.000000
#P0.483871	1.000000	-0.010130	0.741935	0.258065	0.000000
#P0.548387	1.000000	0.030286	0.774194	0.225806	0.000000
#P0.612903	1.000000	0.069461	0.806452	0.193548	0.000000
#P0.677419	1.000000	0.105793	0.838710	0.161290	0.000000
#P0.741935	1.000000	0.137793	0.870968	0.129032	0.000000
#P0.806452	1.000000	0.164153	0.903226	0.096774	0.000000
#P0.870968	1.000000	0.183792	0.935484	0.064516	0.000000
#P0.935484	1.000000	0.195906	0.967742	0.032258	0.000000
#P1.000000	1.000000	0.200000	1.000000	0.000000	0.000000
