#N1024
#P-1.000000	-1.000000	-0.053251	0.000000	0.500000	1.000000
#P-0.935484	-1.000000	-0.079802	0.000000	0.516129	0.983871
#P-0.870968	-1.000000	-0.103901	0.000000	0.532258	0.967742
#P-0.806452	-1.000000	-0.125213	0.000000	0.548387	0.951613
#P-0.741935	-1.000000	-0.143547	0.000000	0.564516	0.935484
#P-0.677419	-1.000000	-0.158856	0.000000	0.580645	0.919355
#P-0.612903	-1.000000	-0.171220	0.000000	0.596774	0.903226
#P-0.548387	-1.000000	-0.180833	0.000000	0.612903	0.887097
#P-0.483871	-1.000000	-0.187981	0.000000	0.629032	0.870968
#P-0.419355	-1.000000	-0.193016	0.000000	0.645161	0.854839
#P-0.354839	-1.000000	-0.196328	0.000000	0.661290	0.838710
#P-0.290323	-1.000000	-0.198320	0.000000	0.677419	0.822581
#P-0.225806	-1.000000	-0.199375	0.000000	0.693548	0.806452
#P-0.161290	-1.000000	-0.199835	0.000000	0.709677	0.790323
#P-0.096774	-1.000000	-0.199978	0.000000	0.725806	0.774194
#P-0.032258	-1.000000	-0.200000	0.000000	0.741935	0.758065
#P0.032258	-1.000000	-0.200000	0.000000	0.758065	0.741935
#P0.096774	-1.000000	-0.199978	0.000000	0.774194	0.725806
#P0.161290	-1.000000	-0.199835	0.000000	0.790323	0.709677
#P0.225806	-1.000000	-0.199375	0.000000	0.806452	0.693548
#P0.290323	-1.000000	-0.198320	0.000000	0.822581	0.677419
#P0.354839	-1.000000	-0.196328	0.000000	0.838710	0.661290
#P0.419355	-1.000000	-0.193016	0.000000	0.854839	0.645161
#P0.483871	-1.000000	-0.187981	0.000000	0.870968	0.629032
#P0.548387	-1.000000	-0.180833	0.000000	0.887097	0.612903
#P0.612903	-1.000000	-0.171220	0.000000	0.903226	0.596774
#P0.677419	-1.000000	-0.158856	0.000000	0.919355	0.580645
#P0.741935	-1.000000	-0.143547	0.000000	0.935484	0.564516
#P0.806452	-1.000000	-0.125213	0.000000	0.951613	0.548387
#P0.870968	-1.000000	-0.103901	0.000000	0.967742	0.532258
#P0.935484	-1.000000	-0.079802	0.000000	0.983871	0.516129
#P1.000000	-1.000000	-0.053251	0.000000	1.000000	0.500000
#P-1.000000	-0.935484	-0.079802	0.000000	0.516129	0.967742
#P-0.935484	-0.935484	-0.105583	0.000520	0.531738	0.952133
#P-0.870968	-0.935484	-0.128369	0.001041	0.547347	0.936524
#P-0.806452	-0.935484	-0.147880	0.001561	0.562955	0.920916
#P-0.741935	-0.935484	-0.163996	0.002081	0.578564	0.905307
#P-0.677419	-0.935484	-0.176753	0.002601	0.594173	0.889698
#P-0.612903	-0.935484	-0.186327	0.003122	0.609781	0.874089
#P-0.548387	-0.935484	-0.193016	0.003642	0.625390	0.858481
#P-0.483871	-0.935484	-0.197212	0.004162	0.640999	0.842872
#P-0.419355	-0.935484	-0.199375	0.004683	0.656608	0.827263
#P-0.354839	-0.935484	-0.200000	0.005203	0.672216	0.811655
#P-0.290323	-0.935484	-0.199585	0.005723	0.687825	0.796046
#P-0.225806	-0.935484	-0.198603	0.006243	0.703434	0.780437
#P-0.161290	-0.935484	-0.197467	0.006764	0.719043	0.764828
#P-0.096774	-0.935484	-0.196513	0.007284	0.734651	0.749220
#P-0.032258	-0.935484	-0.195976	0.007804	0.750260	0.733611
#P0.032258	-0.935484	-0.195976	0.008325	0.765869	0.718002
#P0.096774	-0.935484	-0.196513	0.008845	0.781478	0.702393
#P0.161290	-0.935484	-0.197467	0.009365	0.797086	0.686785
#P0.225806	-0.935484	-0.198603	0.009886	0.812695	0.671176
#P0.290323	-0.935484	-0.199585	0.010406	0.828304	0.655567
#P0.354839	-0.935484	-0.200000	0.010926	0.843913	0.639958
#P0.419355	-0.935484	-0.199375	0.011446	0.859521	0.624350
#P0.483871	-0.935484	-0.197212	0.011967	0.875130	0.608741
#P0.548387	-0.935484	-0.193016	0.012487	0.890739	0.593132
#P0.612903	-0.935484	-0.186327	0.013007	0.906348	0.577523
#P0.677419	-0.935484	-0.176753	0.013528	0.921956	0.561915
#P0.741935	-0.935484	-0.163996	0.014048	0.937565	0.546306
#P0.806452	-0.935484	-0.147880	0.014568	0.953174	0.530697
#P0.870968	-0.935484	-0.128369	0.015088	0.968783	0.515088
#P0.935484	-0.935484	-0.105583	0.015609	0.984391	0.499480
#P1.000000	-0.935484	-0.079802	0.016129	1.000000	0.483871
#P-1.000000	-0.870968	-0.103901	0.000000	0.532258	0.935484
#P-0.935484	-0.870968	-0.128369	0.001041	0.547347	0.920395
#P-0.870968	-0.870968	-0.149299	0.002081	0.562435	0.905307
#P-0.806452	-0.870968	-0.166471	0.003122	0.577523	0.890219
#P-0.741935	-0.870968	-0.179843	0.004162	0.592612	0.875130
#P-0.677419	-0.870968	-0.189541	0.005203	0.607700	0.860042
#P-0.612903	-0.870968	-0.195844	0.006243	0.622789	0.844953
#P-0.548387	-0.870968	-0.199157	0.007284	0.637877	0.829865
#P-0.483871	-0.870968	-0.199987	0.008325	0.652966	0.814776
#P-0.419355	-0.870968	-0.198904	0.009365	0.668054	0.799688
#P-0.354839	-0.870968	-0.196513	0.010406	0.683143	0.784599
#P-0.290323	-0.870968	-0.193413	0.011446	0.698231	0.769511
#P-0.225806	-0.870968	-0.190165	0.012487	0.713319	0.754422
#P-0.161290	-0.870968	-0.187261	0.013528	0.728408	0.739334
#P-0.096774	-0.870968	-0.185094	0.014568	0.743496	0.724246
#P-0.032258	-0.870968	-0.183939	0.015609	0.758585	0.709157
#P0.032258	-0.870968	-0.183939	0.016649	0.773673	0.694069
#P0.096774	-0.870968	-0.185094	0.017690	0.788762	0.678980
#P0.161290	-0.870968	-0.187261	0.018730	0.803850	0.663892
#P0.225806	-0.870968	-0.190165	0.019771	0.818939	0.648803
#P0.290323	-0.870968	-0.193413	0.020812	0.834027	0.633715
#P0.354839	-0.870968	-0.196513	0.021852	0.849116	0.618626
#P0.419355	-0.870968	-0.198904	0.022893	0.864204	0.603538
#P0.483871	-0.870968	-0.199987	0.023933	0.879292	0.588450
#P0.548387	-0.870968	-0.199157	0.024974	0.894381	0.573361
#P0.612903	-0.870968	-0.195844	0.026015	0.909469	0.558273
#P0.677419	-0.870968	-0.189541	0.027055	0.924558	0.543184
#P0.741935	-0.870968	-0.179843	0.028096	0.939646	0.528096
#P0.806452	-0.870968	-0.166471	0.029136	0.954735	0.513007
#P0.870968	-0.870968	-0.149299	0.030177	0.969823	0.497919
#P0.935484	-0.870968	-0.128369	0.031217	0.984912	0.482830
#P1.000000	-0.870968	-0.103901	0.032258	1.000000	0.467742
#P-1.000000	-0.806452	-0.125213	0.000000	0.548387	0.903226
#P-0.935484	-0.806452	-0.147880	0.001561	0.562955	0.888658
#P-0.870968	-0.806452	-0.166471	0.003122	0.577523	0.874089
#P-0.806452	-0.806452	-0.180833	0.004683	0.592092	0.859521
#P-0.741935	-0.806452	-0.191006	0.006243	0.606660	0.844953
#P-0.677419	-0.806452	-0.197212	0.007804	0.621228	0.830385
#P-0.612903	-0.806452	-0.199835	0.009365	0.635796	0.815817
#P-0.548387	-0.806452	-0.199395	0.010926	0.650364	0.801249
#P-0.483871	-0.806452	-0.196513	0.012487	0.664932	0.786681
#P-0.419355	-0.806452	-0.191877	0.014048	0.679501	0.772112
#P-0.354839	-0.806452	-0.186200	0.015609	0.694069	0.757544
#P-0.290323	-0.806452	-0.180187	0.017170	0.708637	0.742976
#P-0.225806	-0.806452	-0.174489	0.018730	0.723205	0.728408
#P-0.161290	-0.806452	-0.169676	0.020291	0.737773	0.713840
#P-0.096774	-0.806452	-0.166202	0.021852	0.752341	0.699272
#P-0.032258	-0.806452	-0.164384	0.023413	0.766909	0.684703
#P0.032258	-0.806452	-0.164384	0.024974	0.781478	0.670135
#P0.096774	-0.806452	-0.166202	0.026535	0.796046	0.655567
#P0.161290	-0.806452	-0.169676	0.028096	0.810614	0.640999
#P0.225806	-0.806452	-0.174489	0.029657	0.825182	0.626431
#P0.290323	-0.806452	-0.180187	0.031217	0.839750	0.611863
#P0.354839	-0.806452	-0.186200	0.032778	0.854318	0.597294
#P0.419355	-0.806452	-0.191877	0.034339	0.868887	0.582726
#P0.483871	-0.806452	-0.196513	0.035900	0.883455	0.568158
#P0.548387	-0.806452	-0.199395	0.037461	0.898023	0.553590
#P0.612903	-0.806452	-0.199835	0.039022	0.912591	0.539022
#P0.677419	-0.806452	-0.197212	0.040583	0.927159	0.524454
#P0.741935	-0.806452	-0.191006	0.042144	0.941727	0.509886
#P0.806452	-0.806452	-0.180833	0.043704	0.956296	0.495317
#P0.870968	-0.806452	-0.166471	0.045265	0.970864	0.480749
#P0.935484	-0.806452	-0.147880	0.046826	0.985432	0.466181
#P1.000000	-0.806452	-0.125213	0.048387	1.000000	0.451613
#P-1.000000	-0.741935	-0.143547	0.000000	0.564516	0.870968
#P-0.935484	-0.741935	-0.163996	0.002081	0.578564	0.856920
#P-0.870968	-0.741935	-0.179843	0.004162	0.592612	0.842872
#P-0.806452	-0.741935	-0.191006	0.006243	0.606660	0.828824
#P-0.741935	-0.741935	-0.197610	0.008325	0.620708	0.814776
#P-0.677419	-0.741935	-0.199978	0.010406	0.634755	0.800728
#P-0.612903	-0.741935	-0.198603	0.012487	0.648803	0.786681
#P-0.548387	-0.741935	-0.194117	0.014568	0.662851	0.772633
#P-0.483871	-0.741935	-0.187261	0.016649	0.676899	0.758585
#P-0.419355	-0.741935	-0.178838	0.018730	0.690947	0.744537
#P-0.354839	-0.741935	-0.169676	0.020812	0.704995	0.730489
#P-0.290323	-0.741935	-0.160582	0.022893	0.719043	0.716441
#P-0.225806	-0.741935	-0.152300	0.024974	0.733091	0.702393
#P-0.161290	-0.741935	-0.145477	0.027055	0.747138	0.688345
#P-0.096774	-0.741935	-0.140628	0.029136	0.761186	0.674298
#P-0.032258	-0.741935	-0.138112	0.031217	0.775234	0.660250
#P0.032258	-0.741935	-0.138112	0.033299	0.789282	0.646202
#P0.096774	-0.741935	-0.140628	0.035380	0.803330	0.632154
#P0.161290	-0.741935	-0.145477	0.037461	0.817378	0.618106
#P0.225806	-0.741935	-0.152300	0.039542	0.831426	0.604058
#P0.290323	-0.741935	-0.160582	0.041623	0.845473	0.590010
#P0.354839	-0.741935	-0.169676	0.043704	0.859521	0.575963
#P0.419355	-0.741935	-0.178838	0.045786	0.873569	0.561915
#P0.483871	-0.741935	-0.187261	0.047867	0.887617	0.547867
#P0.548387	-0.741935	-0.194117	0.049948	0.901665	0.533819
#P0.612903	-0.741935	-0.198603	0.052029	0.915713	0.519771
#P0.677419	-0.741935	-0.199978	0.054110	0.929761	0.505723
#P0.741935	-0.741935	-0.197610	0.056191	0.943809	0.491675
#P0.806452	-0.741935	-0.191006	0.058273	0.957856	0.477627
#P0.870968	-0.741935	-0.179843	0.060354	0.971904	0.463580
#P0.935484	-0.741935	-0.163996	0.062435	0.985952	0.449532
#P1.000000	-0.741935	-0.143547	0.064516	1.000000	0.435484
#P-1.000000	-0.677419	-0.158856	0.000000	0.580645	0.838710
#P-0.935484	-0.677419	-0.176753	0.002601	0.594173	0.825182
#P-0.870968	-0.677419	-0.189541	0.005203	0.607700	0.811655
#P-0.806452	-0.677419	-0.197212	0.007804	0.621228	0.798127
#P-0.741935	-0.677419	-0.199978	0.010406	0.634755	0.784599
#P-0.677419	-0.677419	-0.198263	0.013007	0.648283	0.771072
#P-0.612903	-0.677419	-0.192667	0.015609	0.661811	0.757544
#P-0.548387	-0.677419	-0.183939	0.018210	0.675338	0.744017
#P-0.483871	-0.677419	-0.172937	0.020812	0.688866	0.730489
#P-0.419355	-0.677419	-0.160582	0.023413	0.702393	0.716961
#P-0.354839	-0.677419	-0.147811	0.026015	0.715921	0.703434
#P-0.290323	-0.677419	-0.135534	0.028616	0.729448	0.689906
#P-0.225806	-0.677419	-0.124588	0.031217	0.742976	0.676379
#P-0.161290	-0.677419	-0.115697	0.033819	0.756504	0.662851
#P-0.096774	-0.677419	-0.109435	0.036420	0.770031	0.649324
#P-0.032258	-0.677419	-0.106202	0.039022	0.783559	0.635796
#P0.032258	-0.677419	-0.106202	0.041623	0.797086	0.622268
#P0.096774	-0.677419	-0.109435	0.044225	0.810614	0.608741
#P0.161290	-0.677419	-0.115697	0.046826	0.824142	0.595213
#P0.225806	-0.677419	-0.124588	0.049428	0.837669	0.581686
#P0.290323	-0.677419	-0.135534	0.052029	0.851197	0.568158
#P0.354839	-0.677419	-0.147811	0.054631	0.864724	0.554631
#P0.419355	-0.677419	-0.160582	0.057232	0.878252	0.541103
#P0.483871	-0.677419	-0.172937	0.059834	0.891779	0.527575
#P0.548387	-0.677419	-0.183939	0.062435	0.905307	0.514048
#P0.612903	-0.677419	-0.192667	0.065036	0.918835	0.500520
#P0.677419	-0.677419	-0.198263	0.067638	0.932362	0.486993
#P0.741935	-0.677419	-0.199978	0.070239	0.945890	0.473465
#P0.806452	-0.677419	-0.197212	0.072841	0.959417	0.459938
#P0.870968	-0.677419	-0.189541	0.075442	0.972945	0.446410
#P0.935484	-0.677419	-0.176753	0.078044	0.986472	0.432882
#P1.000000	-0.677419	-0.158856	0.080645	1.000000	0.419355
#P-1.000000	-0.612903	-0.171220	0.000000	0.596774	0.806452
#P-0.935484	-0.612903	-0.186327	0.003122	0.609781	0.793444
#P-0.870968	-0.612903	-0.195844	0.006243	0.622789	0.780437
#P-0.806452	-0.612903	-0.199835	0.009365	0.635796	0.767430
#P-0.741935	-0.612903	-0.198603	0.012487	0.648803	0.754422
#P-0.677419	-0.612903	-0.192667	0.015609	0.661811	0.741415
#P-0.612903	-0.612903	-0.182737	0.018730	0.674818	0.728408
#P-0.548387	-0.612903	-0.169676	0.021852	0.687825	0.715401
#P-0.483871	-0.612903	-0.154457	0.024974	0.700832	0.702393
#P-0.419355	-0.612903	-0.138112	0.028096	0.713840	0.689386
#P-0.354839	-0.612903	-0.121691	0.031217	0.726847	0.676379
#P-0.290323	-0.612903	-0.106202	0.034339	0.739854	0.663371
#P-0.225806	-0.612903	-0.092572	0.037461	0.752862	0.650364
#P-0.161290	-0.612903	-0.081598	0.040583	0.765869	0.637357
#P-0.096774	-0.612903	-0.073915	0.043704	0.778876	0.624350
#P-0.032258	-0.612903	-0.069961	0.046826	0.791883	0.611342
#P0.032258	-0.612903	-0.069961	0.049948	0.804891	0.598335
#P0.096774	-0.612903	-0.073915	0.053070	0.817898	0.585328
#P0.161290	-0.612903	-0.081598	0.056191	0.830905	0.572320
#P0.225806	-0.612903	-0.092572	0.059313	0.843913	0.559313
#P0.290323	-0.612903	-0.106202	0.062435	0.856920	0.546306
#P0.354839	-0.612903	-0.121691	0.065557	0.869927	0.533299
#P0.419355	-0.612903	-0.138112	0.068678	0.882934	0.520291
#P0.483871	-0.612903	-0.154457	0.071800	0.895942	0.507284
#P0.548387	-0.612903	-0.169676	0.074922	0.908949	0.494277
#P0.612903	-0.612903	-0.182737	0.078044	0.921956	0.481270
#P0.677419	-0.612903	-0.192667	0.081165	0.934964	0.468262
#P0.741935	-0.612903	-0.198603	0.084287	0.947971	0.455255
#P0.806452	-0.612903	-0.199835	0.087409	0.960978	0.442248
#P0.870968	-0.612903	-0.195844	0.090531	0.973985	0.429240
#P0.935484	-0.612903	-0.186327	0.093652	0.986993	0.416233
#P1.000000	-0.612903	-0.171220	0.096774	1.000000	0.403226
#P-1.000000	-0.548387	-0.180833	0.000000	0.612903	0.774194
#P-0.935484	-0.548387	-0.193016	0.003642	0.625390	0.761707
#P-0.870968	-0.548387	-0.199157	0.007284	0.637877	0.749220
#P-0.806452	-0.548387	-0.199395	0.010926	0.650364	0.736733
#P-0.741935	-0.548387	-0.194117	0.014568	0.662851	0.724246
#P-0.677419	-0.548387	-0.183939	0.018210	0.675338	0.711759
#P-0.612903	-0.548387	-0.169676	0.021852	0.687825	0.699272
#P-0.548387	-0.548387	-0.152300	0.025494	0.700312	0.686785
#P-0.483871	-0.548387	-0.132893	0.029136	0.712799	0.674298
#P-0.419355	-0.548387	-0.112600	0.032778	0.725286	0.661811
#P-0.354839	-0.548387	-0.092572	0.036420	0.737773	0.649324
#P-0.290323	-0.548387	-0.073915	0.040062	0.750260	0.636837
#P-0.225806	-0.548387	-0.057640	0.043704	0.762747	0.624350
#P-0.161290	-0.548387	-0.044618	0.047347	0.775234	0.611863
#P-0.096774	-0.548387	-0.035537	0.050989	0.787721	0.599376
#P-0.032258	-0.548387	-0.030874	0.054631	0.800208	0.586889
#P0.032258	-0.548387	-0.030874	0.058273	0.812695	0.574402
#P0.096774	-0.548387	-0.035537	0.061915	0.825182	0.561915
#P0.161290	-0.548387	-0.044618	0.065557	0.837669	0.549428
#P0.225806	-0.548387	-0.057640	0.069199	0.850156	0.536941
#P0.290323	-0.548387	-0.073915	0.072841	0.862643	0.524454
#P0.354839	-0.548387	-0.092572	0.076483	0.875130	0.511967
#P0.419355	-0.548387	-0.112600	0.080125	0.887617	0.499480
#P0.483871	-0.548387	-0.132893	0.083767	0.900104	0.486993
#P0.548387	-0.548387	-0.152300	0.087409	0.912591	0.474506
#P0.612903	-0.548387	-0.169676	0.091051	0.925078	0.462019
#P0.677419	-0.548387	-0.183939	0.094693	0.937565	0.449532
#P0.741935	-0.548387	-0.194117	0.098335	0.950052	0.437045
#P0.806452	-0.548387	-0.199395	0.101977	0.962539	0.424558
#P0.870968	-0.548387	-0.199157	0.105619	0.975026	0.412071
#P0.935484	-0.548387	-0.193016	0.109261	0.987513	0.399584
#P1.000000	-0.548387	-0.180833	0.112903	1.000000	0.387097
#P-1.000000	-0.483871	-0.187981	0.000000	0.629032	0.741935
#P-0.935484	-0.483871	-0.197212	0.004162	0.640999	0.729969
#P-0.870968	-0.483871	-0.199987	0.008325	0.652966	0.718002
#P-0.806452	-0.483871	-0.196513	0.012487	0.664932	0.706035
#P-0.741935	-0.483871	-0.187261	0.016649	0.676899	0.694069
#P-0.677419	-0.483871	-0.172937	0.020812	0.688866	0.682102
#P-0.612903	-0.483871	-0.154457	0.024974	0.700832	0.670135
#P-0.548387	-0.483871	-0.132893	0.029136	0.712799	0.658169
#P-0.483871	-0.483871	-0.109435	0.033299	0.724766	0.646202
#P-0.419355	-0.483871	-0.085329	0.037461	0.736733	0.634235
#P-0.354839	-0.483871	-0.061824	0.041623	0.748699	0.622268
#P-0.290323	-0.483871	-0.040118	0.045786	0.760666	0.610302
#P-0.225806	-0.483871	-0.021301	0.049948	0.772633	0.598335
#P-0.161290	-0.483871	-0.006310	0.054110	0.784599	0.586368
#P-0.096774	-0.483871	0.004113	0.058273	0.796566	0.574402
#P-0.032258	-0.483871	0.009456	0.062435	0.808533	0.562435
#P0.032258	-0.483871	0.009456	0.066597	0.820499	0.550468
#P0.096774	-0.483871	0.004113	0.070760	0.832466	0.538502
#P0.161290	-0.483871	-0.006310	0.074922	0.844433	0.526535
#P0.225806	-0.483871	-0.021301	0.079084	0.856400	0.514568
#P0.290323	-0.483871	-0.040118	0.083247	0.868366	0.502601
#P0.354839	-0.483871	-0.061824	0.087409	0.880333	0.490635
#P0.419355	-0.483871	-0.085329	0.091571	0.892300	0.478668
#P0.483871	-0.483871	-0.109435	0.095734	0.904266	0.466701
#P0.548387	-0.483871	-0.132893	0.099896	0.916233	0.454735
#P0.612903	-0.483871	-0.154457	0.104058	0.928200	0.442768
#P0.677419	-0.483871	-0.172937	0.108221	0.940166	0.430801
#P0.741935	-0.483871	-0.187261	0.112383	0.952133	0.418835
#P0.806452	-0.483871	-0.196513	0.116545	0.964100	0.406868
#P0.870968	-0.483871	-0.199987	0.120708	0.976067	0.394901
#P0.935484	-0.483871	-0.197212	0.124870	0.988033	0.382934
#P1.000000	-0.483871	-0.187981	0.129032	1.000000	0.370968
#P-1.000000	-0.419355	-0.193016	0.000000	0.645161	0.709677
#P-0.935484	-0.419355	-0.199375	0.004683	0.656608	0.698231
#P-0.870968	-0.419355	-0.198904	0.009365	0.668054	0.686785
#P-0.806452	-0.419355	-0.191877	0.014048	0.679501	0.675338
#P-0.741935	-0.419355	-0.178838	0.018730	0.690947	0.663892
#P-0.677419	-0.419355	-0.160582	0.023413	0.702393	0.652445
#P-0.612903	-0.419355	-0.138112	0.028096	0.713840	0.640999
#P-0.548387	-0.419355	-0.112600	0.032778	0.725286	0.629553
#P-0.483871	-0.419355	-0.085329	0.037461	0.736733	0.618106
#P-0.419355	-0.419355	-0.057640	0.042144	0.748179	0.606660
#P-0.354839	-0.419355	-0.030874	0.046826	0.759625	0.595213
#P-0.290323	-0.419355	-0.006310	0.051509	0.771072	0.583767
#P-0.225806	-0.419355	0.014887	0.056191	0.782518	0.572320
#P-0.161290	-0.419355	0.031719	0.060874	0.793965	0.560874
#P-0.096774	-0.419355	0.043398	0.065557	0.805411	0.549428
#P-0.032258	-0.419355	0.049377	0.070239	0.816857	0.537981
#P0.032258	-0.419355	0.049377	0.074922	0.828304	0.526535
#P0.096774	-0.419355	0.043398	0.079605	0.839750	0.515088
#P0.161290	-0.419355	0.031719	0.084287	0.851197	0.503642
#P0.225806	-0.419355	0.014887	0.088970	0.862643	0.492196
#P0.290323	-0.419355	-0.006310	0.093652	0.874089	0.480749
#P0.354839	-0.419355	-0.030874	0.098335	0.885536	0.469303
#P0.419355	-0.419355	-0.057640	0.103018	0.896982	0.457856
#P0.483871	-0.419355	-0.085329	0.107700	0.908429	0.446410
#P0.548387	-0.419355	-0.112600	0.112383	0.919875	0.434964
#P0.612903	-0.419355	-0.138112	0.117066	0.931322	0.423517
#P0.677419	-0.419355	-0.160582	0.121748	0.942768	0.412071
#P0.741935	-0.419355	-0.178838	0.126431	0.954214	0.400624
#P0.806452	-0.419355	-0.191877	0.131113	0.965661	0.389178
#P0.870968	-0.419355	-0.198904	0.135796	0.977107	0.377732
#P0.935484	-0.419355	-0.199375	0.140479	0.988554	0.366285
#P1.000000	-0.419355	-0.193016	0.145161	1.000000	0.354839
#P-1.000000	-0.354839	-0.196328	0.000000	0.661290	0.677419
#P-0.935484	-0.354839	-0.200000	0.005203	0.672216	0.666493
#P-0.870968	-0.354839	-0.196513	0.010406	0.683143	0.655567
#P-0.806452	-0.354839	-0.186200	0.015609	0.694069	0.644641
#P-0.741935	-0.354839	-0.169676	0.020812	0.704995	0.633715
#P-0.677419	-0.354839	-0.147811	0.026015	0.715921	0.622789
#P-0.612903	-0.354839	-0.121691	0.031217	0.726847	0.611863
#P-0.548387	-0.354839	-0.092572	0.036420	0.737773	0.600937
#P-0.483871	-0.354839	-0.061824	0.041623	0.748699	0.590010
#P-0.419355	-0.354839	-0.030874	0.046826	0.759625	0.579084
#P-0.354839	-0.354839	-0.001142	0.052029	0.770552	0.568158
#P-0.290323	-0.354839	0.026018	0.057232	0.781478	0.557232
#P-0.225806	-0.354839	0.049377	0.062435	0.792404	0.546306
#P-0.161290	-0.354839	0.067880	0.067638	0.803330	0.535380
#P-0.096774	-0.354839	0.080697	0.072841	0.814256	0.524454
#P-0.032258	-0.354839	0.087252	0.078044	0.825182	0.513528
#P0.032258	-0.354839	0.087252	0.083247	0.836108	0.502601
#P0.096774	-0.354839	0.080697	0.088450	0.847034	0.491675
#P0.161290	-0.354839	0.067880	0.093652	0.857960	0.480749
#P0.225806	-0.354839	0.049377	0.098855	0.868887	0.469823
#P0.290323	-0.354839	0.026018	0.104058	0.879813	0.458897
#P0.354839	-0.354839	-0.001142	0.109261	0.890739	0.447971
#P0.419355	-0.354839	-0.030874	0.114464	0.901665	0.437045
#P0.483871	-0.354839	-0.061824	0.119667	0.912591	0.426119
#P0.548387	-0.354839	-0.092572	0.124870	0.923517	0.415193
#P0.612903	-0.354839	-0.121691	0.130073	0.934443	0.404266
#P0.677419	-0.354839	-0.147811	0.135276	0.945369	0.393340
#P0.741935	-0.354839	-0.169676	0.140479	0.956296	0.382414
#P0.806452	-0.354839	-0.186200	0.145682	0.967222	0.371488
#P0.870968	-0.354839	-0.196513	0.150884	0.978148	0.360562
#P0.935484	-0.354839	-0.200000	0.156087	0.989074	0.349636
#P1.000000	-0.354839	-0.196328	0.161290	1.000000	0.338710
#P-1.000000	-0.290323	-0.198320	0.000000	0.677419	0.645161
#P-0.935484	-0.290323	-0.199585	0.005723	0.687825	0.634755
#P-0.870968	-0.290323	-0.193413	0.011446	0.698231	0.624350
#P-0.806452	-0.290323	-0.180187	0.017170	0.708637	0.613944
#P-0.741935	-0.290323	-0.160582	0.022893	0.719043	0.603538
#P-0.677419	-0.290323	-0.135534	0.028616	0.729448	0.593132
#P-0.612903	-0.290323	-0.106202	0.034339	0.739854	0.582726
#P-0.548387	-0.290323	-0.073915	0.040062	0.750260	0.572320
#P-0.483871	-0.290323	-0.040118	0.045786	0.760666	0.561915
#P-0.419355	-0.290323	-0.006310	0.051509	0.771072	0.551509
#P-0.354839	-0.290323	0.026018	0.057232	0.781478	0.541103
#P-0.290323	-0.290323	0.055449	0.062955	0.791883	0.530697
#P-0.225806	-0.290323	0.080697	0.068678	0.802289	0.520291
#P-0.161290	-0.290323	0.100661	0.074402	0.812695	0.509886
#P-0.096774	-0.290323	0.114473	0.080125	0.823101	0.499480
#P-0.032258	-0.290323	0.121532	0.085848	0.833507	0.489074
#P0.032258	-0.290323	0.121532	0.091571	0.843913	0.478668
#P0.096774	-0.290323	0.114473	0.097294	0.854318	0.468262
#P0.161290	-0.290323	0.100661	0.103018	0.864724	0.457856
#P0.225806	-0.290323	0.080697	0.108741	0.875130	0.447451
#P0.290323	-0.290323	0.055449	0.114464	0.885536	0.437045
#P0.354839	-0.290323	0.026018	0.120187	0.895942	0.426639
#P0.419355	-0.290323	-0.006310	0.125911	0.906348	0.416233
#P0.483871	-0.290323	-0.040118	0.131634	0.916753	0.405827
#P0.548387	-0.290323	-0.073915	0.137357	0.927159	0.395421
#P0.612903	-0.290323	-0.106202	0.143080	0.937565	0.385016
#P0.677419	-0.290323	-0.135534	0.148803	0.947971	0.374610
#P0.741935	-0.290323	-0.160582	0.154527	0.958377	0.364204
#P0.806452	-0.290323	-0.180187	0.160250	0.968783	0.353798
#P0.870968	-0.290323	-0.193413	0.165973	0.979188	0.343392
#P0.935484	-0.290323	-0.199585	0.171696	0.989594	0.332986
#P1.000000	-0.290323	-0.198320	0.177419	1.000000	0.322581
#P-1.000000	-0.225806	-0.199375	0.000000	0.693548	0.612903
#P-0.935484	-0.225806	-0.198603	0.006243	0.703434	0.603018
#P-0.870968	-0.225806	-0.190165	0.012487	0.713319	0.593132
#P-0.806452	-0.225806	-0.174489	0.018730	0.723205	0.583247
#P-0.741935	-0.225806	-0.152300	0.024974	0.733091	0.573361
#P-0.677419	-0.225806	-0.124588	0.031217	0.742976	0.563476
#P-0.612903	-0.225806	-0.092572	0.037461	0.752862	0.553590
#P-0.548387	-0.225806	-0.057640	0.043704	0.762747	0.543704
#P-0.483871	-0.225806	-0.021301	0.049948	0.772633	0.533819
#P-0.419355	-0.225806	0.014887	0.056191	0.782518	0.523933
#P-0.354839	-0.225806	0.049377	0.062435	0.792404	0.514048
#P-0.290323	-0.225806	0.080697	0.068678	0.802289	0.504162
#P-0.225806	-0.225806	0.107516	0.074922	0.812175	0.494277
#P-0.161290	-0.225806	0.128694	0.081165	0.822060	0.484391
#P-0.096774	-0.225806	0.143332	0.087409	0.831946	0.474506
#P-0.032258	-0.225806	0.150809	0.093652	0.841831	0.464620
#P0.032258	-0.225806	0.150809	0.099896	0.851717	0.454735
#P0.096774	-0.225806	0.143332	0.106139	0.861602	0.444849
#P0.161290	-0.225806	0.128694	0.112383	0.871488	0.434964
#P0.225806	-0.225806	0.107516	0.118626	0.881374	0.425078
#P0.290323	-0.225806	0.080697	0.124870	0.891259	0.415193
#P0.354839	-0.225806	0.049377	0.131113	0.901145	0.405307
#P0.419355	-0.225806	0.014887	0.137357	0.911030	0.395421
#P0.483871	-0.225806	-0.021301	0.143600	0.920916	0.385536
#P0.548387	-0.225806	-0.057640	0.149844	0.930801	0.375650
#P0.612903	-0.225806	-0.092572	0.156087	0.940687	0.365765
#P0.677419	-0.225806	-0.124588	0.162331	0.950572	0.355879
#P0.741935	-0.225806	-0.152300	0.168574	0.960458	0.345994
#P0.806452	-0.225806	-0.174489	0.174818	0.970343	0.336108
#P0.870968	-0.225806	-0.190165	0.181061	0.980229	0.326223
#P0.935484	-0.225806	-0.198603	0.187305	0.990114	0.316337
#P1.000000	-0.225806	-0.199375	0.193548	1.000000	0.306452
#P-1.000000	-0.161290	-0.199835	0.000000	0.709677	0.580645
#P-0.935484	-0.161290	-0.197467	0.006764	0.719043	0.571280
#P-0.870968	-0.161290	-0.187261	0.013528	0.728408	0.561915
#P-0.806452	-0.161290	-0.169676	0.020291	0.737773	0.552549
#P-0.741935	-0.161290	-0.145477	0.027055	0.747138	0.543184
#P-0.677419	-0.161290	-0.115697	0.033819	0.756504	0.533819
#P-0.612903	-0.161290	-0.081598	0.040583	0.765869	0.524454
#P-0.548387	-0.161290	-0.044618	0.047347	0.775234	0.515088
#P-0.483871	-0.161290	-0.006310	0.054110	0.784599	0.505723
#P-0.419355	-0.161290	0.031719	0.060874	0.793965	0.496358
#P-0.354839	-0.161290	0.067880	0.067638	0.803330	0.486993
#P-0.290323	-0.161290	0.100661	0.074402	0.812695	0.477627
#P-0.225806	-0.161290	0.128694	0.081165	0.822060	0.468262
#P-0.161290	-0.161290	0.150809	0.087929	0.831426	0.458897
#P-0.096774	-0.161290	0.166086	0.094693	0.840791	0.449532
#P-0.032258	-0.161290	0.173887	0.101457	0.850156	0.440166
#P0.032258	-0.161290	0.173887	0.108221	0.859521	0.430801
#P0.096774	-0.161290	0.166086	0.114984	0.868887	0.421436
#P0.161290	-0.161290	0.150809	0.121748	0.878252	0.412071
#P0.225806	-0.161290	0.128694	0.128512	0.887617	0.402706
#P0.290323	-0.161290	0.100661	0.135276	0.896982	0.393340
#P0.354839	-0.161290	0.067880	0.142040	0.906348	0.383975
#P0.419355	-0.161290	0.031719	0.148803	0.915713	0.374610
#P0.483871	-0.161290	-0.006310	0.155567	0.925078	0.365245
#P0.548387	-0.161290	-0.044618	0.162331	0.934443	0.355879
#P0.612903	-0.161290	-0.081598	0.169095	0.943809	0.346514
#P0.677419	-0.161290	-0.115697	0.175858	0.953174	0.337149
#P0.741935	-0.161290	-0.145477	0.182622	0.962539	0.327784
#P0.806452	-0.161290	-0.169676	0.189386	0.971904	0.318418
#P0.870968	-0.161290	-0.187261	0.196150	0.981270	0.309053
#P0.935484	-0.161290	-0.197467	0.202914	0.990635	0.299688
#P1.000000	-0.161290	-0.199835	0.209677	1.000000	0.290323
#P-1.000000	-0.096774	-0.199978	0.000000	0.725806	0.548387
#P-0.935484	-0.096774	-0.196513	0.007284	0.734651	0.539542
#P-0.870968	-0.096774	-0.185094	0.014568	0.743496	0.530697
#P-0.806452	-0.096774	-0.166202	0.021852	0.752341	0.521852
#P-0.741935	-0.096774	-0.140628	0.029136	0.761186	0.513007
#P-0.677419	-0.096774	-0.109435	0.036420	0.770031	0.504162
#P-0.612903	-0.096774	-0.073915	0.043704	0.778876	0.495317
#P-0.548387	-0.096774	-0.035537	0.050989	0.787721	0.486472
#P-0.483871	-0.096774	0.004113	0.058273	0.796566	0.477627
#P-0.419355	-0.096774	0.043398	0.065557	0.805411	0.468783
#P-0.354839	-0.096774	0.080697	0.072841	0.814256	0.459938
#P-0.290323	-0.096774	0.114473	0.080125	0.823101	0.451093
#P-0.225806	-0.096774	0.143332	0.087409	0.831946	0.442248
#P-0.161290	-0.096774	0.166086	0.094693	0.840791	0.433403
#P-0.096774	-0.096774	0.181797	0.101977	0.849636	0.424558
#P-0.032258	-0.096774	0.189817	0.109261	0.858481	0.415713
#P0.032258	-0.096774	0.189817	0.116545	0.867326	0.406868
#P0.096774	-0.096774	0.181797	0.123829	0.876171	0.398023
#P0.161290	-0.096774	0.166086	0.131113	0.885016	0.389178
#P0.225806	-0.096774	0.143332	0.138398	0.893861	0.380333
#P0.290323	-0.096774	0.114473	0.145682	0.902706	0.371488
#P0.354839	-0.096774	0.080697	0.152966	0.911550	0.362643
#P0.419355	-0.096774	0.043398	0.160250	0.920395	0.353798
#P0.483871	-0.096774	0.004113	0.167534	0.929240	0.344953
#P0.548387	-0.096774	-0.035537	0.174818	0.938085	0.336108
#P0.612903	-0.096774	-0.073915	0.182102	0.946930	0.327263
#P0.677419	-0.096774	-0.109435	0.189386	0.955775	0.318418
#P0.741935	-0.096774	-0.140628	0.196670	0.964620	0.309573
#P0.806452	-0.096774	-0.166202	0.203954	0.973465	0.300728
#P0.870968	-0.096774	-0.185094	0.211238	0.982310	0.291883
#P0.935484	-0.096774	-0.196513	0.218522	0.991155	0.283039
#P1.000000	-0.096774	-0.199978	0.225806	1.000000	0.274194
#P-1.000000	-0.032258	-0.200000	0.000000	0.741935	0.516129
#P-0.935484	-0.032258	-0.195976	0.007804	0.750260	0.507804
#P-0.870968	-0.032258	-0.183939	0.015609	0.758585	0.499480
#P-0.806452	-0.032258	-0.164384	0.023413	0.766909	0.491155
#P-0.741935	-0.032258	-0.138112	0.031217	0.775234	0.482830
#P-0.677419	-0.032258	-0.106202	0.039022	0.783559	0.474506
#P-0.612903	-0.032258	-0.069961	0.046826	0.791883	0.466181
#P-0.548387	-0.032258	-0.030874	0.054631	0.800208	0.457856
#P-0.483871	-0.032258	0.009456	0.062435	0.808533	0.449532
#P-0.419355	-0.032258	0.049377	0.070239	0.816857	0.441207
#P-0.354839	-0.032258	0.087252	0.078044	0.825182	0.432882
#P-0.290323	-0.032258	0.121532	0.085848	0.833507	0.424558
#P-0.225806	-0.032258	0.150809	0.093652	0.841831	0.416233
#P-0.161290	-0.032258	0.173887	0.101457	0.850156	0.407908
#P-0.096774	-0.032258	0.189817	0.109261	0.858481	0.399584
#P-0.032258	-0.032258	0.197949	0.117066	0.866805	0.391259
#P0.032258	-0.032258	0.197949	0.124870	0.875130	0.382934
#P0.096774	-0.032258	0.189817	0.132674	0.883455	0.374610
#P0.161290	-0.032258	0.173887	0.140479	0.891779	0.366285
#P0.225806	-0.032258	0.150809	0.148283	0.900104	0.357960
#P0.290323	-0.032258	0.121532	0.156087	0.908429	0.349636
#P0.354839	-0.032258	0.087252	0.163892	0.916753	0.341311
#P0.419355	-0.032258	0.049377	0.171696	0.925078	0.332986
#P0.483871	-0.032258	0.009456	0.179501	0.933403	0.324662
#P0.548387	-0.032258	-0.030874	0.187305	0.941727	0.316337
#P0.612903	-0.032258	-0.069961	0.195109	0.950052	0.308012
#P0.677419	-0.032258	-0.106202	0.202914	0.958377	0.299688
#P0.741935	-0.032258	-0.138112	0.210718	0.966701	0.291363
#P0.806452	-0.032258	-0.164384	0.218522	0.975026	0.283039
#P0.870968	-0.032258	-0.183939	0.226327	0.983351	0.274714
#P0.935484	-0.032258	-0.195976	0.234131	0.991675	0.266389
#P1.000000	-0.032258	-0.200000	0.241935	1.000000	0.258065
#P-1.000000	0.032258	-0.200000	0.000000	0.758065	0.483871
#P-0.935484	0.032258	-0.195976	0.008325	0.765869	0.476067
#P-0.870968	0.032258	-0.183939	0.016649	0.773673	0.468262
#P-0.806452	0.032258	-0.164384	0.024974	0.781478	0.460458
#P-0.741935	0.032258	-0.138112	0.033299	0.789282	0.452653
#P-0.677419	0.032258	-0.106202	0.041623	0.797086	0.444849
#P-0.612903	0.032258	-0.069961	0.049948	0.804891	0.437045
#P-0.548387	0.032258	-0.030874	0.058273	0.812695	0.429240
#P-0.483871	0.032258	0.009456	0.066597	0.820499	0.421436
#P-0.419355	0.032258	0.049377	0.074922	0.828304	0.413632
#P-0.354839	0.032258	0.087252	0.083247	0.836108	0.405827
#P-0.290323	0.032258	0.121532	0.091571	0.843913	0.398023
#P-0.225806	0.032258	0.150809	0.099896	0.851717	0.390219
#P-0.161290	0.032258	0.173887	0.108221	0.859521	0.382414
#P-0.096774	0.032258	0.189817	0.116545	0.867326	0.374610
#P-0.032258	0.032258	0.197949	0.124870	0.875130	0.366805
#P0.032258	0.032258	0.197949	0.133195	0.882934	0.359001
#P0.096774	0.032258	0.189817	0.141519	0.890739	0.351197
#P0.161290	0.032258	0.173887	0.149844	0.898543	0.343392
#P0.225806	0.032258	0.150809	0.158169	0.906348	0.335588
#P0.290323	0.032258	0.121532	0.166493	0.914152	0.327784
#P0.354839	0.032258	0.087252	0.174818	0.921956	0.319979
#P0.419355	0.032258	0.049377	0.183143	0.929761	0.312175
#P0.483871	0.032258	0.009456	0.191467	0.937565	0.304370
#P0.548387	0.032258	-0.030874	0.199792	0.945369	0.296566
#P0.612903	0.032258	-0.069961	0.208117	0.953174	0.288762
#P0.677419	0.032258	-0.106202	0.216441	0.960978	0.280957
#P0.741935	0.032258	-0.138112	0.224766	0.968783	0.273153
#P0.806452	0.032258	-0.164384	0.233091	0.976587	0.265349
#P0.870968	0.032258	-0.183939	0.241415	0.984391	0.257544
#P0.935484	0.032258	-0.195976	0.249740	0.992196	0.249740
#P1.000000	0.032258	-0.200000	0.258065	1.000000	0.241935
#P-1.000000	0.096774	-0.199978	0.000000	0.774194	0.451613
#P-0.935484	0.096774	-0.196513	0.008845	0.781478	0.444329
#P-0.870968	0.096774	-0.185094	0.017690	0.788762	0.437045
#P-0.806452	0.096774	-0.166202	0.026535	0.796046	0.429761
#P-0.741935	0.096774	-0.140628	0.035380	0.803330	0.422477
#P-0.677419	0.096774	-0.109435	0.044225	0.810614	0.415193
#P-0.612903	0.096774	-0.073915	0.053070	0.817898	0.407908
#P-0.548387	0.096774	-0.035537	0.061915	0.825182	0.400624
#P-0.483871	0.096774	0.004113	0.070760	0.832466	0.393340
#P-0.419355	0.096774	0.043398	0.079605	0.839750	0.386056
#P-0.354839	0.096774	0.080697	0.088450	0.847034	0.378772
#P-0.290323	0.096774	0.114473	0.097294	0.854318	0.371488
#P-0.225806	0.096774	0.143332	0.106139	0.861602	0.364204
#P-0.161290	0.096774	0.166086	0.114984	0.868887	0.356920
#P-0.096774	0.096774	0.181797	0.123829	0.876171	0.349636
#P-0.032258	0.096774	0.189817	0.132674	0.883455	0.342352
#P0.032258	0.096774	0.189817	0.141519	0.890739	0.335068
#P0.096774	0.096774	0.181797	0.150364	0.898023	0.327784
#P0.161290	0.096774	0.166086	0.159209	0.905307	0.320499
#P0.225806	0.096774	0.143332	0.168054	0.912591	0.313215
#P0.290323	0.096774	0.114473	0.176899	0.919875	0.305931
#P0.354839	0.096774	0.080697	0.185744	0.927159	0.298647
#P0.419355	0.096774	0.043398	0.194589	0.934443	0.291363
#P0.483871	0.096774	0.004113	0.203434	0.941727	0.284079
#P0.548387	0.096774	-0.035537	0.212279	0.949011	0.276795
#P0.612903	0.096774	-0.073915	0.221124	0.956296	0.269511
#P0.677419	0.096774	-0.109435	0.229969	0.963580	0.262227
#P0.741935	0.096774	-0.140628	0.238814	0.970864	0.254943
#P0.806452	0.096774	-0.166202	0.247659	0.978148	0.247659
#P0.870968	0.096774	-0.185094	0.256504	0.985432	0.240375
#P0.935484	0.096774	-0.196513	0.265349	0.992716	0.233091
#P1.000000	0.096774	-0.199978	0.274194	1.000000	0.225806
#P-1.000000	0.161290	-0.199835	0.000000	0.790323	0.419355
#P-0.935484	0.161290	-0.197467	0.009365	0.797086	0.412591
#P-0.870968	0.161290	-0.187261	0.018730	0.803850	0.405827
#P-0.806452	0.161290	-0.169676	0.028096	0.810614	0.399063
#P-0.741935	0.161290	-0.145477	0.037461	0.817378	0.392300
#P-0.677419	0.161290	-0.115697	0.046826	0.824142	0.385536
#P-0.612903	0.161290	-0.081598	0.056191	0.830905	0.378772
#P-0.548387	0.161290	-0.044618	0.065557	0.837669	0.372008
#P-0.483871	0.161290	-0.006310	0.074922	0.844433	0.365245
#P-0.419355	0.161290	0.031719	0.084287	0.851197	0.358481
#P-0.354839	0.161290	0.067880	0.093652	0.857960	0.351717
#P-0.290323	0.161290	0.100661	0.103018	0.864724	0.344953
#P-0.225806	0.161290	0.128694	0.112383	0.871488	0.338189
#P-0.161290	0.161290	0.150809	0.121748	0.878252	0.331426
#P-0.096774	0.161290	0.166086	0.131113	0.885016	0.324662
#P-0.032258	0.161290	0.173887	0.140479	0.891779	0.317898
#P0.032258	0.161290	0.173887	0.149844	0.898543	0.311134
#P0.096774	0.161290	0.166086	0.159209	0.905307	0.304370
#P0.161290	0.161290	0.150809	0.168574	0.912071	0.297607
#P0.225806	0.161290	0.128694	0.177940	0.918835	0.290843
#P0.290323	0.161290	0.100661	0.187305	0.925598	0.284079
#P0.354839	0.161290	0.067880	0.196670	0.932362	0.277315
#P0.419355	0.161290	0.031719	0.206035	0.939126	0.270552
#P0.483871	0.161290	-0.006310	0.215401	0.945890	0.263788
#P0.548387	0.161290	-0.044618	0.224766	0.952653	0.257024
#P0.612903	0.161290	-0.081598	0.234131	0.959417	0.250260
#P0.677419	0.161290	-0.115697	0.243496	0.966181	0.243496
#P0.741935	0.161290	-0.145477	0.252862	0.972945	0.236733
#P0.806452	0.161290	-0.169676	0.262227	0.979709	0.229969
#P0.870968	0.161290	-0.187261	0.271592	0.986472	0.223205
#P0.935484	0.161290	-0.197467	0.280957	0.993236	0.216441
#P1.000000	0.161290	-0.199835	0.290323	1.000000	0.209677
#P-1.000000	0.225806	-0.199375	0.000000	0.806452	0.387097
#P-0.935484	0.225806	-0.198603	0.009886	0.812695	0.380853
#P-0.870968	0.225806	-0.190165	0.019771	0.818939	0.374610
#P-0.806452	0.225806	-0.174489	0.029657	0.825182	0.368366
#P-0.741935	0.225806	-0.152300	0.039542	0.831426	0.362123
#P-0.677419	0.225806	-0.124588	0.049428	0.837669	0.355879
#P-0.612903	0.225806	-0.092572	0.059313	0.843913	0.349636
#P-0.548387	0.225806	-0.057640	0.069199	0.850156	0.343392
#P-0.483871	0.225806	-0.021301	0.079084	0.856400	0.337149
#P-0.419355	0.225806	0.014887	0.088970	0.862643	0.330905
#P-0.354839	0.225806	0.049377	0.098855	0.868887	0.324662
#P-0.290323	0.225806	0.080697	0.108741	0.875130	0.318418
#P-0.225806	0.225806	0.107516	0.118626	0.881374	0.312175
#P-0.161290	0.225806	0.128694	0.128512	0.887617	0.305931
#P-0.096774	0.225806	0.143332	0.138398	0.893861	0.299688
#P-0.032258	0.225806	0.150809	0.148283	0.900104	0.293444
#P0.032258	0.225806	0.150809	0.158169	0.906348	0.287201
#P0.096774	0.225806	0.143332	0.168054	0.912591	0.280957
#P0.161290	0.225806	0.128694	0.177940	0.918835	0.274714
#P0.225806	0.225806	0.107516	0.187825	0.925078	0.268470
#P0.290323	0.225806	0.080697	0.197711	0.931322	0.262227
#P0.354839	0.225806	0.049377	0.207596	0.937565	0.255983
#P0.419355	0.225806	0.014887	0.217482	0.943809	0.249740
#P0.483871	0.225806	-0.021301	0.227367	0.950052	0.243496
#P0.548387	0.225806	-0.057640	0.237253	0.956296	0.237253
#P0.612903	0.225806	-0.092572	0.247138	0.962539	0.231009
#P0.677419	0.225806	-0.124588	0.257024	0.968783	0.224766
#P0.741935	0.225806	-0.152300	0.266909	0.975026	0.218522
#P0.806452	0.225806	-0.174489	0.276795	0.981270	0.212279
#P0.870968	0.225806	-0.190165	0.286681	0.987513	0.206035
#P0.935484	0.225806	-0.198603	0.296566	0.993757	0.199792
#P1.000000	0.225806	-0.199375	0.306452	1.000000	0.193548
#P-1.000000	0.290323	-0.198320	0.000000	0.822581	0.354839
#P-0.935484	0.290323	-0.199585	0.010406	0.828304	0.349116
#P-0.870968	0.290323	-0.193413	0.020812	0.834027	0.343392
#P-0.806452	0.290323	-0.180187	0.031217	0.839750	0.337669
#P-0.741935	0.290323	-0.160582	0.041623	0.845473	0.331946
#P-0.677419	0.290323	-0.135534	0.052029	0.851197	0.326223
#P-0.612903	0.290323	-0.106202	0.062435	0.856920	0.320499
#P-0.548387	0.290323	-0.073915	0.072841	0.862643	0.314776
#P-0.483871	0.290323	-0.040118	0.083247	0.868366	0.309053
#P-0.419355	0.290323	-0.006310	0.093652	0.874089	0.303330
#P-0.354839	0.290323	0.026018	0.104058	0.879813	0.297607
#P-0.290323	0.290323	0.055449	0.114464	0.885536	0.291883
#P-0.225806	0.290323	0.080697	0.124870	0.891259	0.286160
#P-0.161290	0.290323	0.100661	0.135276	0.896982	0.280437
#P-0.096774	0.290323	0.114473	0.145682	0.902706	0.274714
#P-0.032258	0.290323	0.121532	0.156087	0.908429	0.268991
#P0.032258	0.290323	0.121532	0.166493	0.914152	0.263267
#P0.096774	0.290323	0.114473	0.176899	0.919875	0.257544
#P0.161290	0.290323	0.100661	0.187305	0.925598	0.251821
#P0.225806	0.290323	0.080697	0.197711	0.931322	0.246098
#P0.290323	0.290323	0.055449	0.208117	0.937045	0.240375
#P0.354839	0.290323	0.026018	0.218522	0.942768	0.234651
#P0.419355	0.290323	-0.006310	0.228928	0.948491	0.228928
#P0.483871	0.290323	-0.040118	0.239334	0.954214	0.223205
#P0.548387	0.290323	-0.073915	0.249740	0.959938	0.217482
#P0.612903	0.290323	-0.106202	0.260146	0.965661	0.211759
#P0.677419	0.290323	-0.135534	0.270552	0.971384	0.206035
#P0.741935	0.290323	-0.160582	0.280957	0.977107	0.200312
#P0.806452	0.290323	-0.180187	0.291363	0.982830	0.194589
#P0.870968	0.290323	-0.193413	0.301769	0.988554	0.188866
#P0.935484	0.290323	-0.199585	0.312175	0.994277	0.183143
#P1.000000	0.290323	-0.198320	0.322581	1.000000	0.177419
#P-1.000000	0.354839	-0.196328	0.000000	0.838710	0.322581
#P-0.935484	0.354839	-0.200000	0.010926	0.843913	0.317378
#P-0.870968	0.354839	-0.196513	0.021852	0.849116	0.312175
#P-0.806452	0.354839	-0.186200	0.032778	0.854318	0.306972
#P-0.741935	0.354839	-0.169676	0.043704	0.859521	0.301769
#P-0.677419	0.354839	-0.147811	0.054631	0.864724	0.296566
#P-0.612903	0.354839	-0.121691	0.065557	0.869927	0.291363
#P-0.548387	0.354839	-0.092572	0.076483	0.875130	0.286160
#P-0.483871	0.354839	-0.061824	0.087409	0.880333	0.280957
#P-0.419355	0.354839	-0.030874	0.098335	0.885536	0.275754
#P-0.354839	0.354839	-0.001142	0.109261	0.890739	0.270552
#P-0.290323	0.354839	0.026018	0.120187	0.895942	0.265349
#P-0.225806	0.354839	0.049377	0.131113	0.901145	0.260146
#P-0.161290	0.354839	0.067880	0.142040	0.906348	0.254943
#P-0.096774	0.354839	0.080697	0.152966	0.911550	0.249740
#P-0.032258	0.354839	0.087252	0.163892	0.916753	0.244537
#P0.032258	0.354839	0.087252	0.174818	0.921956	0.239334
#P0.096774	0.354839	0.080697	0.185744	0.927159	0.234131
#P0.161290	0.354839	0.067880	0.196670	0.932362	0.228928
#P0.225806	0.354839	0.049377	0.207596	0.937565	0.223725
#P0.290323	0.354839	0.026018	0.218522	0.942768	0.218522
#P0.354839	0.354839	-0.001142	0.229448	0.947971	0.213319
#P0.419355	0.354839	-0.030874	0.240375	0.953174	0.208117
#P0.483871	0.354839	-0.061824	0.251301	0.958377	0.202914
#P0.548387	0.354839	-0.092572	0.262227	0.963580	0.197711
#P0.612903	0.354839	-0.121691	0.273153	0.968783	0.192508
#P0.677419	0.354839	-0.147811	0.284079	0.973985	0.187305
#P0.741935	0.354839	-0.169676	0.295005	0.979188	0.182102
#P0.806452	0.354839	-0.186200	0.305931	0.984391	0.176899
#P0.870968	0.354839	-0.196513	0.316857	0.989594	0.171696
#P0.935484	0.354839	-0.200000	0.327784	0.994797	0.166493
#P1.000000	0.354839	-0.196328	0.338710	1.000000	0.161290
#P-1.000000	0.419355	-0.193016	0.000000	0.854839	0.290323
#P-0.935484	0.419355	-0.199375	0.011446	0.859521	0.285640
#P-0.870968	0.419355	-0.198904	0.022893	0.864204	0.280957
#P-0.806452	0.419355	-0.191877	0.034339	0.868887	0.276275
#P-0.741935	0.419355	-0.178838	0.045786	0.873569	0.271592
#P-0.677419	0.419355	-0.160582	0.057232	0.878252	0.266909
#P-0.612903	0.419355	-0.138112	0.068678	0.882934	0.262227
#P-0.548387	0.419355	-0.112600	0.080125	0.887617	0.257544
#P-0.483871	0.419355	-0.085329	0.091571	0.892300	0.252862
#P-0.419355	0.419355	-0.057640	0.103018	0.896982	0.248179
#P-0.354839	0.419355	-0.030874	0.114464	0.901665	0.243496
#P-0.290323	0.419355	-0.006310	0.125911	0.906348	0.238814
#P-0.225806	0.419355	0.014887	0.137357	0.911030	0.234131
#P-0.161290	0.419355	0.031719	0.148803	0.915713	0.229448
#P-0.096774	0.419355	0.043398	0.160250	0.920395	0.224766
#P-0.032258	0.419355	0.049377	0.171696	0.925078	0.220083
#P0.032258	0.419355	0.049377	0.183143	0.929761	0.215401
#P0.096774	0.419355	0.043398	0.194589	0.934443	0.210718
#P0.161290	0.419355	0.031719	0.206035	0.939126	0.206035
#P0.225806	0.419355	0.014887	0.217482	0.943809	0.201353
#P0.290323	0.419355	-0.006310	0.228928	0.948491	0.196670
#P0.354839	0.419355	-0.030874	0.240375	0.953174	0.191988
#P0.419355	0.419355	-0.057640	0.251821	0.957856	0.187305
#P0.483871	0.419355	-0.085329	0.263267	0.962539	0.182622
#P0.548387	0.419355	-0.112600	0.274714	0.967222	0.177940
#P0.612903	0.419355	-0.138112	0.286160	0.971904	0.173257
#P0.677419	0.419355	-0.160582	0.297607	0.976587	0.168574
#P0.741935	0.419355	-0.178838	0.309053	0.981270	0.163892
#P0.806452	0.419355	-0.191877	0.320499	0.985952	0.159209
#P0.870968	0.419355	-0.198904	0.331946	0.990635	0.154527
#P0.935484	0.419355	-0.199375	0.343392	0.995317	0.149844
#P1.000000	0.419355	-0.193016	0.354839	1.000000	0.145161
#P-1.000000	0.483871	-0.187981	0.000000	0.870968	0.258065
#P-0.935484	0.483871	-0.197212	0.011967	0.875130	0.253902
#P-0.870968	0.483871	-0.199987	0.023933	0.879292	0.249740
#P-0.806452	0.483871	-0.196513	0.035900	0.883455	0.245578
#P-0.741935	0.483871	-0.187261	0.047867	0.887617	0.241415
#P-0.677419	0.483871	-0.172937	0.059834	0.891779	0.237253
#P-0.612903	0.483871	-0.154457	0.071800	0.895942	0.233091
#P-0.548387	0.483871	-0.132893	0.083767	0.900104	0.228928
#P-0.483871	0.483871	-0.109435	0.095734	0.904266	0.224766
#P-0.419355	0.483871	-0.085329	0.107700	0.908429	0.220604
#P-0.354839	0.483871	-0.061824	0.119667	0.912591	0.216441
#P-0.290323	0.483871	-0.040118	0.131634	0.916753	0.212279
#P-0.225806	0.483871	-0.021301	0.143600	0.920916	0.208117
#P-0.161290	0.483871	-0.006310	0.155567	0.925078	0.203954
#P-0.096774	0.483871	0.004113	0.167534	0.929240	0.199792
#P-0.032258	0.483871	0.009456	0.179501	0.933403	0.195630
#P0.032258	0.483871	0.009456	0.191467	0.937565	0.191467
#P0.096774	0.483871	0.004113	0.203434	0.941727	0.187305
#P0.161290	0.483871	-0.006310	0.215401	0.945890	0.183143
#P0.225806	0.483871	-0.021301	0.227367	0.950052	0.178980
#P0.290323	0.483871	-0.040118	0.239334	0.954214	0.174818
#P0.354839	0.483871	-0.061824	0.251301	0.958377	0.170656
#P0.419355	0.483871	-0.085329	0.263267	0.962539	0.166493
#P0.483871	0.483871	-0.109435	0.275234	0.966701	0.162331
#P0.548387	0.483871	-0.132893	0.287201	0.970864	0.158169
#P0.612903	0.483871	-0.154457	0.299168	0.975026	0.154006
#P0.677419	0.483871	-0.172937	0.311134	0.979188	0.149844
#P0.741935	0.483871	-0.187261	0.323101	0.983351	0.145682
#P0.806452	0.483871	-0.196513	0.335068	0.987513	0.141519
#P0.870968	0.483871	-0.199987	0.347034	0.991675	0.137357
#P0.935484	0.483871	-0.197212	0.359001	0.995838	0.133195
#P1.000000	0.483871	-0.187981	0.370968	1.000000	0.129032
#P-1.000000	0.548387	-0.180833	0.000000	0.887097	0.225806
#P-0.935484	0.548387	-0.193016	0.012487	0.890739	0.222164
#P-0.870968	0.548387	-0.199157	0.024974	0.894381	0.218522
#P-0.806452	0.548387	-0.199395	0.037461	0.898023	0.214880
#P-0.741935	0.548387	-0.194117	0.049948	0.901665	0.211238
#P-0.677419	0.548387	-0.183939	0.062435	0.905307	0.207596
#P-0.612903	0.548387	-0.169676	0.074922	0.908949	0.203954
#P-0.548387	0.548387	-0.152300	0.087409	0.912591	0.200312
#P-0.483871	0.548387	-0.132893	0.099896	0.916233	0.196670
#P-0.419355	0.548387	-0.112600	0.112383	0.919875	0.193028
#P-0.354839	0.548387	-0.092572	0.124870	0.923517	0.189386
#P-0.290323	0.548387	-0.073915	0.137357	0.927159	0.185744
#P-0.225806	0.548387	-0.057640	0.149844	0.930801	0.182102
#P-0.161290	0.548387	-0.044618	0.162331	0.934443	0.178460
#P-0.096774	0.548387	-0.035537	0.174818	0.938085	0.174818
#P-0.032258	0.548387	-0.030874	0.187305	0.941727	0.171176
#P0.032258	0.548387	-0.030874	0.199792	0.945369	0.167534
#P0.096774	0.548387	-0.035537	0.212279	0.949011	0.163892
#P0.161290	0.548387	-0.044618	0.224766	0.952653	0.160250
#P0.225806	0.548387	-0.057640	0.237253	0.956296	0.156608
#P0.290323	0.548387	-0.073915	0.249740	0.959938	0.152966
#P0.354839	0.548387	-0.092572	0.262227	0.963580	0.149324
#P0.419355	0.548387	-0.112600	0.274714	0.967222	0.145682
#P0.483871	0.548387	-0.132893	0.287201	0.970864	0.142040
#P0.548387	0.548387	-0.152300	0.299688	0.974506	0.138398
#P0.612903	0.548387	-0.169676	0.312175	0.978148	0.134755
#P0.677419	0.548387	-0.183939	0.324662	0.981790	0.131113
#P0.741935	0.548387	-0.194117	0.337149	0.985432	0.127471
#P0.806452	0.548387	-0.199395	0.349636	0.989074	0.123829
#P0.870968	0.548387	-0.199157	0.362123	0.992716	0.120187
#P0.935484	0.548387	-0.193016	0.374610	0.996358	0.116545
#P1.000000	0.548387	-0.180833	0.387097	1.000000	0.112903
#P-1.000000	0.612903	-0.171220	0.000000	0.903226	0.193548
#P-0.935484	0.612903	-0.186327	0.013007	0.906348	0.190427
#P-0.870968	0.612903	-0.195844	0.026015	0.909469	0.187305
#P-0.806452	0.612903	-0.199835	0.039022	0.912591	0.184183
#P-0.741935	0.612903	-0.198603	0.052029	0.915713	0.181061
#P-0.677419	0.612903	-0.192667	0.065036	0.918835	0.177940
#P-0.612903	0.612903	-0.182737	0.078044	0.921956	0.174818
#P-0.548387	0.612903	-0.169676	0.091051	0.925078	0.171696
#P-0.483871	0.612903	-0.154457	0.104058	0.928200	0.168574
#P-0.419355	0.612903	-0.138112	0.117066	0.931322	0.165453
#P-0.354839	0.612903	-0.121691	0.130073	0.934443	0.162331
#P-0.290323	0.612903	-0.106202	0.143080	0.937565	0.159209
#P-0.225806	0.612903	-0.092572	0.156087	0.940687	0.156087
#P-0.161290	0.612903	-0.081598	0.169095	0.943809	0.152966
#P-0.096774	0.612903	-0.073915	0.182102	0.946930	0.149844
#P-0.032258	0.612903	-0.069961	0.195109	0.950052	0.146722
#P0.032258	0.612903	-0.069961	0.208117	0.953174	0.143600
#P0.096774	0.612903	-0.073915	0.221124	0.956296	0.140479
#P0.161290	0.612903	-0.081598	0.234131	0.959417	0.137357
#P0.225806	0.612903	-0.092572	0.247138	0.962539	0.134235
#P0.290323	0.612903	-0.106202	0.260146	0.965661	0.131113
#P0.354839	0.612903	-0.121691	0.273153	0.968783	0.127992
#P0.419355	0.612903	-0.138112	0.286160	0.971904	0.124870
#P0.483871	0.612903	-0.154457	0.299168	0.975026	0.121748
#P0.548387	0.612903	-0.169676	0.312175	0.978148	0.118626
#P0.612903	0.612903	-0.182737	0.325182	0.981270	0.115505
#P0.677419	0.612903	-0.192667	0.338189	0.984391	0.112383
#P0.741935	0.612903	-0.198603	0.351197	0.987513	0.109261
#P0.806452	0.612903	-0.199835	0.364204	0.990635	0.106139
#P0.870968	0.612903	-0.195844	0.377211	0.993757	0.103018
#P0.935484	0.612903	-0.186327	0.390219	0.996878	0.099896
#P1.000000	0.612903	-0.171220	0.403226	1.000000	0.096774
#P-1.000000	0.677419	-0.158856	0.000000	0.919355	0.161290
#P-0.935484	0.677419	-0.176753	0.013528	0.921956	0.158689
#P-0.870968	0.677419	-0.189541	0.027055	0.924558	0.156087
#P-0.806452	0.677419	-0.197212	0.040583	0.927159	0.153486
#P-0.741935	0.677419	-0.199978	0.054110	0.929761	0.150884
#P-0.677419	0.677419	-0.198263	0.067638	0.932362	0.148283
#P-0.612903	0.677419	-0.192667	0.081165	0.934964	0.145682
#P-0.548387	0.677419	-0.183939	0.094693	0.937565	0.143080
#P-0.483871	0.677419	-0.172937	0.108221	0.940166	0.140479
#P-0.419355	0.677419	-0.160582	0.121748	0.942768	0.137877
#P-0.354839	0.677419	-0.147811	0.135276	0.945369	0.135276
#P-0.290323	0.677419	-0.135534	0.148803	0.947971	0.132674
#P-0.225806	0.677419	-0.124588	0.162331	0.950572	0.130073
#P-0.161290	0.677419	-0.115697	0.175858	0.953174	0.127471
#P-0.096774	0.677419	-0.109435	0.189386	0.955775	0.124870
#P-0.032258	0.677419	-0.106202	0.202914	0.958377	0.122268
#P0.032258	0.677419	-0.106202	0.216441	0.960978	0.119667
#P0.096774	0.677419	-0.109435	0.229969	0.963580	0.117066
#P0.161290	0.677419	-0.115697	0.243496	0.966181	0.114464
#P0.225806	0.677419	-0.124588	0.257024	0.968783	0.111863
#P0.290323	0.677419	-0.135534	0.270552	0.971384	0.109261
#P0.354839	0.677419	-0.147811	0.284079	0.973985	0.106660
#P0.419355	0.677419	-0.160582	0.297607	0.976587	0.104058
#P0.483871	0.677419	-0.172937	0.311134	0.979188	0.101457
#P0.548387	0.677419	-0.183939	0.324662	0.981790	0.098855
#P0.612903	0.677419	-0.192667	0.338189	0.984391	0.096254
#P0.677419	0.677419	-0.198263	0.351717	0.986993	0.093652
#P0.741935	0.677419	-0.199978	0.365245	0.989594	0.091051
#P0.806452	0.677419	-0.197212	0.378772	0.992196	0.088450
#P0.870968	0.677419	-0.189541	0.392300	0.994797	0.085848
#P0.935484	0.677419	-0.176753	0.405827	0.997399	0.083247
#P1.000000	0.677419	-0.158856	0.419355	1.000000	0.080645
#P-1.000000	0.741935	-0.143547	0.000000	0.935484	0.129032
#P-0.935484	0.741935	-0.163996	0.014048	0.937565	0.126951
#P-0.870968	0.741935	-0.179843	0.028096	0.939646	0.124870
#P-0.806452	0.741935	-0.191006	0.042144	0.941727	0.122789
#P-0.741935	0.741935	-0.197610	0.056191	0.943809	0.120708
#P-0.677419	0.741935	-0.199978	0.070239	0.945890	0.118626
#P-0.612903	0.741935	-0.198603	0.084287	0.947971	0.116545
#P-0.548387	0.741935	-0.194117	0.098335	0.950052	0.114464
#P-0.483871	0.741935	-0.187261	0.112383	0.952133	0.112383
#P-0.419355	0.741935	-0.178838	0.126431	0.954214	0.110302
#P-0.354839	0.741935	-0.169676	0.140479	0.956296	0.108221
#P-0.290323	0.741935	-0.160582	0.154527	0.958377	0.106139
#P-0.225806	0.741935	-0.152300	0.168574	0.960458	0.104058
#P-0.161290	0.741935	-0.145477	0.182622	0.962539	0.101977
#P-0.096774	0.741935	-0.140628	0.196670	0.964620	0.099896
#P-0.032258	0.741935	-0.138112	0.210718	0.966701	0.097815
#P0.032258	0.741935	-0.138112	0.224766	0.968783	0.095734
#P0.096774	0.741935	-0.140628	0.238814	0.970864	0.093652
#P0.161290	0.741935	-0.145477	0.252862	0.972945	0.091571
#P0.225806	0.741935	-0.152300	0.266909	0.975026	0.089490
#P0.290323	0.741935	-0.160582	0.280957	0.977107	0.087409
#P0.354839	0.741935	-0.169676	0.295005	0.979188	0.085328
#P0.419355	0.741935	-0.178838	0.309053	0.981270	0.083247
#P0.483871	0.741935	-0.187261	0.323101	0.983351	0.081165
#P0.548387	0.741935	-0.194117	0.337149	0.985432	0.079084
#P0.612903	0.741935	-0.198603	0.351197	0.987513	0.077003
#P0.677419	0.741935	-0.199978	0.365245	0.989594	0.074922
#P0.741935	0.741935	-0.197610	0.379292	0.991675	0.072841
#P0.806452	0.741935	-0.191006	0.393340	0.993757	0.070760
#P0.870968	0.741935	-0.179843	0.407388	0.995838	0.068678
#P0.935484	0.741935	-0.163996	0.421436	0.997919	0.066597
#P1.000000	0.741935	-0.143547	0.435484	1.000000	0.064516
#P-1.000000	0.806452	-0.125213	0.000000	0.951613	0.096774
#P-0.935484	0.806452	-0.147880	0.014568	0.953174	0.095213
#P-0.870968	0.806452	-0.166471	0.029136	0.954735	0.093652
#P-0.806452	0.806452	-0.180833	0.043704	0.956296	0.092092
#P-0.741935	0.806452	-0.191006	0.058273	0.957856	0.090531
#P-0.677419	0.806452	-0.197212	0.072841	0.959417	0.088970
#P-0.612903	0.806452	-0.199835	0.087409	0.960978	0.087409
#P-0.548387	0.806452	-0.199395	0.101977	0.962539	0.085848
#P-0.483871	0.806452	-0.196513	0.116545	0.964100	0.084287
#P-0.419355	0.806452	-0.191877	0.131113	0.965661	0.082726
#P-0.354839	0.806452	-0.186200	0.145682	0.967222	0.081165
#P-0.290323	0.806452	-0.180187	0.160250	0.968783	0.079605
#P-0.225806	0.806452	-0.174489	0.174818	0.970343	0.078044
#P-0.161290	0.806452	-0.169676	0.189386	0.971904	0.076483
#P-0.096774	0.806452	-0.166202	0.203954	0.973465	0.074922
#P-0.032258	0.806452	-0.164384	0.218522	0.975026	0.073361
#P0.032258	0.806452	-0.164384	0.233091	0.976587	0.071800
#P0.096774	0.806452	-0.166202	0.247659	0.978148	0.070239
#P0.161290	0.806452	-0.169676	0.262227	0.979709	0.068678
#P0.225806	0.806452	-0.174489	0.276795	0.981270	0.067118
#P0.290323	0.806452	-0.180187	0.291363	0.982830	0.065557
#P0.354839	0.806452	-0.186200	0.305931	0.984391	0.063996
#P0.419355	0.806452	-0.191877	0.320499	0.985952	0.062435
#P0.483871	0.806452	-0.196513	0.335068	0.987513	0.060874
#P0.548387	0.806452	-0.199395	0.349636	0.989074	0.059313
#P0.612903	0.806452	-0.199835	0.364204	0.990635	0.057752
#P0.677419	0.806452	-0.197212	0.378772	0.992196	0.056191
#P0.741935	0.806452	-0.191006	0.393340	0.993757	0.054631
#P0.806452	0.806452	-0.180833	0.407908	0.995317	0.053070
#P0.870968	0.806452	-0.166471	0.422477	0.996878	0.051509
#P0.935484	0.806452	-0.147880	0.437045	0.998439	0.049948
#P1.000000	0.806452	-0.125213	0.451613	1.000000	0.048387
#P-1.000000	0.870968	-0.103901	0.000000	0.967742	0.064516
#P-0.935484	0.870968	-0.128369	0.015088	0.968783	0.063476
#P-0.870968	0.870968	-0.149299	0.030177	0.969823	0.062435
#P-0.806452	0.870968	-0.166471	0.045265	0.970864	0.061394
#P-0.741935	0.870968	-0.179843	0.060354	0.971904	0.060354
#P-0.677419	0.870968	-0.189541	0.075442	0.972945	0.059313
#P-0.612903	0.870968	-0.195844	0.090531	0.973985	0.058273
#P-0.548387	0.870968	-0.199157	0.105619	0.975026	0.057232
#P-0.483871	0.870968	-0.199987	0.120708	0.976067	0.056191
#P-0.419355	0.870968	-0.198904	0.135796	0.977107	0.055151
#P-0.354839	0.870968	-0.196513	0.150884	0.978148	0.054110
#P-0.290323	0.870968	-0.193413	0.165973	0.979188	0.053070
#P-0.225806	0.870968	-0.190165	0.181061	0.980229	0.052029
#P-0.161290	0.870968	-0.187261	0.196150	0.981270	0.050989
#P-0.096774	0.870968	-0.185094	0.211238	0.982310	0.049948
#P-0.032258	0.870968	-0.183939	0.226327	0.983351	0.048907
#P0.032258	0.870968	-0.183939	0.241415	0.984391	0.047867
#P0.096774	0.870968	-0.185094	0.256504	0.985432	0.046826
#P0.161290	0.870968	-0.187261	0.271592	0.986472	0.045786
#P0.225806	0.870968	-0.190165	0.286681	0.987513	0.044745
#P0.290323	0.870968	-0.193413	0.301769	0.988554	0.043704
#P0.354839	0.870968	-0.196513	0.316857	0.989594	0.042664
#P0.419355	0.870968	-0.198904	0.331946	0.990635	0.041623
#P0.483871	0.870968	-0.199987	0.347034	0.991675	0.040583
#P0.548387	0.870968	-0.199157	0.362123	0.992716	0.039542
#P0.612903	0.870968	-0.195844	0.377211	0.993757	0.038502
#P0.677419	0.870968	-0.189541	0.392300	0.994797	0.037461
#P0.741935	0.870968	-0.179843	0.407388	0.995838	0.036420
#P0.806452	0.870968	-0.166471	0.422477	0.996878	0.035380
#P0.870968	0.870968	-0.149299	0.437565	0.997919	0.034339
#P0.935484	0.870968	-0.128369	0.452653	0.998959	0.033299
#P1.000000	0.870968	-0.103901	0.467742	1.000000	0.032258
#P-1.000000	0.935484	-0.079802	0.000000	0.983871	0.032258
#P-0.935484	0.935484	-0.105583	0.015609	0.984391	0.031738
#P-0.870968	0.935484	-0.128369	0.031217	0.984912	0.031217
#P-0.806452	0.935484	-0.147880	0.046826	0.985432	0.030697
#P-0.741935	0.935484	-0.163996	0.062435	0.985952	0.030177
#P-0.677419	0.935484	-0.176753	0.078044	0.986472	0.029657
#P-0.612903	0.935484	-0.186327	0.093652	0.986993	0.029136
#P-0.548387	0.935484	-0.193016	0.109261	0.987513	0.028616
#P-0.483871	0.935484	-0.197212	0.124870	0.988033	0.028096
#P-0.419355	0.935484	-0.199375	0.140479	0.988554	0.027575
#P-0.354839	0.935484	-0.200000	0.156087	0.989074	0.027055
#P-0.290323	0.935484	-0.199585	0.171696	0.989594	0.026535
#P-0.225806	0.935484	-0.198603	0.187305	0.990114	0.026015
#P-0.161290	0.935484	-0.197467	0.202914	0.990635	0.025494
#P-0.096774	0.935484	-0.196513	0.218522	0.991155	0.024974
#P-0.032258	0.935484	-0.195976	0.234131	0.991675	0.024454
#P0.032258	0.935484	-0.195976	0.249740	0.992196	0.023933
#P0.096774	0.935484	-0.196513	0.265349	0.992716	0.023413
#P0.161290	0.935484	-0.197467	0.280957	0.993236	0.022893
#P0.225806	0.935484	-0.198603	0.296566	0.993757	0.022373
#P0.290323	0.935484	-0.199585	0.312175	0.994277	0.021852
#P0.354839	0.935484	-0.200000	0.327784	0.994797	0.021332
#P0.419355	0.935484	-0.199375	0.343392	0.995317	0.020812
#P0.483871	0.935484	-0.197212	0.359001	0.995838	0.020291
#P0.548387	0.935484	-0.193016	0.374610	0.996358	0.019771
#P0.612903	0.935484	-0.186327	0.390219	0.996878	0.019251
#P0.677419	0.935484	-0.176753	0.405827	0.997399	0.018730
#P0.741935	0.935484	-0.163996	0.421436	0.997919	0.018210
#P0.806452	0.935484	-0.147880	0.437045	0.998439	0.017690
#P0.870968	0.935484	-0.128369	0.452653	0.998959	0.017170
#P0.935484	0.935484	-0.105583	0.468262	0.999480	0.016649
#P1.000000	0.935484	-0.079802	0.483871	1.000000	0.016129
#P-1.000000	1.000000	-0.053251	0.000000	1.000000	0.000000
#P-0.935484	1.000000	-0.079802	0.016129	1.000000	0.000000
#P-0.870968	1.000000	-0.103901	0.032258	1.000000	0.000000
#P-0.806452	1.000000	-0.125213	0.048387	1.000000	0.000000
#P-0.741935	1.000000	-0.143547	0.064516	1.000000	0.000000
#P-0.677419	1.000000	-0.158856	0.080645	1.000000	0.000000
#P-0.612903	1.000000	-0.171220	0.096774	1.000000	0.000000
#P-0.548387	1.000000	-0.180833	0.112903	1.000000	0.000000
#P-0.483871	1.000000	-0.187981	0.129032	1.000000	0.000000
#P-0.419355	1.000000	-0.193016	0.145161	1.000000	0.000000
#P-0.354839	1.000000	-0.196328	0.161290	1.000000	0.000000
#P-0.290323	1.000000	-0.198320	0.177419	1.000000	0.000000
#P-0.225806	1.000000	-0.199375	0.193548	1.000000	0.000000
#P-0.161290	1.000000	-0.199835	0.209677	1.000000	0.000000
#P-0.096774	1.000000	-0.199978	0.225806	1.000000	0.000000
#P-0.032258	1.000000	-0.200000	0.241935	1.000000	0.000000
#P0.032258	1.000000	-0.200000	0.258065	1.000000	0.000000
#P0.096774	1.000000	-0.199978	0.274194	1.000000	0.000000
#P0.161290	1.000000	-0.199835	0.290323	1.000000	0.000000
#P0.225806	1.000000	-0.199375	0.306452	1.000000	0.000000
#P0.290323	1.000000	-0.198320	0.322581	1.000000	0.000000
#P0.354839	1.000000	-0.196328	0.338710	1.000000	0.000000
#P0.419355	1.000000	-0.193016	0.354839	1.000000	0.000000
#P0.483871	1.000000	-0.187981	0.370968	1.000000	0.000000
#P0.548387	1.000000	-0.180833	0.387097	1.000000	0.000000
#P0.612903	1.000000	-0.171220	0.403226	1.000000	0.000000
#P0.677419	1.000000	-0.158856	0.419355	1.000000	0.000000
#P0.741935	1.000000	-0.143547	0.435484	1.000000	0.000000
#P0.806452	1.000000	-0.125213	0.451613	1.000000	0.000000
#P0.870968	1.000000	-0.103901	0.467742	1.000000	0.000000
#P0.935484	1.000000	-0.079802	0.483871	1.000000	0.000000
#P1.000000	1.000000	-0.053251	0.500000	1.000000	0.000000
