#N1024
#P0.000000	0.000000	1.000000	0.000000	1.000000	0.000000
#P0.000843	0.004526	0.999989	0.000000	1.000000	0.000978
#P0.003312	0.008587	0.999958	0.000000	1.000000	0.001955
#P0.007235	0.011749	0.999905	0.000000	1.000000	0.002933
#P0.012339	0.013634	0.999831	0.000000	1.000000	0.003910
#P0.018265	0.013936	0.999736	0.000000	1.000000	0.004888
#P0.024585	0.012442	0.999620	0.000000	1.000000	0.005865
#P0.030829	0.009046	0.999484	0.000000	1.000000	0.006843
#P0.036506	0.003756	0.999326	0.000000	1.000000	0.007820
#P0.041131	-0.003306	0.999148	0.000000	1.000000	0.008798
#P0.044250	-0.011902	0.998950	0.000000	1.000000	0.009775
#P0.045468	-0.021689	0.998730	0.000000	1.000000	0.010753
#P0.044468	-0.032237	0.998491	0.000000	1.000000	0.011730
#P0.041034	-0.043041	0.998230	0.000000	1.000000	0.012708
#P0.035060	-0.053546	0.997950	0.000000	1.000000	0.013685
#P0.026568	-0.063175	0.997649	0.000000	1.000000	0.014663
#P0.015704	-0.071351	0.997328	0.000000	1.000000	0.015640
#P0.002745	-0.077529	0.996986	0.000000	1.000000	0.016618
#P-0.011918	-0.081220	0.996625	0.000000	1.000000	0.017595
#P-0.027781	-0.082019	0.996244	0.000000	1.000000	0.018573
#P-0.044256	-0.079623	0.995842	0.000000	1.000000	0.019550
#P-0.060686	-0.073855	0.995421	0.000000	1.000000	0.020528
#P-0.076373	-0.064672	0.994980	0.000000	1.000000	0.021505
#P-0.090608	-0.052176	0.994519	0.000000	1.000000	0.022483
#P-0.102698	-0.036616	0.994038	0.000000	1.000000	0.023460
#P-0.111998	-0.018385	0.993538	0.000000	1.000000	0.024438
#P-0.117940	0.001994	0.993019	0.000000	1.000000	0.025415
#P-0.120059	0.023878	0.992480	0.000000	1.000000	0.026393
#P-0.118014	0.046530	0.991921	0.000000	1.000000	0.027370
#P-0.111614	0.069142	0.991343	0.000000	1.000000	0.028348
#P-0.100824	0.090863	0.990746	0.000000	1.000000	0.029326
#P-0.085778	0.110835	0.990130	0.000000	1.000000	0.030303
#P-0.066777	0.128221	0.989495	0.000000	1.000000	0.031281
#P-0.044287	0.142242	0.988841	0.000000	1.000000	0.032258
#P-0.018927	0.152207	0.988167	0.000000	1.000000	0.033236
#P0.008550	0.157541	0.987475	0.000000	1.000000	0.034213
#P0.037279	0.157816	0.986765	0.000000	1.000000	0.035191
#P0.066312	0.152767	0.986035	0.000000	1.000000	0.036168
#P0.094647	0.142309	0.985287	0.000000	1.000000	0.037146
#P0.121267	0.126548	0.984520	0.000000	1.000000	0.038123
#P0.145175	0.105783	0.983735	0.000000	1.000000	0.039101
#P0.165426	0.080501	0.982931	0.000000	1.000000	0.040078
#P0.181171	0.051365	0.982109	0.000000	1.000000	0.041056
#P0.191683	0.019199	0.981269	0.000000	1.000000	0.042033
#P0.196389	-0.015037	0.980411	0.000000	1.000000	0.043011
#P0.194896	-0.050280	0.979534	0.000000	1.000000	0.043988
#P0.187008	-0.085393	0.978640	0.000000	1.000000	0.044966
#P0.172741	-0.119204	0.977728	0.000000	1.000000	0.045943
#P0.152325	-0.150546	0.976797	0.000000	1.000000	0.046921
#P0.126206	-0.178298	0.975849	0.000000	1.000000	0.047898
#P0.095034	-0.201421	0.974884	0.000000	1.000000	0.048876
#P0.059649	-0.218998	0.973900	0.000000	1.000000	0.049853
#P0.021056	-0.230267	0.972900	0.000000	1.000000	0.050831
#P-0.019606	-0.234654	0.971881	0.000000	1.000000	0.051808
#P-0.061094	-0.231789	0.970846	0.000000	1.000000	0.052786
#P-0.102104	-0.221533	0.969793	0.000000	1.000000	0.053763
#P-0.141310	-0.203980	0.968723	0.000000	1.000000	0.054741
#P-0.177409	-0.179465	0.967635	0.000000	1.000000	0.055718
#P-0.209162	-0.148556	0.966531	0.000000	1.000000	0.056696
#P-0.235437	-0.112040	0.965410	0.000000	1.000000	0.057674
#P-0.255249	-0.070906	0.964272	0.000000	1.000000	0.058651
#P-0.267794	-0.026312	0.963117	0.000000	1.000000	0.059629
#P-0.272476	0.020443	0.961945	0.000000	1.000000	0.060606
#P-0.268937	0.067961	0.960757	0.000000	1.000000	0.061584
#P-0.257067	0.114787	0.959552	0.000000	1.000000	0.062561
#P-0.237014	0.159454	0.958331	0.000000	1.000000	0.063539
#P-0.209189	0.200529	0.957094	0.000000	1.000000	0.064516
#P-0.174249	0.236659	0.955840	0.000000	1.000000	0.065494
#P-0.133091	0.266615	0.954570	0.000000	1.000000	0.066471
#P-0.086820	0.289332	0.953283	0.000000	1.000000	0.067449
#P-0.036723	0.303946	0.951981	0.000000	1.000000	0.068426
#P0.015768	0.309825	0.950663	0.000000	1.000000	0.069404
#P0.069122	0.306589	0.949329	0.000000	1.000000	0.070381
#P0.121746	0.294132	0.947979	0.000000	1.000000	0.071359
#P0.172045	0.272624	0.946613	0.000000	1.000000	0.072336
#P0.218458	0.242512	0.945232	0.000000	1.000000	0.073314
#P0.259516	0.204514	0.943836	0.000000	1.000000	0.074291
#P0.293884	0.159595	0.942423	0.000000	1.000000	0.075269
#P0.320401	0.108948	0.940996	0.000000	1.000000	0.076246
#P0.338125	0.053956	0.939553	0.000000	1.000000	0.077224
#P0.346356	-0.003843	0.938095	0.000000	1.000000	0.078201
#P0.344666	-0.062801	0.936622	0.000000	1.000000	0.079179
#P0.332914	-0.121212	0.935134	0.000000	1.000000	0.080156
#P0.311253	-0.177353	0.933631	0.000000	1.000000	0.081134
#P0.280132	-0.229544	0.932114	0.000000	1.000000	0.082111
#P0.240282	-0.276194	0.930581	0.000000	1.000000	0.083089
#P0.192705	-0.315850	0.929034	0.000000	1.000000	0.084066
#P0.138638	-0.347239	0.927472	0.000000	1.000000	0.085044
#P0.079530	-0.369313	0.925896	0.000000	1.000000	0.086022
#P0.016996	-0.381276	0.924305	0.000000	1.000000	0.086999
#P-0.047229	-0.382614	0.922700	0.000000	1.000000	0.087977
#P-0.111334	-0.373115	0.921081	0.000000	1.000000	0.088954
#P-0.173489	-0.352870	0.919448	0.000000	1.000000	0.089932
#P-0.231894	-0.322285	0.917800	0.000000	1.000000	0.090909
#P-0.284832	-0.282064	0.916139	0.000000	1.000000	0.091887
#P-0.330721	-0.233195	0.914464	0.000000	1.000000	0.092864
#P-0.368158	-0.176923	0.912775	0.000000	1.000000	0.093842
#P-0.395962	-0.114723	0.911072	0.000000	1.000000	0.094819
#P-0.413211	-0.048250	0.909356	0.000000	1.000000	0.095797
#P-0.419269	0.020698	0.907626	0.000000	1.000000	0.096774
#P-0.413804	0.090233	0.905883	0.000000	1.000000	0.097752
#P-0.396808	0.158427	0.904126	0.000000	1.000000	0.098729
#P-0.368590	0.223370	0.902357	0.000000	1.000000	0.099707
#P-0.329778	0.283220	0.900574	0.000000	1.000000	0.100684
#P-0.281300	0.336258	0.898778	0.000000	1.000000	0.101662
#P-0.224362	0.380932	0.896969	0.000000	1.000000	0.102639
#P-0.160416	0.415907	0.895147	0.000000	1.000000	0.103617
#P-0.091122	0.440103	0.893312	0.000000	1.000000	0.104594
#P-0.018303	0.452720	0.891465	0.000000	1.000000	0.105572
#P0.056102	0.453273	0.889605	0.000000	1.000000	0.106549
#P0.130093	0.441597	0.887732	0.000000	1.000000	0.107527
#P0.201663	0.417860	0.885847	0.000000	1.000000	0.108504
#P0.268851	0.382560	0.883950	0.000000	1.000000	0.109482
#P0.329796	0.336512	0.882040	0.000000	1.000000	0.110459
#P0.382790	0.280827	0.880118	0.000000	1.000000	0.111437
#P0.426324	0.216888	0.878184	0.000000	1.000000	0.112414
#P0.459130	0.146308	0.876238	0.000000	1.000000	0.113392
#P0.480216	0.070893	0.874281	0.000000	1.000000	0.114370
#P0.488895	-0.007405	0.872311	0.000000	1.000000	0.115347
#P0.484805	-0.086546	0.870330	0.000000	1.000000	0.116325
#P0.467920	-0.164447	0.868337	0.000000	1.000000	0.117302
#P0.438550	-0.239045	0.866332	0.000000	1.000000	0.118280
#P0.397341	-0.308347	0.864316	0.000000	1.000000	0.119257
#P0.345253	-0.370485	0.862289	0.000000	1.000000	0.120235
#P0.283538	-0.423764	0.860250	0.000000	1.000000	0.121212
#P0.213710	-0.466713	0.858200	0.000000	1.000000	0.122190
#P0.137505	-0.498115	0.856139	0.000000	1.000000	0.123167
#P0.056837	-0.517048	0.854067	0.000000	1.000000	0.124145
#P-0.026253	-0.522909	0.851984	0.000000	1.000000	0.125122
#P-0.109647	-0.515426	0.849891	0.000000	1.000000	0.126100
#P-0.191204	-0.494671	0.847786	0.000000	1.000000	0.127077
#P-0.268821	-0.461060	0.845671	0.000000	1.000000	0.128055
#P-0.340480	-0.415337	0.843545	0.000000	1.000000	0.129032
#P-0.404305	-0.358564	0.841409	0.000000	1.000000	0.130010
#P-0.458609	-0.292089	0.839263	0.000000	1.000000	0.130987
#P-0.501937	-0.217516	0.837106	0.000000	1.000000	0.131965
#P-0.533105	-0.136661	0.834939	0.000000	1.000000	0.132942
#P-0.551230	-0.051512	0.832762	0.000000	1.000000	0.133920
#P-0.555754	0.035828	0.830574	0.000000	1.000000	0.134897
#P-0.546457	0.123189	0.828377	0.000000	1.000000	0.135875
#P-0.523466	0.208388	0.826170	0.000000	1.000000	0.136852
#P-0.487251	0.289288	0.823954	0.000000	1.000000	0.137830
#P-0.438611	0.363847	0.821727	0.000000	1.000000	0.138807
#P-0.378662	0.430173	0.819491	0.000000	1.000000	0.139785
#P-0.308803	0.486570	0.817246	0.000000	1.000000	0.140762
#P-0.230683	0.531578	0.814991	0.000000	1.000000	0.141740
#P-0.146164	0.564013	0.812727	0.000000	1.000000	0.142717
#P-0.057271	0.582997	0.810453	0.000000	1.000000	0.143695
#P0.033855	0.587974	0.808171	0.000000	1.000000	0.144673
#P0.125010	0.578732	0.805879	0.000000	1.000000	0.145650
#P0.213982	0.555403	0.803579	0.000000	1.000000	0.146628
#P0.298604	0.518462	0.801270	0.000000	1.000000	0.147605
#P0.376806	0.468715	0.798951	0.000000	1.000000	0.148583
#P0.446667	0.407281	0.796625	0.000000	1.000000	0.149560
#P0.506460	0.335563	0.794289	0.000000	1.000000	0.150538
#P0.554695	0.255217	0.791945	0.000000	1.000000	0.151515
#P0.590155	0.168108	0.789593	0.000000	1.000000	0.152493
#P0.611922	0.076271	0.787232	0.000000	1.000000	0.153470
#P0.619403	-0.018144	0.784863	0.000000	1.000000	0.154448
#P0.612343	-0.112918	0.782486	0.000000	1.000000	0.155425
#P0.590831	-0.205818	0.780101	0.000000	1.000000	0.156403
#P0.555294	-0.294651	0.777708	0.000000	1.000000	0.157380
#P0.506492	-0.377312	0.775307	0.000000	1.000000	0.158358
#P0.445500	-0.451839	0.772898	0.000000	1.000000	0.159335
#P0.373676	-0.516453	0.770482	0.000000	1.000000	0.160313
#P0.292636	-0.569606	0.768058	0.000000	1.000000	0.161290
#P0.204214	-0.610011	0.765626	0.000000	1.000000	0.162268
#P0.110416	-0.636674	0.763187	0.000000	1.000000	0.163245
#P0.013378	-0.648918	0.760741	0.000000	1.000000	0.164223
#P-0.084688	-0.646397	0.758287	0.000000	1.000000	0.165200
#P-0.181542	-0.629102	0.755826	0.000000	1.000000	0.166178
#P-0.274967	-0.597365	0.753358	0.000000	1.000000	0.167155
#P-0.362824	-0.551846	0.750883	0.000000	1.000000	0.168133
#P-0.443096	-0.493520	0.748401	0.000000	1.000000	0.169110
#P-0.513939	-0.423653	0.745912	0.000000	1.000000	0.170088
#P-0.573716	-0.343776	0.743416	0.000000	1.000000	0.171065
#P-0.621041	-0.255645	0.740914	0.000000	1.000000	0.172043
#P-0.654806	-0.161203	0.738405	0.000000	1.000000	0.173021
#P-0.674207	-0.062536	0.735890	0.000000	1.000000	0.173998
#P-0.678759	0.038173	0.733368	0.000000	1.000000	0.174976
#P-0.668308	0.138695	0.730840	0.000000	1.000000	0.175953
#P-0.643034	0.236805	0.728306	0.000000	1.000000	0.176931
#P-0.603445	0.330330	0.725766	0.000000	1.000000	0.177908
#P-0.550364	0.417197	0.723219	0.000000	1.000000	0.178886
#P-0.484913	0.495479	0.720667	0.000000	1.000000	0.179863
#P-0.408482	0.563438	0.718109	0.000000	1.000000	0.180841
#P-0.322706	0.619562	0.715544	0.000000	1.000000	0.181818
#P-0.229419	0.662597	0.712975	0.000000	1.000000	0.182796
#P-0.130620	0.691572	0.710399	0.000000	1.000000	0.183773
#P-0.028428	0.705823	0.707818	0.000000	1.000000	0.184751
#P0.074969	0.705002	0.705232	0.000000	1.000000	0.185728
#P0.177354	0.689089	0.702640	0.000000	1.000000	0.186706
#P0.276536	0.658383	0.700042	0.000000	1.000000	0.187683
#P0.370392	0.613504	0.697440	0.000000	1.000000	0.188661
#P0.456915	0.555371	0.694833	0.000000	1.000000	0.189638
#P0.534255	0.485183	0.692220	0.000000	1.000000	0.190616
#P0.600759	0.404397	0.689603	0.000000	1.000000	0.191593
#P0.655003	0.314689	0.686980	0.000000	1.000000	0.192571
#P0.695824	0.217922	0.684353	0.000000	1.000000	0.193548
#P0.722340	0.116106	0.681721	0.000000	1.000000	0.194526
#P0.733972	0.011353	0.679085	0.000000	1.000000	0.195503
#P0.730450	-0.094166	0.676444	0.000000	1.000000	0.196481
#P0.711818	-0.198269	0.673798	0.000000	1.000000	0.197458
#P0.678437	-0.298803	0.671148	0.000000	1.000000	0.198436
#P0.630968	-0.393695	0.668494	0.000000	1.000000	0.199413
#P0.570361	-0.480989	0.665836	0.000000	1.000000	0.200391
#P0.497837	-0.558892	0.663173	0.000000	1.000000	0.201369
#P0.414854	-0.625801	0.660507	0.000000	1.000000	0.202346
#P0.323084	-0.680344	0.657836	0.000000	1.000000	0.203324
#P0.224371	-0.721402	0.655162	0.000000	1.000000	0.204301
#P0.120699	-0.748129	0.652484	0.000000	1.000000	0.205279
#P0.014144	-0.759972	0.649802	0.000000	1.000000	0.206256
#P-0.093161	-0.756678	0.647116	0.000000	1.000000	0.207234
#P-0.199077	-0.738297	0.644427	0.000000	1.000000	0.208211
#P-0.301492	-0.705180	0.641735	0.000000	1.000000	0.209189
#P-0.398375	-0.657972	0.639039	0.000000	1.000000	0.210166
#P-0.487806	-0.597593	0.636339	0.000000	1.000000	0.211144
#P-0.568018	-0.525224	0.633637	0.000000	1.000000	0.212121
#P-0.637431	-0.442275	0.630931	0.000000	1.000000	0.213099
#P-0.694681	-0.350365	0.628223	0.000000	1.000000	0.214076
#P-0.738644	-0.251278	0.625511	0.000000	1.000000	0.215054
#P-0.768462	-0.146936	0.622796	0.000000	1.000000	0.216031
#P-0.783552	-0.039358	0.620079	0.000000	1.000000	0.217009
#P-0.783616	0.069384	0.617359	0.000000	1.000000	0.217986
#P-0.768651	0.177199	0.614636	0.000000	1.000000	0.218964
#P-0.738938	0.282021	0.611910	0.000000	1.000000	0.219941
#P-0.695045	0.381850	0.609182	0.000000	1.000000	0.220919
#P-0.637804	0.474786	0.606452	0.000000	1.000000	0.221896
#P-0.568300	0.559069	0.603719	0.000000	1.000000	0.222874
#P-0.487847	0.633106	0.600984	0.000000	1.000000	0.223851
#P-0.397960	0.695506	0.598247	0.000000	1.000000	0.224829
#P-0.300326	0.745101	0.595508	0.000000	1.000000	0.225806
#P-0.196771	0.780967	0.592766	0.000000	1.000000	0.226784
#P-0.089226	0.802441	0.590023	0.000000	1.000000	0.227761
#P0.020314	0.809131	0.587277	0.000000	1.000000	0.228739
#P0.129824	0.800918	0.584530	0.000000	1.000000	0.229717
#P0.237285	0.777963	0.581782	0.000000	1.000000	0.230694
#P0.340729	0.740693	0.579031	0.000000	1.000000	0.231672
#P0.438266	0.689801	0.576279	0.000000	1.000000	0.232649
#P0.528124	0.626222	0.573525	0.000000	1.000000	0.233627
#P0.608678	0.551119	0.570770	0.000000	1.000000	0.234604
#P0.678479	0.465861	0.568014	0.000000	1.000000	0.235582
#P0.736280	0.371990	0.565257	0.000000	1.000000	0.236559
#P0.781055	0.271201	0.562498	0.000000	1.000000	0.237537
#P0.812015	0.165302	0.559738	0.000000	1.000000	0.238514
#P0.828625	0.056185	0.556977	0.000000	1.000000	0.239492
#P0.830607	-0.054210	0.554215	0.000000	1.000000	0.240469
#P0.817941	-0.163931	0.551452	0.000000	1.000000	0.241447
#P0.790870	-0.271045	0.548688	0.000000	1.000000	0.242424
#P0.749888	-0.373678	0.545924	0.000000	1.000000	0.243402
#P0.695730	-0.470042	0.543159	0.000000	1.000000	0.244379
#P0.629357	-0.558467	0.540393	0.000000	1.000000	0.245357
#P0.551939	-0.637433	0.537627	0.000000	1.000000	0.246334
#P0.464831	-0.705590	0.534860	0.000000	1.000000	0.247312
#P0.369547	-0.761783	0.532093	0.000000	1.000000	0.248289
#P0.267734	-0.805067	0.529325	0.000000	1.000000	0.249267
#P0.161142	-0.834728	0.526558	0.000000	1.000000	0.250244
#P0.051593	-0.850284	0.523790	0.000000	1.000000	0.251222
#P-0.059052	-0.851498	0.521022	0.000000	1.000000	0.252199
#P-0.168925	-0.838378	0.518254	0.000000	1.000000	0.253177
#P-0.276179	-0.811172	0.515486	0.000000	1.000000	0.254154
#P-0.379025	-0.770364	0.512718	0.000000	1.000000	0.255132
#P-0.475757	-0.716663	0.509951	0.000000	1.000000	0.256109
#P-0.564781	-0.650989	0.507183	0.000000	1.000000	0.257087
#P-0.644644	-0.574455	0.504416	0.000000	1.000000	0.258065
#P-0.714049	-0.488345	0.501650	0.000000	1.000000	0.259042
#P-0.771883	-0.394096	0.498884	0.000000	1.000000	0.260020
#P-0.817228	-0.293266	0.496118	0.000000	1.000000	0.260997
#P-0.849377	-0.187512	0.493353	0.000000	1.000000	0.261975
#P-0.867842	-0.078561	0.490589	0.000000	1.000000	0.262952
#P-0.872361	0.031820	0.487826	0.000000	1.000000	0.263930
#P-0.862897	0.141855	0.485063	0.000000	1.000000	0.264907
#P-0.839639	0.249783	0.482301	0.000000	1.000000	0.265885
#P-0.802996	0.353889	0.479541	0.000000	1.000000	0.266862
#P-0.753588	0.452532	0.476781	0.000000	1.000000	0.267840
#P-0.692231	0.544168	0.474022	0.000000	1.000000	0.268817
#P-0.619927	0.627376	0.471265	0.000000	1.000000	0.269795
#P-0.537840	0.700876	0.468509	0.000000	1.000000	0.270772
#P-0.447283	0.763552	0.465754	0.000000	1.000000	0.271750
#P-0.349687	0.814463	0.463001	0.000000	1.000000	0.272727
#P-0.246586	0.852858	0.460249	0.000000	1.000000	0.273705
#P-0.139586	0.878186	0.457498	0.000000	1.000000	0.274682
#P-0.030340	0.890103	0.454749	0.000000	1.000000	0.275660
#P0.079476	0.888469	0.452002	0.000000	1.000000	0.276637
#P0.188190	0.873357	0.449257	0.000000	1.000000	0.277615
#P0.294160	0.845042	0.446513	0.000000	1.000000	0.278592
#P0.395799	0.803997	0.443771	0.000000	1.000000	0.279570
#P0.491596	0.750883	0.441031	0.000000	1.000000	0.280547
#P0.580143	0.686537	0.438293	0.000000	1.000000	0.281525
#P0.660149	0.611958	0.435557	0.000000	1.000000	0.282502
#P0.730462	0.528289	0.432824	0.000000	1.000000	0.283480
#P0.790081	0.436798	0.430092	0.000000	1.000000	0.284457
#P0.838175	0.338856	0.427363	0.000000	1.000000	0.285435
#P0.874086	0.235920	0.424636	0.000000	1.000000	0.286413
#P0.897340	0.129506	0.421911	0.000000	1.000000	0.287390
#P0.907652	0.021169	0.419189	0.000000	1.000000	0.288368
#P0.904927	-0.087524	0.416469	0.000000	1.000000	0.289345
#P0.889258	-0.195011	0.413752	0.000000	1.000000	0.290323
#P0.860923	-0.299764	0.411038	0.000000	1.000000	0.291300
#P0.820380	-0.400307	0.408326	0.000000	1.000000	0.292278
#P0.768255	-0.495236	0.405618	0.000000	1.000000	0.293255
#P0.705332	-0.583240	0.402911	0.000000	1.000000	0.294233
#P0.632541	-0.663117	0.400208	0.000000	1.000000	0.295210
#P0.550942	-0.733792	0.397508	0.000000	1.000000	0.296188
#P0.461706	-0.794325	0.394811	0.000000	1.000000	0.297165
#P0.366102	-0.843927	0.392117	0.000000	1.000000	0.298143
#P0.265473	-0.881970	0.389426	0.000000	1.000000	0.299120
#P0.161220	-0.907988	0.386738	0.000000	1.000000	0.300098
#P0.054778	-0.921684	0.384054	0.000000	1.000000	0.301075
#P-0.052401	-0.922935	0.381373	0.000000	1.000000	0.302053
#P-0.158869	-0.911784	0.378695	0.000000	1.000000	0.303030
#P-0.263202	-0.888444	0.376021	0.000000	1.000000	0.304008
#P-0.364018	-0.853288	0.373351	0.000000	1.000000	0.304985
#P-0.459997	-0.806843	0.370684	0.000000	1.000000	0.305963
#P-0.549898	-0.749782	0.368020	0.000000	1.000000	0.306940
#P-0.632570	-0.682911	0.365361	0.000000	1.000000	0.307918
#P-0.706970	-0.607156	0.362705	0.000000	1.000000	0.308895
#P-0.772177	-0.523550	0.360053	0.000000	1.000000	0.309873
#P-0.827395	-0.433220	0.357405	0.000000	1.000000	0.310850
#P-0.871969	-0.337364	0.354761	0.000000	1.000000	0.311828
#P-0.905388	-0.237242	0.352121	0.000000	1.000000	0.312805
#P-0.927288	-0.134155	0.349485	0.000000	1.000000	0.313783
#P-0.937458	-0.029425	0.346853	0.000000	1.000000	0.314761
#P-0.935837	0.075617	0.344225	0.000000	1.000000	0.315738
#P-0.922515	0.179652	0.341602	0.000000	1.000000	0.316716
#P-0.897726	0.281386	0.338983	0.000000	1.000000	0.317693
#P-0.861848	0.379571	0.336368	0.000000	1.000000	0.318671
#P-0.815390	0.473017	0.333758	0.000000	1.000000	0.319648
#P-0.758986	0.560605	0.331152	0.000000	1.000000	0.320626
#P-0.693388	0.641301	0.328551	0.000000	1.000000	0.321603
#P-0.619450	0.714167	0.325955	0.000000	1.000000	0.322581
#P-0.538117	0.778374	0.323363	0.000000	1.000000	0.323558
#P-0.450413	0.833205	0.320776	0.000000	1.000000	0.324536
#P-0.357428	0.878065	0.318194	0.000000	1.000000	0.325513
#P-0.260301	0.912485	0.315617	0.000000	1.000000	0.326491
#P-0.160206	0.936129	0.313044	0.000000	1.000000	0.327468
#P-0.058340	0.948789	0.310477	0.000000	1.000000	0.328446
#P0.044096	0.950392	0.307914	0.000000	1.000000	0.329423
#P0.145907	0.940993	0.305357	0.000000	1.000000	0.330401
#P0.245923	0.920777	0.302805	0.000000	1.000000	0.331378
#P0.343006	0.890052	0.300258	0.000000	1.000000	0.332356
#P0.436069	0.849240	0.297717	0.000000	1.000000	0.333333
#P0.524084	0.798877	0.295180	0.000000	1.000000	0.334311
#P0.606093	0.739599	0.292649	0.000000	1.000000	0.335288
#P0.681220	0.672136	0.290124	0.000000	1.000000	0.336266
#P0.748677	0.597300	0.287604	0.000000	1.000000	0.337243
#P0.807772	0.515974	0.285090	0.000000	1.000000	0.338221
#P0.857915	0.429103	0.282581	0.000000	1.000000	0.339198
#P0.898626	0.337681	0.280078	0.000000	1.000000	0.340176
#P0.929531	0.242737	0.277581	0.000000	1.000000	0.341153
#P0.950372	0.145325	0.275090	0.000000	1.000000	0.342131
#P0.961001	0.046514	0.272604	0.000000	1.000000	0.343109
#P0.961386	-0.052630	0.270124	0.000000	1.000000	0.344086
#P0.951602	-0.151051	0.267651	0.000000	1.000000	0.345064
#P0.931834	-0.247716	0.265183	0.000000	1.000000	0.346041
#P0.902369	-0.341624	0.262721	0.000000	1.000000	0.347019
#P0.863594	-0.431819	0.260266	0.000000	1.000000	0.347996
#P0.815986	-0.517395	0.257817	0.000000	1.000000	0.348974
#P0.760108	-0.597512	0.255374	0.000000	1.000000	0.349951
#P0.696600	-0.671394	0.252937	0.000000	1.000000	0.350929
#P0.626174	-0.738344	0.250507	0.000000	1.000000	0.351906
#P0.549598	-0.797745	0.248083	0.000000	1.000000	0.352884
#P0.467694	-0.849065	0.245666	0.000000	1.000000	0.353861
#P0.381323	-0.891863	0.243255	0.000000	1.000000	0.354839
#P0.291381	-0.925790	0.240851	0.000000	1.000000	0.355816
#P0.198782	-0.950592	0.238453	0.000000	1.000000	0.356794
#P0.104456	-0.966107	0.236063	0.000000	1.000000	0.357771
#P0.009332	-0.972269	0.233679	0.000000	1.000000	0.358749
#P-0.085665	-0.969103	0.231302	0.000000	1.000000	0.359726
#P-0.179628	-0.956726	0.228931	0.000000	1.000000	0.360704
#P-0.271673	-0.935340	0.226568	0.000000	1.000000	0.361681
#P-0.360949	-0.905232	0.224212	0.000000	1.000000	0.362659
#P-0.446647	-0.866766	0.221862	0.000000	1.000000	0.363636
#P-0.528002	-0.820381	0.219520	0.000000	1.000000	0.364614
#P-0.604305	-0.766580	0.217185	0.000000	1.000000	0.365591
#P-0.674906	-0.705931	0.214858	0.000000	1.000000	0.366569
#P-0.739216	-0.639052	0.212537	0.000000	1.000000	0.367546
#P-0.796717	-0.566611	0.210224	0.000000	1.000000	0.368524
#P-0.846961	-0.489313	0.207919	0.000000	1.000000	0.369501
#P-0.889573	-0.407897	0.205620	0.000000	1.000000	0.370479
#P-0.924255	-0.323124	0.203330	0.000000	1.000000	0.371457
#P-0.950784	-0.235774	0.201047	0.000000	1.000000	0.372434
#P-0.969014	-0.146634	0.198771	0.000000	1.000000	0.373412
#P-0.978874	-0.056495	0.196504	0.000000	1.000000	0.374389
#P-0.980369	0.033859	0.194244	0.000000	1.000000	0.375367
#P-0.973575	0.123656	0.191992	0.000000	1.000000	0.376344
#P-0.958640	0.212144	0.189747	0.000000	1.000000	0.377322
#P-0.935778	0.298594	0.187511	0.000000	1.000000	0.378299
#P-0.905268	0.382310	0.185283	0.000000	1.000000	0.379277
#P-0.867445	0.462631	0.183063	0.000000	1.000000	0.380254
#P-0.822703	0.538937	0.180850	0.000000	1.000000	0.381232
#P-0.771483	0.610655	0.178646	0.000000	1.000000	0.382209
#P-0.714273	0.677258	0.176451	0.000000	1.000000	0.383187
#P-0.651601	0.738274	0.174263	0.000000	1.000000	0.384164
#P-0.584026	0.793285	0.172084	0.000000	1.000000	0.385142
#P-0.512138	0.841929	0.169914	0.000000	1.000000	0.386119
#P-0.436550	0.883903	0.167751	0.000000	1.000000	0.387097
#P-0.357891	0.918962	0.165598	0.000000	1.000000	0.388074
#P-0.276801	0.946924	0.163453	0.000000	1.000000	0.389052
#P-0.193927	0.967662	0.161316	0.000000	1.000000	0.390029
#P-0.109916	0.981110	0.159189	0.000000	1.000000	0.391007
#P-0.025410	0.987261	0.157070	0.000000	1.000000	0.391984
#P0.058959	0.986160	0.154960	0.000000	1.000000	0.392962
#P0.142573	0.977910	0.152859	0.000000	1.000000	0.393939
#P0.224833	0.962663	0.150767	0.000000	1.000000	0.394917
#P0.305164	0.940621	0.148683	0.000000	1.000000	0.395894
#P0.383017	0.912033	0.146609	0.000000	1.000000	0.396872
#P0.457875	0.877187	0.144545	0.000000	1.000000	0.397849
#P0.529251	0.836415	0.142489	0.000000	1.000000	0.398827
#P0.596699	0.790080	0.140443	0.000000	1.000000	0.399804
#P0.659807	0.738579	0.138406	0.000000	1.000000	0.400782
#P0.718205	0.682336	0.136378	0.000000	1.000000	0.401760
#P0.771567	0.621798	0.134360	0.000000	1.000000	0.402737
#P0.819606	0.557431	0.132352	0.000000	1.000000	0.403715
#P0.862081	0.489719	0.130353	0.000000	1.000000	0.404692
#P0.898795	0.419154	0.128364	0.000000	1.000000	0.405670
#P0.929595	0.346238	0.126384	0.000000	1.000000	0.406647
#P0.954370	0.271475	0.124415	0.000000	1.000000	0.407625
#P0.973054	0.195371	0.122455	0.000000	1.000000	0.408602
#P0.985624	0.118424	0.120506	0.000000	1.000000	0.409580
#P0.992094	0.041130	0.118566	0.000000	1.000000	0.410557
#P0.992521	-0.036028	0.116637	0.000000	1.000000	0.411535
#P0.986998	-0.112582	0.114717	0.000000	1.000000	0.412512
#P0.975655	-0.188076	0.112808	0.000000	1.000000	0.413490
#P0.958653	-0.262077	0.110910	0.000000	1.000000	0.414467
#P0.936187	-0.334169	0.109021	0.000000	1.000000	0.415445
#P0.908479	-0.403963	0.107144	0.000000	1.000000	0.416422
#P0.875779	-0.471093	0.105276	0.000000	1.000000	0.417400
#P0.838359	-0.535218	0.103420	0.000000	1.000000	0.418377
#P0.796514	-0.596027	0.101574	0.000000	1.000000	0.419355
#P0.750556	-0.653237	0.099739	0.000000	1.000000	0.420332
#P0.700812	-0.706595	0.097915	0.000000	1.000000	0.421310
#P0.647623	-0.755876	0.096102	0.000000	1.000000	0.422287
#P0.591341	-0.800889	0.094300	0.000000	1.000000	0.423265
#P0.532324	-0.841471	0.092509	0.000000	1.000000	0.424242
#P0.470936	-0.877490	0.090729	0.000000	1.000000	0.425220
#P0.407543	-0.908843	0.088961	0.000000	1.000000	0.426197
#P0.342511	-0.935458	0.087203	0.000000	1.000000	0.427175
#P0.276206	-0.957292	0.085458	0.000000	1.000000	0.428152
#P0.208986	-0.974328	0.083724	0.000000	1.000000	0.429130
#P0.141205	-0.986578	0.082002	0.000000	1.000000	0.430108
#P0.073208	-0.994079	0.080291	0.000000	1.000000	0.431085
#P0.005332	-0.996893	0.078592	0.000000	1.000000	0.432063
#P-0.062101	-0.995102	0.076906	0.000000	1.000000	0.433040
#P-0.128781	-0.988815	0.075231	0.000000	1.000000	0.434018
#P-0.194411	-0.978158	0.073568	0.000000	1.000000	0.434995
#P-0.258711	-0.963274	0.071918	0.000000	1.000000	0.435973
#P-0.321416	-0.944326	0.070280	0.000000	1.000000	0.436950
#P-0.382282	-0.921492	0.068655	0.000000	1.000000	0.437928
#P-0.441078	-0.894961	0.067042	0.000000	1.000000	0.438905
#P-0.497596	-0.864937	0.065442	0.000000	1.000000	0.439883
#P-0.551646	-0.831631	0.063854	0.000000	1.000000	0.440860
#P-0.603054	-0.795265	0.062280	0.000000	1.000000	0.441838
#P-0.651671	-0.756067	0.060718	0.000000	1.000000	0.442815
#P-0.697363	-0.714271	0.059170	0.000000	1.000000	0.443793
#P-0.740017	-0.670114	0.057635	0.000000	1.000000	0.444770
#P-0.779540	-0.623834	0.056113	0.000000	1.000000	0.445748
#P-0.815855	-0.575673	0.054605	0.000000	1.000000	0.446725
#P-0.848906	-0.525869	0.053110	0.000000	1.000000	0.447703
#P-0.878653	-0.474661	0.051629	0.000000	1.000000	0.448680
#P-0.905075	-0.422283	0.050163	0.000000	1.000000	0.449658
#P-0.928166	-0.368966	0.048710	0.000000	1.000000	0.450635
#P-0.947935	-0.314935	0.047271	0.000000	1.000000	0.451613
#P-0.964409	-0.260410	0.045847	0.000000	1.000000	0.452590
#P-0.977626	-0.205601	0.044437	0.000000	1.000000	0.453568
#P-0.987640	-0.150715	0.043042	0.000000	1.000000	0.454545
#P-0.994514	-0.095945	0.041662	0.000000	1.000000	0.455523
#P-0.998326	-0.041479	0.040297	0.000000	1.000000	0.456500
#P-0.999163	0.012507	0.038947	0.000000	1.000000	0.457478
#P-0.997121	0.065846	0.037613	0.000000	1.000000	0.458456
#P-0.992305	0.118383	0.036293	0.000000	1.000000	0.459433
#P-0.984828	0.169971	0.034990	0.000000	1.000000	0.460411
#P-0.974810	0.220478	0.033703	0.000000	1.000000	0.461388
#P-0.962376	0.269779	0.032431	0.000000	1.000000	0.462366
#P-0.947657	0.317763	0.031177	0.000000	1.000000	0.463343
#P-0.930788	0.364330	0.029938	0.000000	1.000000	0.464321
#P-0.911907	0.409391	0.028717	0.000000	1.000000	0.465298
#P-0.891154	0.452866	0.027512	0.000000	1.000000	0.466276
#P-0.868671	0.494689	0.026325	0.000000	1.000000	0.467253
#P-0.844602	0.534803	0.025155	0.000000	1.000000	0.468231
#P-0.819090	0.573163	0.024004	0.000000	1.000000	0.469208
#P-0.792278	0.609731	0.022870	0.000000	1.000000	0.470186
#P-0.764310	0.644482	0.021755	0.000000	1.000000	0.471163
#P-0.735325	0.677400	0.020658	0.000000	1.000000	0.472141
#P-0.705464	0.708475	0.019580	0.000000	1.000000	0.473118
#P-0.674862	0.737711	0.018522	0.000000	1.000000	0.474096
#P-0.643655	0.765116	0.017484	0.000000	1.000000	0.475073
#P-0.611974	0.790707	0.016466	0.000000	1.000000	0.476051
#P-0.579946	0.814508	0.015468	0.000000	1.000000	0.477028
#P-0.547695	0.836552	0.014491	0.000000	1.000000	0.478006
#P-0.515343	0.856877	0.013536	0.000000	1.000000	0.478983
#P-0.483007	0.875526	0.012603	0.000000	1.000000	0.479961
#P-0.450800	0.892549	0.011692	0.000000	1.000000	0.480938
#P-0.418831	0.908000	0.010804	0.000000	1.000000	0.481916
#P-0.387206	0.921940	0.009940	0.000000	1.000000	0.482893
#P-0.356028	0.934431	0.009101	0.000000	1.000000	0.483871
#P-0.325397	0.945541	0.008286	0.000000	1.000000	0.484848
#P-0.295408	0.955342	0.007497	0.000000	1.000000	0.485826
#P-0.266156	0.963907	0.006735	0.000000	1.000000	0.486804
#P-0.237733	0.971312	0.006001	0.000000	1.000000	0.487781
#P-0.210232	0.977637	0.005295	0.000000	1.000000	0.488759
#P-0.183745	0.982963	0.004620	0.000000	1.000000	0.489736
#P-0.158366	0.987373	0.003976	0.000000	1.000000	0.490714
#P-0.134192	0.990950	0.003365	0.000000	1.000000	0.491691
#P-0.111327	0.993780	0.002789	0.000000	1.000000	0.492669
#P-0.089886	0.995949	0.002250	0.000000	1.000000	0.493646
#P-0.070000	0.997545	0.001751	0.000000	1.000000	0.494624
#P-0.051825	0.998655	0.001296	0.000000	1.000000	0.495601
#P-0.035557	0.999367	0.000889	0.000000	1.000000	0.496579
#P-0.021468	0.999769	0.000537	0.000000	1.000000	0.497556
#P-0.009978	0.999950	0.000249	0.000000	1.000000	0.498534
#P-0.001920	0.999998	0.000048	0.000000	1.000000	0.499511
#P0.001920	0.999998	-0.000048	0.000000	1.000000	0.500489
#P0.009978	0.999950	-0.000249	0.000000	1.000000	0.501466
#P0.021468	0.999769	-0.000537	0.000000	1.000000	0.502444
#P0.035557	0.999367	-0.000889	0.000000	1.000000	0.503421
#P0.051825	0.998655	-0.001296	0.000000	1.000000	0.504399
#P0.070000	0.997545	-0.001751	0.000000	1.000000	0.505376
#P0.089886	0.995949	-0.002250	0.000000	1.000000	0.506354
#P0.111327	0.993780	-0.002789	0.000000	1.000000	0.507331
#P0.134192	0.990950	-0.003365	0.000000	1.000000	0.508309
#P0.158366	0.987373	-0.003976	0.000000	1.000000	0.509286
#P0.183745	0.982963	-0.004620	0.000000	1.000000	0.510264
#P0.210232	0.977637	-0.005295	0.000000	1.000000	0.511241
#P0.237733	0.971312	-0.006001	0.000000	1.000000	0.512219
#P0.266156	0.963907	-0.006735	0.000000	1.000000	0.513196
#P0.295408	0.955342	-0.007497	0.000000	1.000000	0.514174
#P0.325397	0.945541	-0.008286	0.000000	1.000000	0.515152
#P0.356028	0.934431	-0.009101	0.000000	1.000000	0.516129
#P0.387206	0.921940	-0.009940	0.000000	1.000000	0.517107
#P0.418831	0.908000	-0.010804	0.000000	1.000000	0.518084
#P0.450800	0.892549	-0.011692	0.000000	1.000000	0.519062
#P0.483007	0.875526	-0.012603	0.000000	1.000000	0.520039
#P0.515343	0.856877	-0.013536	0.000000	1.000000	0.521017
#P0.547695	0.836552	-0.014491	0.000000	1.000000	0.521994
#P0.579946	0.814508	-0.015468	0.000000	1.000000	0.522972
#P0.611974	0.790707	-0.016466	0.000000	1.000000	0.523949
#P0.643655	0.765116	-0.017484	0.000000	1.000000	0.524927
#P0.674862	0.737711	-0.018522	0.000000	1.000000	0.525904
#P0.705464	0.708475	-0.019580	0.000000	1.000000	0.526882
#P0.735325	0.677400	-0.020658	0.000000	1.000000	0.527859
#P0.764310	0.644482	-0.021755	0.000000	1.000000	0.528837
#P0.792278	0.609731	-0.022870	0.000000	1.000000	0.529814
#P0.819090	0.573163	-0.024004	0.000000	1.000000	0.530792
#P0.844602	0.534803	-0.025155	0.000000	1.000000	0.531769
#P0.868671	0.494689	-0.026325	0.000000	1.000000	0.532747
#P0.891154	0.452866	-0.027512	0.000000	1.000000	0.533724
#P0.911907	0.409391	-0.028717	0.000000	1.000000	0.534702
#P0.930788	0.364330	-0.029938	0.000000	1.000000	0.535679
#P0.947657	0.317763	-0.031177	0.000000	1.000000	0.536657
#P0.962376	0.269779	-0.032431	0.000000	1.000000	0.537634
#P0.974810	0.220478	-0.033703	0.000000	1.000000	0.538612
#P0.984828	0.169971	-0.034990	0.000000	1.000000	0.539589
#P0.992305	0.118383	-0.036293	0.000000	1.000000	0.540567
#P0.997121	0.065846	-0.037613	0.000000	1.000000	0.541544
#P0.999163	0.012507	-0.038947	0.000000	1.000000	0.542522
#P0.998326	-0.041479	-0.040297	0.000000	1.000000	0.543500
#P0.994514	-0.095945	-0.041662	0.000000	1.000000	0.544477
#P0.987640	-0.150715	-0.043042	0.000000	1.000000	0.545455
#P0.977626	-0.205601	-0.044437	0.000000	1.000000	0.546432
#P0.964409	-0.260410	-0.045847	0.000000	1.000000	0.547410
#P0.947935	-0.314935	-0.047271	0.000000	1.000000	0.548387
#P0.928166	-0.368966	-0.048710	0.000000	1.000000	0.549365
#P0.905075	-0.422283	-0.050163	0.000000	1.000000	0.550342
#P0.878653	-0.474661	-0.051629	0.000000	1.000000	0.551320
#P0.848906	-0.525869	-0.053110	0.000000	1.000000	0.552297
#P0.815855	-0.575673	-0.054605	0.000000	1.000000	0.553275
#P0.779540	-0.623834	-0.056113	0.000000	1.000000	0.554252
#P0.740017	-0.670114	-0.057635	0.000000	1.000000	0.555230
#P0.697363	-0.714271	-0.059170	0.000000	1.000000	0.556207
#P0.651671	-0.756067	-0.060718	0.000000	1.000000	0.557185
#P0.603054	-0.795265	-0.062280	0.000000	1.000000	0.558162
#P0.551646	-0.831631	-0.063854	0.000000	1.000000	0.559140
#P0.497596	-0.864937	-0.065442	0.000000	1.000000	0.560117
#P0.441078	-0.894961	-0.067042	0.000000	1.000000	0.561095
#P0.382282	-0.921492	-0.068655	0.000000	1.000000	0.562072
#P0.321416	-0.944326	-0.070280	0.000000	1.000000	0.563050
#P0.258711	-0.963274	-0.071918	0.000000	1.000000	0.564027
#P0.194411	-0.978158	-0.073568	0.000000	1.000000	0.565005
#P0.128781	-0.988815	-0.075231	0.000000	1.000000	0.565982
#P0.062101	-0.995102	-0.076906	0.000000	1.000000	0.566960
#P-0.005332	-0.996893	-0.078592	0.000000	1.000000	0.567937
#P-0.073208	-0.994079	-0.080291	0.000000	1.000000	0.568915
#P-0.141205	-0.986578	-0.082002	0.000000	1.000000	0.569892
#P-0.208986	-0.974328	-0.083724	0.000000	1.000000	0.570870
#P-0.276206	-0.957292	-0.085458	0.000000	1.000000	0.571848
#P-0.342511	-0.935458	-0.087203	0.000000	1.000000	0.572825
#P-0.407543	-0.908843	-0.088961	0.000000	1.000000	0.573803
#P-0.470936	-0.877490	-0.090729	0.000000	1.000000	0.574780
#P-0.532324	-0.841471	-0.092509	0.000000	1.000000	0.575758
#P-0.591341	-0.800889	-0.094300	0.000000	1.000000	0.576735
#P-0.647623	-0.755876	-0.096102	0.000000	1.000000	0.577713
#P-0.700812	-0.706595	-0.097915	0.000000	1.000000	0.578690
#P-0.750556	-0.653237	-0.099739	0.000000	1.000000	0.579668
#P-0.796514	-0.596027	-0.101574	0.000000	1.000000	0.580645
#P-0.838359	-0.535218	-0.103420	0.000000	1.000000	0.581623
#P-0.875779	-0.471093	-0.105276	0.000000	1.000000	0.582600
#P-0.908479	-0.403963	-0.107144	0.000000	1.000000	0.583578
#P-0.936187	-0.334169	-0.109021	0.000000	1.000000	0.584555
#P-0.958653	-0.262077	-0.110910	0.000000	1.000000	0.585533
#P-0.975655	-0.188076	-0.112808	0.000000	1.000000	0.586510
#P-0.986998	-0.112582	-0.114717	0.000000	1.000000	0.587488
#P-0.992521	-0.036028	-0.116637	0.000000	1.000000	0.588465
#P-0.992094	0.041130	-0.118566	0.000000	1.000000	0.589443
#P-0.985624	0.118424	-0.120506	0.000000	1.000000	0.590420
#P-0.973054	0.195371	-0.122455	0.000000	1.000000	0.591398
#P-0.954370	0.271475	-0.124415	0.000000	1.000000	0.592375
#P-0.929595	0.346238	-0.126384	0.000000	1.000000	0.593353
#P-0.898795	0.419154	-0.128364	0.000000	1.000000	0.594330
#P-0.862081	0.489719	-0.130353	0.000000	1.000000	0.595308
#P-0.819606	0.557431	-0.132352	0.000000	1.000000	0.596285
#P-0.771567	0.621798	-0.134360	0.000000	1.000000	0.597263
#P-0.718205	0.682336	-0.136378	0.000000	1.000000	0.598240
#P-0.659807	0.738579	-0.138406	0.000000	1.000000	0.599218
#P-0.596699	0.790080	-0.140443	0.000000	1.000000	0.600196
#P-0.529251	0.836415	-0.142489	0.000000	1.000000	0.601173
#P-0.457875	0.877187	-0.144545	0.000000	1.000000	0.602151
#P-0.383017	0.912033	-0.146609	0.000000	1.000000	0.603128
#P-0.305164	0.940621	-0.148683	0.000000	1.000000	0.604106
#P-0.224833	0.962663	-0.150767	0.000000	1.000000	0.605083
#P-0.142573	0.977910	-0.152859	0.000000	1.000000	0.606061
#P-0.058959	0.986160	-0.154960	0.000000	1.000000	0.607038
#P0.025410	0.987261	-0.157070	0.000000	1.000000	0.608016
#P0.109916	0.981110	-0.159189	0.000000	1.000000	0.608993
#P0.193927	0.967662	-0.161316	0.000000	1.000000	0.609971
#P0.276801	0.946924	-0.163453	0.000000	1.000000	0.610948
#P0.357891	0.918962	-0.165598	0.000000	1.000000	0.611926
#P0.436550	0.883903	-0.167751	0.000000	1.000000	0.612903
#P0.512138	0.841929	-0.169914	0.000000	1.000000	0.613881
#P0.584026	0.793285	-0.172084	0.000000	1.000000	0.614858
#P0.651601	0.738274	-0.174263	0.000000	1.000000	0.615836
#P0.714273	0.677258	-0.176451	0.000000	1.000000	0.616813
#P0.771483	0.610655	-0.178646	0.000000	1.000000	0.617791
#P0.822703	0.538937	-0.180850	0.000000	1.000000	0.618768
#P0.867445	0.462631	-0.183063	0.000000	1.000000	0.619746
#P0.905268	0.382310	-0.185283	0.000000	1.000000	0.620723
#P0.935778	0.298594	-0.187511	0.000000	1.000000	0.621701
#P0.958640	0.212144	-0.189747	0.000000	1.000000	0.622678
#P0.973575	0.123656	-0.191992	0.000000	1.000000	0.623656
#P0.980369	0.033859	-0.194244	0.000000	1.000000	0.624633
#P0.978874	-0.056495	-0.196504	0.000000	1.000000	0.625611
#P0.969014	-0.146634	-0.198771	0.000000	1.000000	0.626588
#P0.950784	-0.235774	-0.201047	0.000000	1.000000	0.627566
#P0.924255	-0.323124	-0.203330	0.000000	1.000000	0.628543
#P0.889573	-0.407897	-0.205620	0.000000	1.000000	0.629521
#P0.846961	-0.489313	-0.207919	0.000000	1.000000	0.630499
#P0.796717	-0.566611	-0.210224	0.000000	1.000000	0.631476
#P0.739216	-0.639052	-0.212537	0.000000	1.000000	0.632454
#P0.674906	-0.705931	-0.214858	0.000000	1.000000	0.633431
#P0.604305	-0.766580	-0.217185	0.000000	1.000000	0.634409
#P0.528002	-0.820381	-0.219520	0.000000	1.000000	0.635386
#P0.446647	-0.866766	-0.221862	0.000000	1.000000	0.636364
#P0.360949	-0.905232	-0.224212	0.000000	1.000000	0.637341
#P0.271673	-0.935340	-0.226568	0.000000	1.000000	0.638319
#P0.179628	-0.956726	-0.228931	0.000000	1.000000	0.639296
#P0.085665	-0.969103	-0.231302	0.000000	1.000000	0.640274
#P-0.009332	-0.972269	-0.233679	0.000000	1.000000	0.641251
#P-0.104456	-0.966107	-0.236063	0.000000	1.000000	0.642229
#P-0.198782	-0.950592	-0.238453	0.000000	1.000000	0.643206
#P-0.291381	-0.925790	-0.240851	0.000000	1.000000	0.644184
#P-0.381323	-0.891863	-0.243255	0.000000	1.000000	0.645161
#P-0.467694	-0.849065	-0.245666	0.000000	1.000000	0.646139
#P-0.549598	-0.797745	-0.248083	0.000000	1.000000	0.647116
#P-0.626174	-0.738344	-0.250507	0.000000	1.000000	0.648094
#P-0.696600	-0.671394	-0.252937	0.000000	1.000000	0.649071
#P-0.760108	-0.597512	-0.255374	0.000000	1.000000	0.650049
#P-0.815986	-0.517395	-0.257817	0.000000	1.000000	0.651026
#P-0.863594	-0.431819	-0.260266	0.000000	1.000000	0.652004
#P-0.902369	-0.341624	-0.262721	0.000000	1.000000	0.652981
#P-0.931834	-0.247716	-0.265183	0.000000	1.000000	0.653959
#P-0.951602	-0.151051	-0.267651	0.000000	1.000000	0.654936
#P-0.961386	-0.052630	-0.270124	0.000000	1.000000	0.655914
#P-0.961001	0.046514	-0.272604	0.000000	1.000000	0.656891
#P-0.950372	0.145325	-0.275090	0.000000	1.000000	0.657869
#P-0.929531	0.242737	-0.277581	0.000000	1.000000	0.658847
#P-0.898626	0.337681	-0.280078	0.000000	1.000000	0.659824
#P-0.857915	0.429103	-0.282581	0.000000	1.000000	0.660802
#P-0.807772	0.515974	-0.285090	0.000000	1.000000	0.661779
#P-0.748677	0.597300	-0.287604	0.000000	1.000000	0.662757
#P-0.681220	0.672136	-0.290124	0.000000	1.000000	0.663734
#P-0.606093	0.739599	-0.292649	0.000000	1.000000	0.664712
#P-0.524084	0.798877	-0.295180	0.000000	1.000000	0.665689
#P-0.436069	0.849240	-0.297717	0.000000	1.000000	0.666667
#P-0.343006	0.890052	-0.300258	0.000000	1.000000	0.667644
#P-0.245923	0.920777	-0.302805	0.000000	1.000000	0.668622
#P-0.145907	0.940993	-0.305357	0.000000	1.000000	0.669599
#P-0.044096	0.950392	-0.307914	0.000000	1.000000	0.670577
#P0.058340	0.948789	-0.310477	0.000000	1.000000	0.671554
#P0.160206	0.936129	-0.313044	0.000000	1.000000	0.672532
#P0.260301	0.912485	-0.315617	0.000000	1.000000	0.673509
#P0.357428	0.878065	-0.318194	0.000000	1.000000	0.674487
#P0.450413	0.833205	-0.320776	0.000000	1.000000	0.675464
#P0.538117	0.778374	-0.323363	0.000000	1.000000	0.676442
#P0.619450	0.714167	-0.325955	0.000000	1.000000	0.677419
#P0.693388	0.641301	-0.328551	0.000000	1.000000	0.678397
#P0.758986	0.560605	-0.331152	0.000000	1.000000	0.679374
#P0.815390	0.473017	-0.333758	0.000000	1.000000	0.680352
#P0.861848	0.379571	-0.336368	0.000000	1.000000	0.681329
#P0.897726	0.281386	-0.338983	0.000000	1.000000	0.682307
#P0.922515	0.179652	-0.341602	0.000000	1.000000	0.683284
#P0.935837	0.075617	-0.344225	0.000000	1.000000	0.684262
#P0.937458	-0.029425	-0.346853	0.000000	1.000000	0.685239
#P0.927288	-0.134155	-0.349485	0.000000	1.000000	0.686217
#P0.905388	-0.237242	-0.352121	0.000000	1.000000	0.687195
#P0.871969	-0.337364	-0.354761	0.000000	1.000000	0.688172
#P0.827395	-0.433220	-0.357405	0.000000	1.000000	0.689150
#P0.772177	-0.523550	-0.360053	0.000000	1.000000	0.690127
#P0.706970	-0.607156	-0.362705	0.000000	1.000000	0.691105
#P0.632570	-0.682911	-0.365361	0.000000	1.000000	0.692082
#P0.549898	-0.749782	-0.368020	0.000000	1.000000	0.693060
#P0.459997	-0.806843	-0.370684	0.000000	1.000000	0.694037
#P0.364018	-0.853288	-0.373351	0.000000	1.000000	0.695015
#P0.263202	-0.888444	-0.376021	0.000000	1.000000	0.695992
#P0.158869	-0.911784	-0.378695	0.000000	1.000000	0.696970
#P0.052401	-0.922935	-0.381373	0.000000	1.000000	0.697947
#P-0.054778	-0.921684	-0.384054	0.000000	1.000000	0.698925
#P-0.161220	-0.907988	-0.386738	0.000000	1.000000	0.699902
#P-0.265473	-0.881970	-0.389426	0.000000	1.000000	0.700880
#P-0.366102	-0.843927	-0.392117	0.000000	1.000000	0.701857
#P-0.461706	-0.794325	-0.394811	0.000000	1.000000	0.702835
#P-0.550942	-0.733792	-0.397508	0.000000	1.000000	0.703812
#P-0.632541	-0.663117	-0.400208	0.000000	1.000000	0.704790
#P-0.705332	-0.583240	-0.402911	0.000000	1.000000	0.705767
#P-0.768255	-0.495236	-0.405618	0.000000	1.000000	0.706745
#P-0.820380	-0.400307	-0.408326	0.000000	1.000000	0.707722
#P-0.860923	-0.299764	-0.411038	0.000000	1.000000	0.708700
#P-0.889258	-0.195011	-0.413752	0.000000	1.000000	0.709677
#P-0.904927	-0.087524	-0.416469	0.000000	1.000000	0.710655
#P-0.907652	0.021169	-0.419189	0.000000	1.000000	0.711632
#P-0.897340	0.129506	-0.421911	0.000000	1.000000	0.712610
#P-0.874086	0.235920	-0.424636	0.000000	1.000000	0.713587
#P-0.838175	0.338856	-0.427363	0.000000	1.000000	0.714565
#P-0.790081	0.436798	-0.430092	0.000000	1.000000	0.715543
#P-0.730462	0.528289	-0.432824	0.000000	1.000000	0.716520
#P-0.660149	0.611958	-0.435557	0.000000	1.000000	0.717498
#P-0.580143	0.686537	-0.438293	0.000000	1.000000	0.718475
#P-0.491596	0.750883	-0.441031	0.000000	1.000000	0.719453
#P-0.395799	0.803997	-0.443771	0.000000	1.000000	0.720430
#P-0.294160	0.845042	-0.446513	0.000000	1.000000	0.721408
#P-0.188190	0.873357	-0.449257	0.000000	1.000000	0.722385
#P-0.079476	0.888469	-0.452002	0.000000	1.000000	0.723363
#P0.030340	0.890103	-0.454749	0.000000	1.000000	0.724340
#P0.139586	0.878186	-0.457498	0.000000	1.000000	0.725318
#P0.246586	0.852858	-0.460249	0.000000	1.000000	0.726295
#P0.349687	0.814463	-0.463001	0.000000	1.000000	0.727273
#P0.447283	0.763552	-0.465754	0.000000	1.000000	0.728250
#P0.537840	0.700876	-0.468509	0.000000	1.000000	0.729228
#P0.619927	0.627376	-0.471265	0.000000	1.000000	0.730205
#P0.692231	0.544168	-0.474022	0.000000	1.000000	0.731183
#P0.753588	0.452532	-0.476781	0.000000	1.000000	0.732160
#P0.802996	0.353889	-0.479541	0.000000	1.000000	0.733138
#P0.839639	0.249783	-0.482301	0.000000	1.000000	0.734115
#P0.862897	0.141855	-0.485063	0.000000	1.000000	0.735093
#P0.872361	0.031820	-0.487826	0.000000	1.000000	0.736070
#P0.867842	-0.078561	-0.490589	0.000000	1.000000	0.737048
#P0.849377	-0.187512	-0.493353	0.000000	1.000000	0.738025
#P0.817228	-0.293266	-0.496118	0.000000	1.000000	0.739003
#P0.771883	-0.394096	-0.498884	0.000000	1.000000	0.739980
#P0.714049	-0.488345	-0.501650	0.000000	1.000000	0.740958
#P0.644644	-0.574455	-0.504416	0.000000	1.000000	0.741935
#P0.564781	-0.650989	-0.507183	0.000000	1.000000	0.742913
#P0.475757	-0.716663	-0.509951	0.000000	1.000000	0.743891
#P0.379025	-0.770364	-0.512718	0.000000	1.000000	0.744868
#P0.276179	-0.811172	-0.515486	0.000000	1.000000	0.745846
#P0.168925	-0.838378	-0.518254	0.000000	1.000000	0.746823
#P0.059052	-0.851498	-0.521022	0.000000	1.000000	0.747801
#P-0.051593	-0.850284	-0.523790	0.000000	1.000000	0.748778
#P-0.161142	-0.834728	-0.526558	0.000000	1.000000	0.749756
#P-0.267734	-0.805067	-0.529325	0.000000	1.000000	0.750733
#P-0.369547	-0.761783	-0.532093	0.000000	1.000000	0.751711
#P-0.464831	-0.705590	-0.534860	0.000000	1.000000	0.752688
#P-0.551939	-0.637433	-0.537627	0.000000	1.000000	0.753666
#P-0.629357	-0.558467	-0.540393	0.000000	1.000000	0.754643
#P-0.695730	-0.470042	-0.543159	0.000000	1.000000	0.755621
#P-0.749888	-0.373678	-0.545924	0.000000	1.000000	0.756598
#P-0.790870	-0.271045	-0.548688	0.000000	1.000000	0.757576
#P-0.817941	-0.163931	-0.551452	0.000000	1.000000	0.758553
#P-0.830607	-0.054210	-0.554215	0.000000	1.000000	0.759531
#P-0.828625	0.056185	-0.556977	0.000000	1.000000	0.760508
#P-0.812015	0.165302	-0.559738	0.000000	1.000000	0.761486
#P-0.781055	0.271201	-0.562498	0.000000	1.000000	0.762463
#P-0.736280	0.371990	-0.565257	0.000000	1.000000	0.763441
#P-0.678479	0.465861	-0.568014	0.000000	1.000000	0.764418
#P-0.608678	0.551119	-0.570770	0.000000	1.000000	0.765396
#P-0.528124	0.626222	-0.573525	0.000000	1.000000	0.766373
#P-0.438266	0.689801	-0.576279	0.000000	1.000000	0.767351
#P-0.340729	0.740693	-0.579031	0.000000	1.000000	0.768328
#P-0.237285	0.777963	-0.581782	0.000000	1.000000	0.769306
#P-0.129824	0.800918	-0.584530	0.000000	1.000000	0.770283
#P-0.020314	0.809131	-0.587277	0.000000	1.000000	0.771261
#P0.089226	0.802441	-0.590023	0.000000	1.000000	0.772239
#P0.196771	0.780967	-0.592766	0.000000	1.000000	0.773216
#P0.300326	0.745101	-0.595508	0.000000	1.000000	0.774194
#P0.397960	0.695506	-0.598247	0.000000	1.000000	0.775171
#P0.487847	0.633106	-0.600984	0.000000	1.000000	0.776149
#P0.568300	0.559069	-0.603719	0.000000	1.000000	0.777126
#P0.637804	0.474786	-0.606452	0.000000	1.000000	0.778104
#P0.695045	0.381850	-0.609182	0.000000	1.000000	0.779081
#P0.738938	0.282021	-0.611910	0.000000	1.000000	0.780059
#P0.768651	0.177199	-0.614636	0.000000	1.000000	0.781036
#P0.783616	0.069384	-0.617359	0.000000	1.000000	0.782014
#P0.783552	-0.039358	-0.620079	0.000000	1.000000	0.782991
#P0.768462	-0.146936	-0.622796	0.000000	1.000000	0.783969
#P0.738644	-0.251278	-0.625511	0.000000	1.000000	0.784946
#P0.694681	-0.350365	-0.628223	0.000000	1.000000	0.785924
#P0.637431	-0.442275	-0.630931	0.000000	1.000000	0.786901
#P0.568018	-0.525224	-0.633637	0.000000	1.000000	0.787879
#P0.487806	-0.597593	-0.636339	0.000000	1.000000	0.788856
#P0.398375	-0.657972	-0.639039	0.000000	1.000000	0.789834
#P0.301492	-0.705180	-0.641735	0.000000	1.000000	0.790811
#P0.199077	-0.738297	-0.644427	0.000000	1.000000	0.791789
#P0.093161	-0.756678	-0.647116	0.000000	1.000000	0.792766
#P-0.014144	-0.759972	-0.649802	0.000000	1.000000	0.793744
#P-0.120699	-0.748129	-0.652484	0.000000	1.000000	0.794721
#P-0.224371	-0.721402	-0.655162	0.000000	1.000000	0.795699
#P-0.323084	-0.680344	-0.657836	0.000000	1.000000	0.796676
#P-0.414854	-0.625801	-0.660507	0.000000	1.000000	0.797654
#P-0.497837	-0.558892	-0.663173	0.000000	1.000000	0.798631
#P-0.570361	-0.480989	-0.665836	0.000000	1.000000	0.799609
#P-0.630968	-0.393695	-0.668494	0.000000	1.000000	0.800587
#P-0.678437	-0.298803	-0.671148	0.000000	1.000000	0.801564
#P-0.711818	-0.198269	-0.673798	0.000000	1.000000	0.802542
#P-0.730450	-0.094166	-0.676444	0.000000	1.000000	0.803519
#P-0.733972	0.011353	-0.679085	0.000000	1.000000	0.804497
#P-0.722340	0.116106	-0.681721	0.000000	1.000000	0.805474
#P-0.695824	0.217922	-0.684353	0.000000	1.000000	0.806452
#P-0.655003	0.314689	-0.686980	0.000000	1.000000	0.807429
#P-0.600759	0.404397	-0.689603	0.000000	1.000000	0.808407
#P-0.534255	0.485183	-0.692220	0.000000	1.000000	0.809384
#P-0.456915	0.555371	-0.694833	0.000000	1.000000	0.810362
#P-0.370392	0.613504	-0.697440	0.000000	1.000000	0.811339
#P-0.276536	0.658383	-0.700042	0.000000	1.000000	0.812317
#P-0.177354	0.689089	-0.702640	0.000000	1.000000	0.813294
#P-0.074969	0.705002	-0.705232	0.000000	1.000000	0.814272
#P0.028428	0.705823	-0.707818	0.000000	1.000000	0.815249
#P0.130620	0.691572	-0.710399	0.000000	1.000000	0.816227
#P0.229419	0.662597	-0.712975	0.000000	1.000000	0.817204
#P0.322706	0.619562	-0.715544	0.000000	1.000000	0.818182
#P0.408482	0.563438	-0.718109	0.000000	1.000000	0.819159
#P0.484913	0.495479	-0.720667	0.000000	1.000000	0.820137
#P0.550364	0.417197	-0.723219	0.000000	1.000000	0.821114
#P0.603445	0.330330	-0.725766	0.000000	1.000000	0.822092
#P0.643034	0.236805	-0.728306	0.000000	1.000000	0.823069
#P0.668308	0.138695	-0.730840	0.000000	1.000000	0.824047
#P0.678759	0.038173	-0.733368	0.000000	1.000000	0.825024
#P0.674207	-0.062536	-0.735890	0.000000	1.000000	0.826002
#P0.654806	-0.161203	-0.738405	0.000000	1.000000	0.826979
#P0.621041	-0.255645	-0.740914	0.000000	1.000000	0.827957
#P0.573716	-0.343776	-0.743416	0.000000	1.000000	0.828935
#P0.513939	-0.423653	-0.745912	0.000000	1.000000	0.829912
#P0.443096	-0.493520	-0.748401	0.000000	1.000000	0.830890
#P0.362824	-0.551846	-0.750883	0.000000	1.000000	0.831867
#P0.274967	-0.597365	-0.753358	0.000000	1.000000	0.832845
#P0.181542	-0.629102	-0.755826	0.000000	1.000000	0.833822
#P0.084688	-0.646397	-0.758287	0.000000	1.000000	0.834800
#P-0.013378	-0.648918	-0.760741	0.000000	1.000000	0.835777
#P-0.110416	-0.636674	-0.763187	0.000000	1.000000	0.836755
#P-0.204214	-0.610011	-0.765626	0.000000	1.000000	0.837732
#P-0.292636	-0.569606	-0.768058	0.000000	1.000000	0.838710
#P-0.373676	-0.516453	-0.770482	0.000000	1.000000	0.839687
#P-0.445500	-0.451839	-0.772898	0.000000	1.000000	0.840665
#P-0.506492	-0.377312	-0.775307	0.000000	1.000000	0.841642
#P-0.555294	-0.294651	-0.777708	0.000000	1.000000	0.842620
#P-0.590831	-0.205818	-0.780101	0.000000	1.000000	0.843597
#P-0.612343	-0.112918	-0.782486	0.000000	1.000000	0.844575
#P-0.619403	-0.018144	-0.784863	0.000000	1.000000	0.845552
#P-0.611922	0.076271	-0.787232	0.000000	1.000000	0.846530
#P-0.590155	0.168108	-0.789593	0.000000	1.000000	0.847507
#P-0.554695	0.255217	-0.791945	0.000000	1.000000	0.848485
#P-0.506460	0.335563	-0.794289	0.000000	1.000000	0.849462
#P-0.446667	0.407281	-0.796625	0.000000	1.000000	0.850440
#P-0.376806	0.468715	-0.798951	0.000000	1.000000	0.851417
#P-0.298604	0.518462	-0.801270	0.000000	1.000000	0.852395
#P-0.213982	0.555403	-0.803579	0.000000	1.000000	0.853372
#P-0.125010	0.578732	-0.805879	0.000000	1.000000	0.854350
#P-0.033855	0.587974	-0.808171	0.000000	1.000000	0.855327
#P0.057271	0.582997	-0.810453	0.000000	1.000000	0.856305
#P0.146164	0.564013	-0.812727	0.000000	1.000000	0.857283
#P0.230683	0.531578	-0.814991	0.000000	1.000000	0.858260
#P0.308803	0.486570	-0.817246	0.000000	1.000000	0.859238
#P0.378662	0.430173	-0.819491	0.000000	1.000000	0.860215
#P0.438611	0.363847	-0.821727	0.000000	1.000000	0.861193
#P0.487251	0.289288	-0.823954	0.000000	1.000000	0.862170
#P0.523466	0.208388	-0.826170	0.000000	1.000000	0.863148
#P0.546457	0.123189	-0.828377	0.000000	1.000000	0.864125
#P0.555754	0.035828	-0.830574	0.000000	1.000000	0.865103
#P0.551230	-0.051512	-0.832762	0.000000	1.000000	0.866080
#P0.533105	-0.136661	-0.834939	0.000000	1.000000	0.867058
#P0.501937	-0.217516	-0.837106	0.000000	1.000000	0.868035
#P0.458609	-0.292089	-0.839263	0.000000	1.000000	0.869013
#P0.404305	-0.358564	-0.841409	0.000000	1.000000	0.869990
#P0.340480	-0.415337	-0.843545	0.000000	1.000000	0.870968
#P0.268821	-0.461060	-0.845671	0.000000	1.000000	0.871945
#P0.191204	-0.494671	-0.847786	0.000000	1.000000	0.872923
#P0.109647	-0.515426	-0.849891	0.000000	1.000000	0.873900
#P0.026253	-0.522909	-0.851984	0.000000	1.000000	0.874878
#P-0.056837	-0.517048	-0.854067	0.000000	1.000000	0.875855
#P-0.137505	-0.498115	-0.856139	0.000000	1.000000	0.876833
#P-0.213710	-0.466713	-0.858200	0.000000	1.000000	0.877810
#P-0.283538	-0.423764	-0.860250	0.000000	1.000000	0.878788
#P-0.345253	-0.370485	-0.862289	0.000000	1.000000	0.879765
#P-0.397341	-0.308347	-0.864316	0.000000	1.000000	0.880743
#P-0.438550	-0.239045	-0.866332	0.000000	1.000000	0.881720
#P-0.467920	-0.164447	-0.868337	0.000000	1.000000	0.882698
#P-0.484805	-0.086546	-0.870330	0.000000	1.000000	0.883675
#P-0.488895	-0.007405	-0.872311	0.000000	1.000000	0.884653
#P-0.480216	0.070893	-0.874281	0.000000	1.000000	0.885630
#P-0.459130	0.146308	-0.876238	0.000000	1.000000	0.886608
#P-0.426324	0.216888	-0.878184	0.000000	1.000000	0.887586
#P-0.382790	0.280827	-0.880118	0.000000	1.000000	0.888563
#P-0.329796	0.336512	-0.882040	0.000000	1.000000	0.889541
#P-0.268851	0.382560	-0.883950	0.000000	1.000000	0.890518
#P-0.201663	0.417860	-0.885847	0.000000	1.000000	0.891496
#P-0.130093	0.441597	-0.887732	0.000000	1.000000	0.892473
#P-0.056102	0.453273	-0.889605	0.000000	1.000000	0.893451
#P0.018303	0.452720	-0.891465	0.000000	1.000000	0.894428
#P0.091122	0.440103	-0.893312	0.000000	1.000000	0.895406
#P0.160416	0.415907	-0.895147	0.000000	1.000000	0.896383
#P0.224362	0.380932	-0.896969	0.000000	1.000000	0.897361
#P0.281300	0.336258	-0.898778	0.000000	1.000000	0.898338
#P0.329778	0.283220	-0.900574	0.000000	1.000000	0.899316
#P0.368590	0.223370	-0.902357	0.000000	1.000000	0.900293
#P0.396808	0.158427	-0.904126	0.000000	1.000000	0.901271
#P0.413804	0.090233	-0.905883	0.000000	1.000000	0.902248
#P0.419269	0.020698	-0.907626	0.000000	1.000000	0.903226
#P0.413211	-0.048250	-0.909356	0.000000	1.000000	0.904203
#P0.395962	-0.114723	-0.911072	0.000000	1.000000	0.905181
#P0.368158	-0.176923	-0.912775	0.000000	1.000000	0.906158
#P0.330721	-0.233195	-0.914464	0.000000	1.000000	0.907136
#P0.284832	-0.282064	-0.916139	0.000000	1.000000	0.908113
#P0.231894	-0.322285	-0.917800	0.000000	1.000000	0.909091
#P0.173489	-0.352870	-0.919448	0.000000	1.000000	0.910068
#P0.111334	-0.373115	-0.921081	0.000000	1.000000	0.911046
#P0.047229	-0.382614	-0.922700	0.000000	1.000000	0.912023
#P-0.016996	-0.381276	-0.924305	0.000000	1.000000	0.913001
#P-0.079530	-0.369313	-0.925896	0.000000	1.000000	0.913978
#P-0.138638	-0.347239	-0.927472	0.000000	1.000000	0.914956
#P-0.192705	-0.315850	-0.929034	0.000000	1.000000	0.915934
#P-0.240282	-0.276194	-0.930581	0.000000	1.000000	0.916911
#P-0.280132	-0.229544	-0.932114	0.000000	1.000000	0.917889
#P-0.311253	-0.177353	-0.933631	0.000000	1.000000	0.918866
#P-0.332914	-0.121212	-0.935134	0.000000	1.000000	0.919844
#P-0.344666	-0.062801	-0.936622	0.000000	1.000000	0.920821
#P-0.346356	-0.003843	-0.938095	0.000000	1.000000	0.921799
#P-0.338125	0.053956	-0.939553	0.000000	1.000000	0.922776
#P-0.320401	0.108948	-0.940996	0.000000	1.000000	0.923754
#P-0.293884	0.159595	-0.942423	0.000000	1.000000	0.924731
#P-0.259516	0.204514	-0.943836	0.000000	1.000000	0.925709
#P-0.218458	0.242512	-0.945232	0.000000	1.000000	0.926686
#P-0.172045	0.272624	-0.946613	0.000000	1.000000	0.927664
#P-0.121746	0.294132	-0.947979	0.000000	1.000000	0.928641
#P-0.069122	0.306589	-0.949329	0.000000	1.000000	0.929619
#P-0.015768	0.309825	-0.950663	0.000000	1.000000	0.930596
#P0.036723	0.303946	-0.951981	0.000000	1.000000	0.931574
#P0.086820	0.289332	-0.953283	0.000000	1.000000	0.932551
#P0.133091	0.266615	-0.954570	0.000000	1.000000	0.933529
#P0.174249	0.236659	-0.955840	0.000000	1.000000	0.934506
#P0.209189	0.200529	-0.957094	0.000000	1.000000	0.935484
#P0.237014	0.159454	-0.958331	0.000000	1.000000	0.936461
#P0.257067	0.114787	-0.959552	0.000000	1.000000	0.937439
#P0.268937	0.067961	-0.960757	0.000000	1.000000	0.938416
#P0.272476	0.020443	-0.961945	0.000000	1.000000	0.939394
#P0.267794	-0.026312	-0.963117	0.000000	1.000000	0.940371
#P0.255249	-0.070906	-0.964272	0.000000	1.000000	0.941349
#P0.235437	-0.112040	-0.965410	0.000000	1.000000	0.942326
#P0.209162	-0.148556	-0.966531	0.000000	1.000000	0.943304
#P0.177409	-0.179465	-0.967635	0.000000	1.000000	0.944282
#P0.141310	-0.203980	-0.968723	0.000000	1.000000	0.945259
#P0.102104	-0.221533	-0.969793	0.000000	1.000000	0.946237
#P0.061094	-0.231789	-0.970846	0.000000	1.000000	0.947214
#P0.019606	-0.234654	-0.971881	0.000000	1.000000	0.948192
#P-0.021056	-0.230267	-0.972900	0.000000	1.000000	0.949169
#P-0.059649	-0.218998	-0.973900	0.000000	1.000000	0.950147
#P-0.095034	-0.201421	-0.974884	0.000000	1.000000	0.951124
#P-0.126206	-0.178298	-0.975849	0.000000	1.000000	0.952102
#P-0.152325	-0.150546	-0.976797	0.000000	1.000000	0.953079
#P-0.172741	-0.119204	-0.977728	0.000000	1.000000	0.954057
#P-0.187008	-0.085393	-0.978640	0.000000	1.000000	0.955034
#P-0.194896	-0.050280	-0.979534	0.000000	1.000000	0.956012
#P-0.196389	-0.015037	-0.980411	0.000000	1.000000	0.956989
#P-0.191683	0.019199	-0.981269	0.000000	1.000000	0.957967
#P-0.181171	0.051365	-0.982109	0.000000	1.000000	0.958944
#P-0.165426	0.080501	-0.982931	0.000000	1.000000	0.959922
#P-0.145175	0.105783	-0.983735	0.000000	1.000000	0.960899
#P-0.121267	0.126548	-0.984520	0.000000	1.000000	0.961877
#P-0.094647	0.142309	-0.985287	0.000000	1.000000	0.962854
#P-0.066312	0.152767	-0.986035	0.000000	1.000000	0.963832
#P-0.037279	0.157816	-0.986765	0.000000	1.000000	0.964809
#P-0.008550	0.157541	-0.987475	0.000000	1.000000	0.965787
#P0.018927	0.152207	-0.988167	0.000000	1.000000	0.966764
#P0.044287	0.142242	-0.988841	0.000000	1.000000	0.967742
#P0.066777	0.128221	-0.989495	0.000000	1.000000	0.968719
#P0.085778	0.110835	-0.990130	0.000000	1.000000	0.969697
#P0.100824	0.090863	-0.990746	0.000000	1.000000	0.970674
#P0.111614	0.069142	-0.991343	0.000000	1.000000	0.971652
#P0.118014	0.046530	-0.991921	0.000000	1.000000	0.972630
#P0.120059	0.023878	-0.992480	0.000000	1.000000	0.973607
#P0.117940	0.001994	-0.993019	0.000000	1.000000	0.974585
#P0.111998	-0.018385	-0.993538	0.000000	1.000000	0.975562
#P0.102698	-0.036616	-0.994038	0.000000	1.000000	0.976540
#P0.090608	-0.052176	-0.994519	0.000000	1.000000	0.977517
#P0.076373	-0.064672	-0.994980	0.000000	1.000000	0.978495
#P0.060686	-0.073855	-0.995421	0.000000	1.000000	0.979472
#P0.044256	-0.079623	-0.995842	0.000000	1.000000	0.980450
#P0.027781	-0.082019	-0.996244	0.000000	1.000000	0.981427
#P0.011918	-0.081220	-0.996625	0.000000	1.000000	0.982405
#P-0.002745	-0.077529	-0.996986	0.000000	1.000000	0.983382
#P-0.015704	-0.071351	-0.997328	0.000000	1.000000	0.984360
#P-0.026568	-0.063175	-0.997649	0.000000	1.000000	0.985337
#P-0.035060	-0.053546	-0.997950	0.000000	1.000000	0.986315
#P-0.041034	-0.043041	-0.998230	0.000000	1.000000	0.987292
#P-0.044468	-0.032237	-0.998491	0.000000	1.000000	0.988270
#P-0.045468	-0.021689	-0.998730	0.000000	1.000000	0.989247
#P-0.044250	-0.011902	-0.998950	0.000000	1.000000	0.990225
#P-0.041131	-0.003306	-0.999148	0.000000	1.000000	0.991202
#P-0.036506	0.003756	-0.999326	0.000000	1.000000	0.992180
#P-0.030829	0.009046	-0.999484	0.000000	1.000000	0.993157
#P-0.024585	0.012442	-0.999620	0.000000	1.000000	0.994135
#P-0.018265	0.013936	-0.999736	0.000000	1.000000	0.995112
#P-0.012339	0.013634	-0.999831	0.000000	1.000000	0.996090
#P-0.007235	0.011749	-0.999905	0.000000	1.000000	0.997067
#P-0.003312	0.008587	-0.999958	0.000000	1.000000	0.998045
#P-0.000843	0.004526	-0.999989	0.000000	1.000000	0.999022
#P0.000000	0.000000	-1.000000	0.000000	1.000000	1.000000
