#N1024
#P0.117697	0.142000	0.982845	1.000000	0.500000	0.000000
#P0.922737	-0.140526	0.358898	1.000000	0.499511	0.000978
#P0.081752	0.895287	-0.437924	1.000000	0.499022	0.001955
#P-0.480921	-0.874938	-0.056553	1.000000	0.498534	0.002933
#P-0.443750	0.418752	0.792296	1.000000	0.498045	0.003910
#P-0.501549	-0.535396	-0.679559	1.000000	0.497556	0.004888
#P0.459117	0.690381	-0.559093	1.000000	0.497067	0.005865
#P-0.942155	0.332557	-0.041833	1.000000	0.496579	0.006843
#P-0.491586	0.770540	0.405723	1.000000	0.496090	0.007820
#P-0.132411	0.991169	-0.007220	1.000000	0.495601	0.008798
#P-0.378513	0.018688	0.925407	1.000000	0.495112	0.009775
#P0.931636	0.251726	0.262086	1.000000	0.494624	0.010753
#P-0.449220	0.323620	-0.832749	1.000000	0.494135	0.011730
#P0.080673	0.042916	0.995816	1.000000	0.493646	0.012708
#P-0.028302	0.991491	-0.127064	1.000000	0.493157	0.013685
#P-0.306082	-0.182302	0.934387	1.000000	0.492669	0.014663
#P0.611424	-0.424051	-0.668088	1.000000	0.492180	0.015640
#P-0.906080	0.128893	-0.402996	1.000000	0.491691	0.016618
#P0.980863	0.117232	-0.155449	1.000000	0.491202	0.017595
#P-0.342641	-0.938856	-0.033865	1.000000	0.490714	0.018573
#P-0.243067	-0.758232	-0.604981	1.000000	0.490225	0.019550
#P0.919467	-0.391329	-0.037977	1.000000	0.489736	0.020528
#P0.409152	0.650659	-0.639716	1.000000	0.489247	0.021505
#P-0.026221	-0.071793	-0.997075	1.000000	0.488759	0.022483
#P0.758048	0.252901	-0.601169	1.000000	0.488270	0.023460
#P0.099278	-0.134742	-0.985895	1.000000	0.487781	0.024438
#P-0.398333	0.842918	0.361691	1.000000	0.487292	0.025415
#P0.681082	0.614836	-0.397624	1.000000	0.486804	0.026393
#P0.018085	-0.547035	0.836915	1.000000	0.486315	0.027370
#P0.584895	0.810338	0.035357	1.000000	0.485826	0.028348
#P0.620340	-0.531040	0.577213	1.000000	0.485337	0.029326
#P-0.379314	-0.741202	-0.553842	1.000000	0.484848	0.030303
#P-0.808114	0.027540	-0.588382	1.000000	0.484360	0.031281
#P0.325838	-0.318385	-0.890202	1.000000	0.483871	0.032258
#P-0.905886	-0.422416	0.030594	1.000000	0.483382	0.033236
#P0.373617	0.452081	-0.809959	1.000000	0.482893	0.034213
#P0.186850	-0.500033	0.845609	1.000000	0.482405	0.035191
#P-0.448995	0.879638	0.156973	1.000000	0.481916	0.036168
#P-0.218454	-0.634138	0.741719	1.000000	0.481427	0.037146
#P-0.033836	0.065450	0.997282	1.000000	0.480938	0.038123
#P-0.979647	-0.180953	-0.086878	1.000000	0.480450	0.039101
#P-0.339223	-0.196353	-0.919985	1.000000	0.479961	0.040078
#P-0.831180	-0.272431	0.484686	1.000000	0.479472	0.041056
#P0.155344	0.979358	0.129328	1.000000	0.478983	0.042033
#P-0.833091	0.184506	-0.521456	1.000000	0.478495	0.043011
#P0.555085	-0.030558	0.831232	1.000000	0.478006	0.043988
#P-0.740606	0.601624	-0.299251	1.000000	0.477517	0.044966
#P0.665692	0.607162	0.433830	1.000000	0.477028	0.045943
#P-0.516514	0.132946	-0.845895	1.000000	0.476540	0.046921
#P0.665625	0.706899	0.239243	1.000000	0.476051	0.047898
#P0.038906	-0.157512	0.986750	1.000000	0.475562	0.048876
#P-0.467892	0.001094	-0.883785	1.000000	0.475073	0.049853
#P-0.012543	-0.421859	0.906575	1.000000	0.474585	0.050831
#P0.011003	0.236209	-0.971640	1.000000	0.474096	0.051808
#P-0.032168	-0.435757	-0.899489	1.000000	0.473607	0.052786
#P-0.336942	-0.416166	-0.844556	1.000000	0.473118	0.053763
#P0.007435	0.069450	0.997558	1.000000	0.472630	0.054741
#P0.077306	-0.015001	-0.996895	1.000000	0.472141	0.055718
#P0.307126	-0.696923	0.648052	1.000000	0.471652	0.056696
#P0.680159	0.285425	-0.675215	1.000000	0.471163	0.057674
#P-0.118437	0.282747	0.951855	1.000000	0.470674	0.058651
#P-0.224344	0.459807	-0.859213	1.000000	0.470186	0.059629
#P-0.621732	0.114265	-0.774850	1.000000	0.469697	0.060606
#P0.016027	-0.035371	0.999246	1.000000	0.469208	0.061584
#P0.021201	-0.594040	-0.804156	1.000000	0.468719	0.062561
#P0.416882	0.848895	-0.324940	1.000000	0.468231	0.063539
#P0.026168	0.047346	0.998536	1.000000	0.467742	0.064516
#P-0.703669	-0.695005	-0.147710	1.000000	0.467253	0.065494
#P-0.312068	0.867233	-0.387971	1.000000	0.466764	0.066471
#P0.021790	0.088507	0.995837	1.000000	0.466276	0.067449
#P-0.801584	-0.217525	0.556908	1.000000	0.465787	0.068426
#P0.410247	-0.879917	-0.239674	1.000000	0.465298	0.069404
#P-0.048296	-0.843988	0.534183	1.000000	0.464809	0.070381
#P0.513369	-0.725401	-0.458525	1.000000	0.464321	0.071359
#P0.262449	0.484357	-0.834577	1.000000	0.463832	0.072336
#P0.733420	-0.084718	-0.674476	1.000000	0.463343	0.073314
#P0.544813	-0.493763	-0.677774	1.000000	0.462854	0.074291
#P0.832969	0.014444	-0.553130	1.000000	0.462366	0.075269
#P0.285281	-0.275273	0.918063	1.000000	0.461877	0.076246
#P-0.507836	0.478351	-0.716437	1.000000	0.461388	0.077224
#P0.744120	0.385033	0.545926	1.000000	0.460899	0.078201
#P0.001122	-0.010051	0.999949	1.000000	0.460411	0.079179
#P0.182187	0.264574	0.947000	1.000000	0.459922	0.080156
#P0.438824	0.872151	-0.216299	1.000000	0.459433	0.081134
#P-0.099517	0.342814	-0.934117	1.000000	0.458944	0.082111
#P0.616019	-0.040507	0.786689	1.000000	0.458456	0.083089
#P0.599644	-0.716333	-0.356784	1.000000	0.457967	0.084066
#P0.645298	0.234983	0.726893	1.000000	0.457478	0.085044
#P-0.239772	-0.286174	-0.927693	1.000000	0.456989	0.086022
#P-0.020829	0.274204	0.961446	1.000000	0.456500	0.086999
#P0.875856	0.301266	0.376983	1.000000	0.456012	0.087977
#P-0.433974	-0.852960	-0.290043	1.000000	0.455523	0.088954
#P0.164398	-0.554229	-0.815968	1.000000	0.455034	0.089932
#P0.824134	0.453402	0.339456	1.000000	0.454545	0.090909
#P0.662946	-0.599813	-0.448026	1.000000	0.454057	0.091887
#P0.005049	0.593275	-0.804984	1.000000	0.453568	0.092864
#P-0.196250	0.015224	0.980436	1.000000	0.453079	0.093842
#P0.049597	-0.033508	-0.998207	1.000000	0.452590	0.094819
#P0.551439	0.784131	-0.284700	1.000000	0.452102	0.095797
#P0.026420	-0.117462	-0.992726	1.000000	0.451613	0.096774
#P-0.806185	-0.307351	0.505569	1.000000	0.451124	0.097752
#P-0.095763	0.403857	-0.909796	1.000000	0.450635	0.098729
#P0.696453	0.130939	0.705556	1.000000	0.450147	0.099707
#P-0.793530	-0.602485	0.085569	1.000000	0.449658	0.100684
#P0.428977	0.212213	0.878034	1.000000	0.449169	0.101662
#P-0.223539	0.325638	-0.918689	1.000000	0.448680	0.102639
#P-0.723867	0.292935	-0.624664	1.000000	0.448192	0.103617
#P-0.101518	0.072163	0.992213	1.000000	0.447703	0.104594
#P0.224148	0.005426	0.974540	1.000000	0.447214	0.105572
#P0.039488	0.611241	-0.790459	1.000000	0.446725	0.106549
#P-0.227908	-0.502013	0.834291	1.000000	0.446237	0.107527
#P0.033677	-0.124945	0.991592	1.000000	0.445748	0.108504
#P0.676713	-0.062860	0.733558	1.000000	0.445259	0.109482
#P-0.066163	-0.837238	-0.542821	1.000000	0.444770	0.110459
#P0.187847	-0.537335	0.822183	1.000000	0.444282	0.111437
#P-0.525280	0.717192	-0.457949	1.000000	0.443793	0.112414
#P0.288165	0.834525	0.469604	1.000000	0.443304	0.113392
#P0.547215	-0.523314	0.653222	1.000000	0.442815	0.114370
#P-0.432844	0.719031	0.543729	1.000000	0.442326	0.115347
#P-0.012211	-0.070287	0.997452	1.000000	0.441838	0.116325
#P-0.045635	-0.042483	-0.998054	1.000000	0.441349	0.117302
#P0.138298	0.642672	0.753556	1.000000	0.440860	0.118280
#P-0.132296	0.862908	-0.487738	1.000000	0.440371	0.119257
#P0.253634	0.587984	0.768078	1.000000	0.439883	0.120235
#P0.176334	-0.134059	-0.975159	1.000000	0.439394	0.121212
#P-0.049757	-0.186238	0.981244	1.000000	0.438905	0.122190
#P-0.508183	0.359010	-0.782855	1.000000	0.438416	0.123167
#P0.246120	-0.747776	0.616649	1.000000	0.437928	0.124145
#P-0.215105	0.862823	-0.457457	1.000000	0.437439	0.125122
#P0.254250	-0.899781	0.354614	1.000000	0.436950	0.126100
#P-0.418928	0.338984	0.842371	1.000000	0.436461	0.127077
#P0.084633	0.722610	-0.686055	1.000000	0.435973	0.128055
#P-0.533802	0.487467	0.690964	1.000000	0.435484	0.129032
#P-0.815093	0.569710	-0.105140	1.000000	0.434995	0.130010
#P0.003166	0.076177	0.997089	1.000000	0.434506	0.130987
#P0.473676	0.613203	0.632149	1.000000	0.434018	0.131965
#P0.795142	-0.604265	0.051113	1.000000	0.433529	0.132942
#P0.010377	0.202994	-0.979125	1.000000	0.433040	0.133920
#P-0.072535	-0.070858	-0.994846	1.000000	0.432551	0.134897
#P-0.804563	-0.528869	-0.270140	1.000000	0.432063	0.135875
#P-0.351805	-0.013107	-0.935981	1.000000	0.431574	0.136852
#P-0.680198	-0.565810	0.466037	1.000000	0.431085	0.137830
#P0.398832	-0.017583	-0.916855	1.000000	0.430596	0.138807
#P-0.011964	-0.016765	0.999788	1.000000	0.430108	0.139785
#P0.052366	-0.564440	0.823812	1.000000	0.429619	0.140762
#P0.216414	0.801847	0.556962	1.000000	0.429130	0.141740
#P0.509309	0.405926	0.758833	1.000000	0.428641	0.142717
#P-0.999246	0.022508	-0.031644	1.000000	0.428152	0.143695
#P0.028032	-0.540537	-0.840853	1.000000	0.427664	0.144673
#P-0.365347	0.523562	0.769678	1.000000	0.427175	0.145650
#P0.950337	-0.279495	-0.136899	1.000000	0.426686	0.146628
#P-0.406458	0.395320	0.823719	1.000000	0.426197	0.147605
#P-0.108638	0.532952	0.839142	1.000000	0.425709	0.148583
#P0.577056	0.688687	-0.438995	1.000000	0.425220	0.149560
#P-0.142856	-0.295191	-0.944698	1.000000	0.424731	0.150538
#P0.762915	0.646303	0.015929	1.000000	0.424242	0.151515
#P-0.754812	-0.149432	0.638694	1.000000	0.423754	0.152493
#P0.129759	-0.402747	0.906067	1.000000	0.423265	0.153470
#P-0.882387	0.140584	0.449031	1.000000	0.422776	0.154448
#P-0.391865	0.379921	0.837915	1.000000	0.422287	0.155425
#P-0.815845	-0.094834	-0.570442	1.000000	0.421799	0.156403
#P-0.246238	-0.069400	0.966721	1.000000	0.421310	0.157380
#P0.071832	-0.114504	0.990822	1.000000	0.420821	0.158358
#P-0.815100	0.394434	0.424303	1.000000	0.420332	0.159335
#P-0.639587	0.268618	0.720259	1.000000	0.419844	0.160313
#P-0.670304	0.442329	0.595851	1.000000	0.419355	0.161290
#P-0.148893	-0.964020	-0.220221	1.000000	0.418866	0.162268
#P0.543105	-0.760469	0.355982	1.000000	0.418377	0.163245
#P-0.464464	-0.762197	0.450921	1.000000	0.417889	0.164223
#P0.145656	-0.379721	-0.913562	1.000000	0.417400	0.165200
#P-0.785839	-0.067888	0.614694	1.000000	0.416911	0.166178
#P-0.251965	-0.016600	-0.967594	1.000000	0.416422	0.167155
#P0.837923	-0.113523	0.533851	1.000000	0.415934	0.168133
#P-0.180017	0.690417	-0.700656	1.000000	0.415445	0.169110
#P-0.871281	-0.047460	-0.488484	1.000000	0.414956	0.170088
#P-0.556173	-0.233887	-0.797476	1.000000	0.414467	0.171065
#P0.092981	-0.183918	-0.978534	1.000000	0.413978	0.172043
#P0.516423	-0.854843	-0.050503	1.000000	0.413490	0.173021
#P-0.497558	0.336002	-0.799712	1.000000	0.413001	0.173998
#P0.127837	0.549789	-0.825463	1.000000	0.412512	0.174976
#P0.538048	0.622347	0.568496	1.000000	0.412023	0.175953
#P-0.617420	0.748298	-0.242577	1.000000	0.411535	0.176931
#P-0.778411	-0.339402	0.528093	1.000000	0.411046	0.177908
#P0.162429	-0.263377	0.950920	1.000000	0.410557	0.178886
#P0.179706	-0.043346	0.982765	1.000000	0.410068	0.179863
#P-0.615835	0.551250	-0.562913	1.000000	0.409580	0.180841
#P0.575008	0.003020	0.818142	1.000000	0.409091	0.181818
#P-0.934141	-0.290155	0.207823	1.000000	0.408602	0.182796
#P-0.848598	-0.526685	-0.049854	1.000000	0.408113	0.183773
#P0.402311	-0.747665	0.528340	1.000000	0.407625	0.184751
#P0.118104	0.983730	-0.135379	1.000000	0.407136	0.185728
#P-0.032970	-0.038278	-0.998723	1.000000	0.406647	0.186706
#P0.104729	-0.932476	-0.345717	1.000000	0.406158	0.187683
#P0.019486	-0.009918	0.999761	1.000000	0.405670	0.188661
#P0.041551	0.041531	-0.998273	1.000000	0.405181	0.189638
#P-0.096662	-0.991699	-0.084787	1.000000	0.404692	0.190616
#P0.507089	-0.744117	-0.434915	1.000000	0.404203	0.191593
#P0.416130	-0.821637	-0.389549	1.000000	0.403715	0.192571
#P0.063015	-0.561951	0.824767	1.000000	0.403226	0.193548
#P-0.755407	0.197513	0.624779	1.000000	0.402737	0.194526
#P0.444627	-0.257043	0.858042	1.000000	0.402248	0.195503
#P-0.777752	0.603317	0.176381	1.000000	0.401760	0.196481
#P0.068688	0.210956	-0.975079	1.000000	0.401271	0.197458
#P0.005462	0.437450	0.899226	1.000000	0.400782	0.198436
#P0.556141	-0.768332	0.316816	1.000000	0.400293	0.199413
#P-0.136617	-0.365379	-0.920779	1.000000	0.399804	0.200391
#P-0.366114	-0.446432	0.816492	1.000000	0.399316	0.201369
#P-0.623660	0.303124	-0.720531	1.000000	0.398827	0.202346
#P0.254086	-0.526287	-0.811457	1.000000	0.398338	0.203324
#P0.306872	-0.257541	-0.916244	1.000000	0.397849	0.204301
#P0.232709	-0.470028	-0.851422	1.000000	0.397361	0.205279
#P-0.819739	0.252694	0.513979	1.000000	0.396872	0.206256
#P0.569940	0.791411	-0.220990	1.000000	0.396383	0.207234
#P0.093415	-0.943341	-0.318403	1.000000	0.395894	0.208211
#P0.039261	-0.258603	0.965185	1.000000	0.395406	0.209189
#P0.091716	-0.565710	-0.819488	1.000000	0.394917	0.210166
#P-0.141219	-0.305117	0.941786	1.000000	0.394428	0.211144
#P0.080142	0.963071	0.257044	1.000000	0.393939	0.212121
#P0.352485	0.627887	-0.693911	1.000000	0.393451	0.213099
#P0.752514	-0.395949	0.526257	1.000000	0.392962	0.214076
#P0.598374	-0.640834	-0.480915	1.000000	0.392473	0.215054
#P0.998457	0.054219	-0.011964	1.000000	0.391984	0.216031
#P-0.754494	-0.655959	-0.021382	1.000000	0.391496	0.217009
#P-0.109206	0.293843	-0.949595	1.000000	0.391007	0.217986
#P0.492185	0.181561	0.851346	1.000000	0.390518	0.218964
#P0.400620	-0.904377	0.146990	1.000000	0.390029	0.219941
#P0.273099	0.694169	0.665993	1.000000	0.389541	0.220919
#P-0.616547	-0.734969	0.282295	1.000000	0.389052	0.221896
#P-0.540581	-0.829212	0.142054	1.000000	0.388563	0.222874
#P-0.106012	0.095800	-0.989739	1.000000	0.388074	0.223851
#P-0.084701	0.096919	-0.991682	1.000000	0.387586	0.224829
#P-0.952172	0.300437	0.055735	1.000000	0.387097	0.225806
#P-0.477207	0.207427	0.853960	1.000000	0.386608	0.226784
#P0.269653	0.791036	-0.549135	1.000000	0.386119	0.227761
#P-0.958325	0.281343	-0.049590	1.000000	0.385630	0.228739
#P0.148919	0.248080	-0.957225	1.000000	0.385142	0.229717
#P0.746402	0.594594	-0.298902	1.000000	0.384653	0.230694
#P0.527011	-0.792167	0.307782	1.000000	0.384164	0.231672
#P0.705344	0.155015	-0.691708	1.000000	0.383675	0.232649
#P0.028723	0.054260	-0.998114	1.000000	0.383187	0.233627
#P0.821620	-0.329076	0.465456	1.000000	0.382698	0.234604
#P-0.919164	0.142477	0.367203	1.000000	0.382209	0.235582
#P-0.073375	-0.090130	-0.993223	1.000000	0.381720	0.236559
#P0.508118	0.059302	-0.859243	1.000000	0.381232	0.237537
#P-0.056661	0.302409	0.951493	1.000000	0.380743	0.238514
#P-0.135925	-0.381570	0.914291	1.000000	0.380254	0.239492
#P-0.211564	0.242953	0.946686	1.000000	0.379765	0.240469
#P-0.239630	-0.576188	-0.781399	1.000000	0.379277	0.241447
#P-0.600961	0.040588	-0.798248	1.000000	0.378788	0.242424
#P-0.478526	-0.420678	-0.770742	1.000000	0.378299	0.243402
#P0.914554	0.168202	0.367831	1.000000	0.377810	0.244379
#P0.880925	0.143294	0.451042	1.000000	0.377322	0.245357
#P0.212440	-0.368461	0.905045	1.000000	0.376833	0.246334
#P0.002431	-0.692192	0.721709	1.000000	0.376344	0.247312
#P0.181787	0.238194	0.954053	1.000000	0.375855	0.248289
#P-0.076349	-0.002764	0.997077	1.000000	0.375367	0.249267
#P0.137387	-0.344682	0.928611	1.000000	0.374878	0.250244
#P-0.359128	0.716916	-0.597543	1.000000	0.374389	0.251222
#P-0.768413	0.154535	-0.621015	1.000000	0.373900	0.252199
#P0.187157	0.202019	0.961333	1.000000	0.373412	0.253177
#P-0.957188	0.150284	-0.247399	1.000000	0.372923	0.254154
#P-0.189636	0.100976	-0.976648	1.000000	0.372434	0.255132
#P0.280427	0.920564	-0.271886	1.000000	0.371945	0.256109
#P-0.249975	0.927518	-0.277890	1.000000	0.371457	0.257087
#P-0.013415	0.005909	-0.999893	1.000000	0.370968	0.258065
#P0.870873	0.430146	-0.237812	1.000000	0.370479	0.259042
#P-0.076067	-0.186758	0.979457	1.000000	0.369990	0.260020
#P0.522849	0.545130	0.655334	1.000000	0.369501	0.260997
#P0.423911	0.822059	0.380155	1.000000	0.369013	0.261975
#P-0.177053	-0.699899	0.691949	1.000000	0.368524	0.262952
#P0.676809	-0.075559	0.732270	1.000000	0.368035	0.263930
#P0.445742	0.340561	-0.827848	1.000000	0.367546	0.264907
#P-0.025596	-0.047271	-0.998554	1.000000	0.367058	0.265885
#P-0.103162	0.752666	0.650271	1.000000	0.366569	0.266862
#P-0.315373	-0.260384	0.912546	1.000000	0.366080	0.267840
#P0.066932	0.122795	0.990173	1.000000	0.365591	0.268817
#P-0.455453	0.779237	-0.430526	1.000000	0.365103	0.269795
#P0.764015	0.596875	-0.244994	1.000000	0.364614	0.270772
#P-0.880224	0.067465	-0.469738	1.000000	0.364125	0.271750
#P-0.727436	0.677205	-0.110590	1.000000	0.363636	0.272727
#P-0.054661	-0.890893	0.450912	1.000000	0.363148	0.273705
#P0.128638	-0.214222	-0.968277	1.000000	0.362659	0.274682
#P-0.100654	0.356098	-0.929012	1.000000	0.362170	0.275660
#P0.181919	0.158360	0.970478	1.000000	0.361681	0.276637
#P-0.504470	0.094932	0.858194	1.000000	0.361193	0.277615
#P-0.427616	0.135477	-0.893751	1.000000	0.360704	0.278592
#P-0.284535	0.957252	0.052042	1.000000	0.360215	0.279570
#P0.110379	0.079472	-0.990707	1.000000	0.359726	0.280547
#P-0.099411	-0.279936	0.954858	1.000000	0.359238	0.281525
#P0.950206	-0.076596	-0.302062	1.000000	0.358749	0.282502
#P-0.200568	0.319307	0.926183	1.000000	0.358260	0.283480
#P-0.971170	0.118271	0.206981	1.000000	0.357771	0.284457
#P0.194300	-0.314216	0.929256	1.000000	0.357283	0.285435
#P0.524407	0.789423	0.319073	1.000000	0.356794	0.286413
#P0.114340	-0.392598	0.912575	1.000000	0.356305	0.287390
#P0.393594	-0.780939	-0.484994	1.000000	0.355816	0.288368
#P-0.964558	-0.100827	0.243847	1.000000	0.355327	0.289345
#P-0.685633	-0.510688	-0.518753	1.000000	0.354839	0.290323
#P-0.699683	0.187234	0.689484	1.000000	0.354350	0.291300
#P-0.857164	-0.508239	0.083444	1.000000	0.353861	0.292278
#P-0.673648	-0.706193	-0.217923	1.000000	0.353372	0.293255
#P0.610412	-0.179691	-0.771433	1.000000	0.352884	0.294233
#P-0.171564	-0.527259	0.832204	1.000000	0.352395	0.295210
#P-0.062441	0.665306	0.743955	1.000000	0.351906	0.296188
#P-0.427125	-0.186839	0.884678	1.000000	0.351417	0.297165
#P0.910037	0.075358	-0.407619	1.000000	0.350929	0.298143
#P-0.950452	-0.003994	-0.310845	1.000000	0.350440	0.299120
#P0.056212	0.997391	0.045295	1.000000	0.349951	0.300098
#P-0.172640	-0.245996	0.953772	1.000000	0.349462	0.301075
#P0.070920	-0.066610	0.995255	1.000000	0.348974	0.302053
#P-0.785436	0.399612	0.472653	1.000000	0.348485	0.303030
#P0.574537	0.246863	-0.780363	1.000000	0.347996	0.304008
#P0.249256	0.065570	-0.966215	1.000000	0.347507	0.304985
#P-0.828401	-0.491067	0.269453	1.000000	0.347019	0.305963
#P-0.124959	0.173941	-0.976796	1.000000	0.346530	0.306940
#P-0.488948	-0.557537	0.670882	1.000000	0.346041	0.307918
#P0.654534	-0.239409	0.717125	1.000000	0.345552	0.308895
#P-0.940413	-0.181111	0.287787	1.000000	0.345064	0.309873
#P0.520775	-0.272375	-0.809077	1.000000	0.344575	0.310850
#P-0.426891	0.061416	0.902215	1.000000	0.344086	0.311828
#P0.208378	-0.940275	-0.269187	1.000000	0.343597	0.312805
#P0.697544	0.656397	-0.287360	1.000000	0.343109	0.313783
#P0.431143	0.353096	-0.830325	1.000000	0.342620	0.314761
#P0.814918	0.217912	-0.537050	1.000000	0.342131	0.315738
#P-0.903284	0.425926	-0.051628	1.000000	0.341642	0.316716
#P-0.417083	0.322349	-0.849784	1.000000	0.341153	0.317693
#P0.865400	-0.148319	-0.478627	1.000000	0.340665	0.318671
#P-0.958937	0.233772	-0.160593	1.000000	0.340176	0.319648
#P-0.675711	0.644396	0.358006	1.000000	0.339687	0.320626
#P-0.636884	-0.281847	-0.717594	1.000000	0.339198	0.321603
#P-0.556715	0.138117	0.819141	1.000000	0.338710	0.322581
#P-0.390547	-0.011978	0.920505	1.000000	0.338221	0.323558
#P0.977692	0.097166	-0.186216	1.000000	0.337732	0.324536
#P-0.958712	0.173655	-0.225199	1.000000	0.337243	0.325513
#P-0.339461	-0.730742	-0.592269	1.000000	0.336755	0.326491
#P-0.934648	0.128571	-0.331516	1.000000	0.336266	0.327468
#P-0.353943	0.646992	0.675371	1.000000	0.335777	0.328446
#P-0.072026	0.657134	-0.750325	1.000000	0.335288	0.329423
#P-0.048681	0.357434	0.932669	1.000000	0.334800	0.330401
#P-0.489132	0.795137	0.358478	1.000000	0.334311	0.331378
#P-0.147037	0.063302	0.987103	1.000000	0.333822	0.332356
#P-0.356712	-0.123624	0.925999	1.000000	0.333333	0.333333
#P-0.111404	0.097284	0.989002	1.000000	0.332845	0.334311
#P0.241505	-0.431988	0.868943	1.000000	0.332356	0.335288
#P-0.320876	0.510526	-0.797748	1.000000	0.331867	0.336266
#P0.178243	0.866573	0.466134	1.000000	0.331378	0.337243
#P-0.561466	-0.528008	0.637153	1.000000	0.330890	0.338221
#P0.012768	-0.476440	-0.879114	1.000000	0.330401	0.339198
#P-0.564095	0.312992	0.764090	1.000000	0.329912	0.340176
#P0.394791	-0.044137	0.917710	1.000000	0.329423	0.341153
#P-0.401660	-0.915432	-0.025561	1.000000	0.328935	0.342131
#P-0.016823	-0.734188	0.678737	1.000000	0.328446	0.343109
#P-0.793214	0.151788	0.589722	1.000000	0.327957	0.344086
#P0.007730	0.779470	0.626392	1.000000	0.327468	0.345064
#P-0.055077	-0.335075	0.940580	1.000000	0.326979	0.346041
#P0.970443	-0.238984	-0.033574	1.000000	0.326491	0.347019
#P-0.323595	-0.304925	0.895716	1.000000	0.326002	0.347996
#P-0.057949	0.022703	-0.998061	1.000000	0.325513	0.348974
#P0.205063	0.488150	-0.848327	1.000000	0.325024	0.349951
#P-0.270571	0.103486	-0.957122	1.000000	0.324536	0.350929
#P0.437363	-0.706963	-0.555803	1.000000	0.324047	0.351906
#P-0.218106	-0.795078	0.565934	1.000000	0.323558	0.352884
#P-0.565252	-0.325269	0.758084	1.000000	0.323069	0.353861
#P-0.008732	-0.869650	-0.493592	1.000000	0.322581	0.354839
#P0.381058	-0.308207	0.871667	1.000000	0.322092	0.355816
#P-0.185215	0.554377	0.811395	1.000000	0.321603	0.356794
#P-0.048419	-0.809411	-0.585243	1.000000	0.321114	0.357771
#P0.305330	-0.151619	0.940099	1.000000	0.320626	0.358749
#P-0.182686	-0.179095	0.966722	1.000000	0.320137	0.359726
#P-0.053566	0.104594	0.993071	1.000000	0.319648	0.360704
#P-0.120767	0.369721	0.921261	1.000000	0.319159	0.361681
#P0.076196	-0.545749	0.834477	1.000000	0.318671	0.362659
#P0.278281	-0.610535	0.741490	1.000000	0.318182	0.363636
#P-0.084557	-0.454009	-0.886976	1.000000	0.317693	0.364614
#P0.128940	0.412642	-0.901721	1.000000	0.317204	0.365591
#P0.568696	0.550766	0.610935	1.000000	0.316716	0.366569
#P-0.892161	-0.207749	0.401109	1.000000	0.316227	0.367546
#P0.987845	-0.140300	0.066924	1.000000	0.315738	0.368524
#P0.441337	0.392383	0.807005	1.000000	0.315249	0.369501
#P-0.866635	0.053050	-0.496114	1.000000	0.314761	0.370479
#P-0.803993	0.196628	-0.561188	1.000000	0.314272	0.371457
#P-0.111925	0.077884	0.990660	1.000000	0.313783	0.372434
#P0.200156	-0.645902	-0.736715	1.000000	0.313294	0.373412
#P-0.600511	-0.263760	0.754863	1.000000	0.312805	0.374389
#P0.040069	0.009908	0.999148	1.000000	0.312317	0.375367
#P0.303384	-0.193342	-0.933047	1.000000	0.311828	0.376344
#P0.182726	-0.649177	0.738363	1.000000	0.311339	0.377322
#P-0.338120	-0.704266	-0.624247	1.000000	0.310850	0.378299
#P-0.516241	0.180704	0.837163	1.000000	0.310362	0.379277
#P-0.095802	0.171931	0.980440	1.000000	0.309873	0.380254
#P0.323222	0.195514	-0.925906	1.000000	0.309384	0.381232
#P-0.399831	-0.811554	-0.426046	1.000000	0.308895	0.382209
#P-0.007607	0.169583	0.985487	1.000000	0.308407	0.383187
#P0.509160	0.832427	-0.218681	1.000000	0.307918	0.384164
#P0.126390	-0.150923	-0.980433	1.000000	0.307429	0.385142
#P-0.168427	-0.122101	-0.978122	1.000000	0.306940	0.386119
#P0.295248	-0.191744	-0.935982	1.000000	0.306452	0.387097
#P0.342306	-0.837132	0.426658	1.000000	0.305963	0.388074
#P0.818828	0.218765	0.530719	1.000000	0.305474	0.389052
#P0.539718	-0.832425	-0.125592	1.000000	0.304985	0.390029
#P-0.483106	0.203068	0.851687	1.000000	0.304497	0.391007
#P-0.083906	-0.069151	-0.994071	1.000000	0.304008	0.391984
#P0.192102	-0.449910	0.872169	1.000000	0.303519	0.392962
#P0.238122	0.732927	-0.637272	1.000000	0.303030	0.393939
#P0.043636	-0.009365	-0.999004	1.000000	0.302542	0.394917
#P0.479229	0.070990	0.874815	1.000000	0.302053	0.395894
#P0.679801	-0.588903	-0.437108	1.000000	0.301564	0.396872
#P0.826103	-0.289547	-0.483443	1.000000	0.301075	0.397849
#P-0.015571	-0.191798	-0.981311	1.000000	0.300587	0.398827
#P0.208931	0.086723	0.974077	1.000000	0.300098	0.399804
#P0.544392	-0.342028	-0.765934	1.000000	0.299609	0.400782
#P0.565263	0.009492	0.824856	1.000000	0.299120	0.401760
#P-0.839509	0.513129	0.178668	1.000000	0.298631	0.402737
#P-0.957589	0.287925	0.011097	1.000000	0.298143	0.403715
#P-0.087989	-0.391774	0.915845	1.000000	0.297654	0.404692
#P0.271725	-0.962350	0.006946	1.000000	0.297165	0.405670
#P0.580518	-0.658117	0.479458	1.000000	0.296676	0.406647
#P-0.084553	0.928506	0.361562	1.000000	0.296188	0.407625
#P0.457606	0.790150	0.407750	1.000000	0.295699	0.408602
#P0.795316	0.461183	-0.393425	1.000000	0.295210	0.409580
#P0.486522	0.583465	-0.650281	1.000000	0.294721	0.410557
#P0.183064	0.083235	-0.979571	1.000000	0.294233	0.411535
#P0.649623	-0.073444	-0.756700	1.000000	0.293744	0.412512
#P-0.002642	0.003118	0.999992	1.000000	0.293255	0.413490
#P-0.145101	-0.381903	-0.912741	1.000000	0.292766	0.414467
#P-0.999843	0.003607	-0.017368	1.000000	0.292278	0.415445
#P-0.570113	0.783450	0.247340	1.000000	0.291789	0.416422
#P0.922922	-0.198669	0.329766	1.000000	0.291300	0.417400
#P-0.515013	0.717768	-0.468583	1.000000	0.290811	0.418377
#P0.849497	0.513998	-0.118997	1.000000	0.290323	0.419355
#P0.923137	0.061175	-0.379574	1.000000	0.289834	0.420332
#P-0.929975	-0.022407	0.366940	1.000000	0.289345	0.421310
#P-0.922148	0.377581	0.084120	1.000000	0.288856	0.422287
#P-0.176430	0.070783	-0.981765	1.000000	0.288368	0.423265
#P-0.577157	0.323876	-0.749663	1.000000	0.287879	0.424242
#P0.453704	0.493916	-0.741755	1.000000	0.287390	0.425220
#P0.306811	-0.670073	0.675921	1.000000	0.286901	0.426197
#P-0.276645	0.580689	-0.765681	1.000000	0.286413	0.427175
#P-0.272187	-0.016860	0.962097	1.000000	0.285924	0.428152
#P-0.868812	0.084049	-0.487957	1.000000	0.285435	0.429130
#P0.959754	0.190606	-0.206255	1.000000	0.284946	0.430108
#P0.241879	-0.147506	-0.959029	1.000000	0.284457	0.431085
#P-0.428305	-0.692250	0.580814	1.000000	0.283969	0.432063
#P-0.090440	-0.162373	0.982576	1.000000	0.283480	0.433040
#P-0.317691	0.290408	0.902627	1.000000	0.282991	0.434018
#P0.937194	0.338869	0.082671	1.000000	0.282502	0.434995
#P-0.702285	-0.318736	-0.636555	1.000000	0.282014	0.435973
#P-0.015384	-0.025806	0.999549	1.000000	0.281525	0.436950
#P0.227473	-0.664282	-0.712029	1.000000	0.281036	0.437928
#P-0.036970	0.925295	-0.377443	1.000000	0.280547	0.438905
#P0.182074	0.085974	0.979519	1.000000	0.280059	0.439883
#P-0.880497	-0.327560	-0.342678	1.000000	0.279570	0.440860
#P-0.348750	-0.747788	-0.564965	1.000000	0.279081	0.441838
#P-0.948185	0.317060	0.020467	1.000000	0.278592	0.442815
#P0.004630	-0.011482	-0.999923	1.000000	0.278104	0.443793
#P0.659852	-0.095562	-0.745294	1.000000	0.277615	0.444770
#P0.210203	-0.944020	-0.254246	1.000000	0.277126	0.445748
#P0.227382	-0.614449	-0.755480	1.000000	0.276637	0.446725
#P0.034960	-0.069434	0.996974	1.000000	0.276149	0.447703
#P-0.790556	0.222571	0.570511	1.000000	0.275660	0.448680
#P0.854836	-0.508058	0.105515	1.000000	0.275171	0.449658
#P0.099297	0.066735	-0.992817	1.000000	0.274682	0.450635
#P-0.488089	0.831160	0.266351	1.000000	0.274194	0.451613
#P-0.401367	-0.239300	0.884104	1.000000	0.273705	0.452590
#P0.464286	0.412160	0.783940	1.000000	0.273216	0.453568
#P-0.899295	0.161704	0.406349	1.000000	0.272727	0.454545
#P0.393221	0.300957	-0.868793	1.000000	0.272239	0.455523
#P0.846839	-0.445407	-0.290648	1.000000	0.271750	0.456500
#P-0.160568	0.526044	0.835162	1.000000	0.271261	0.457478
#P-0.257274	-0.934138	-0.247378	1.000000	0.270772	0.458456
#P0.362061	-0.404065	-0.840026	1.000000	0.270283	0.459433
#P0.125494	0.110974	0.985868	1.000000	0.269795	0.460411
#P-0.462838	0.880445	0.102947	1.000000	0.269306	0.461388
#P0.451907	-0.478382	-0.752948	1.000000	0.268817	0.462366
#P-0.938065	-0.118488	0.325567	1.000000	0.268328	0.463343
#P0.821062	0.532574	0.205481	1.000000	0.267840	0.464321
#P-0.281793	-0.806176	0.520262	1.000000	0.267351	0.465298
#P-0.071095	0.799868	0.595950	1.000000	0.266862	0.466276
#P-0.206031	0.184384	-0.961017	1.000000	0.266373	0.467253
#P-0.173473	0.793384	0.583481	1.000000	0.265885	0.468231
#P0.935149	0.352635	-0.033848	1.000000	0.265396	0.469208
#P0.820628	0.448082	-0.354672	1.000000	0.264907	0.470186
#P-0.341013	0.302764	0.889969	1.000000	0.264418	0.471163
#P0.464475	-0.535471	0.705361	1.000000	0.263930	0.472141
#P0.178684	0.028079	-0.983506	1.000000	0.263441	0.473118
#P-0.046994	0.018085	-0.998731	1.000000	0.262952	0.474096
#P-0.492293	0.870372	-0.009982	1.000000	0.262463	0.475073
#P0.155651	0.263202	-0.952102	1.000000	0.261975	0.476051
#P-0.290483	-0.956392	0.030557	1.000000	0.261486	0.477028
#P0.007325	-0.000487	0.999973	1.000000	0.260997	0.478006
#P0.747566	-0.146939	0.647730	1.000000	0.260508	0.478983
#P-0.000224	0.000322	-1.000000	1.000000	0.260020	0.479961
#P-0.285677	0.085517	-0.954503	1.000000	0.259531	0.480938
#P0.077562	-0.011672	0.996919	1.000000	0.259042	0.481916
#P0.142535	-0.038707	0.989033	1.000000	0.258553	0.482893
#P0.052299	0.174664	0.983238	1.000000	0.258065	0.483871
#P0.296880	0.056881	-0.953219	1.000000	0.257576	0.484848
#P0.306406	-0.351566	0.884600	1.000000	0.257087	0.485826
#P-0.410976	0.905013	-0.109770	1.000000	0.256598	0.486804
#P-0.187968	0.026438	-0.981819	1.000000	0.256109	0.487781
#P0.178917	0.800451	0.572072	1.000000	0.255621	0.488759
#P0.785669	0.107942	0.609158	1.000000	0.255132	0.489736
#P-0.193105	-0.892710	0.407159	1.000000	0.254643	0.490714
#P0.240896	-0.150891	0.958750	1.000000	0.254154	0.491691
#P-0.072094	-0.100766	-0.992295	1.000000	0.253666	0.492669
#P-0.898703	-0.403886	0.170908	1.000000	0.253177	0.493646
#P0.202114	-0.853435	-0.480414	1.000000	0.252688	0.494624
#P0.152350	-0.974232	0.166316	1.000000	0.252199	0.495601
#P-0.345483	-0.901723	-0.259878	1.000000	0.251711	0.496579
#P0.156300	0.039676	-0.986912	1.000000	0.251222	0.497556
#P-0.987804	0.146317	-0.053248	1.000000	0.250733	0.498534
#P-0.631052	-0.775608	-0.014369	1.000000	0.250244	0.499511
#P0.299742	-0.869929	0.391634	1.000000	0.249756	0.500489
#P-0.440532	0.704719	-0.556149	1.000000	0.249267	0.501466
#P-0.406239	-0.905770	-0.120629	1.000000	0.248778	0.502444
#P0.965079	-0.079024	0.249757	1.000000	0.248289	0.503421
#P0.133672	-0.037954	0.990299	1.000000	0.247801	0.504399
#P-0.575268	0.057571	-0.815937	1.000000	0.247312	0.505376
#P0.112436	0.289221	0.950636	1.000000	0.246823	0.506354
#P-0.123930	0.034701	-0.991684	1.000000	0.246334	0.507331
#P-0.211392	-0.945013	-0.249527	1.000000	0.245846	0.508309
#P0.727821	0.410945	-0.548999	1.000000	0.245357	0.509286
#P-0.765825	0.477580	-0.430615	1.000000	0.244868	0.510264
#P-0.323268	0.087398	0.942263	1.000000	0.244379	0.511241
#P-0.175441	-0.516876	-0.837890	1.000000	0.243891	0.512219
#P-0.181021	0.053304	0.982034	1.000000	0.243402	0.513196
#P0.906348	-0.104867	-0.409312	1.000000	0.242913	0.514174
#P-0.697523	0.712685	-0.074451	1.000000	0.242424	0.515152
#P-0.336703	0.374261	0.864037	1.000000	0.241935	0.516129
#P0.876078	-0.291088	0.384389	1.000000	0.241447	0.517107
#P-0.634915	0.340944	-0.693282	1.000000	0.240958	0.518084
#P0.262176	-0.847069	-0.462318	1.000000	0.240469	0.519062
#P-0.511019	-0.692580	-0.509110	1.000000	0.239980	0.520039
#P-0.228024	0.270992	0.935184	1.000000	0.239492	0.521017
#P-0.490254	0.540278	-0.683923	1.000000	0.239003	0.521994
#P-0.700926	0.643775	-0.307013	1.000000	0.238514	0.522972
#P-0.009047	-0.213260	-0.976954	1.000000	0.238025	0.523949
#P-0.339239	0.522348	0.782349	1.000000	0.237537	0.524927
#P0.187971	-0.033301	0.981610	1.000000	0.237048	0.525904
#P-0.953340	0.174965	-0.246028	1.000000	0.236559	0.526882
#P-0.901032	0.117379	0.417568	1.000000	0.236070	0.527859
#P-0.099812	0.008526	-0.994970	1.000000	0.235582	0.528837
#P0.469398	0.234385	0.851310	1.000000	0.235093	0.529814
#P-0.125066	0.537383	-0.834013	1.000000	0.234604	0.530792
#P0.590409	-0.444256	0.673835	1.000000	0.234115	0.531769
#P0.296676	-0.017872	-0.954811	1.000000	0.233627	0.532747
#P-0.928711	-0.312205	-0.200058	1.000000	0.233138	0.533724
#P-0.150004	0.018187	0.988518	1.000000	0.232649	0.534702
#P-0.029911	0.997724	0.060434	1.000000	0.232160	0.535679
#P-0.022420	0.012864	-0.999666	1.000000	0.231672	0.536657
#P-0.485681	-0.648215	-0.586456	1.000000	0.231183	0.537634
#P-0.092963	-0.350431	0.931964	1.000000	0.230694	0.538612
#P0.412893	0.368272	-0.833003	1.000000	0.230205	0.539589
#P-0.016769	-0.999192	0.036535	1.000000	0.229717	0.540567
#P0.004174	-0.004842	0.999980	1.000000	0.229228	0.541544
#P0.345888	-0.469920	0.812118	1.000000	0.228739	0.542522
#P0.215161	0.045665	0.975510	1.000000	0.228250	0.543500
#P0.820615	-0.510342	0.257179	1.000000	0.227761	0.544477
#P-0.000001	0.000020	1.000000	1.000000	0.227273	0.545455
#P-0.028848	0.323560	0.945768	1.000000	0.226784	0.546432
#P0.066529	0.055060	-0.996264	1.000000	0.226295	0.547410
#P0.341817	-0.910478	0.232787	1.000000	0.225806	0.548387
#P-0.865981	0.401909	-0.297567	1.000000	0.225318	0.549365
#P-0.105258	-0.238838	-0.965338	1.000000	0.224829	0.550342
#P-0.640969	0.535900	0.549518	1.000000	0.224340	0.551320
#P-0.034719	0.095349	0.994838	1.000000	0.223851	0.552297
#P-0.315463	0.484942	-0.815668	1.000000	0.223363	0.553275
#P0.928879	-0.132347	-0.345931	1.000000	0.222874	0.554252
#P0.583667	-0.298692	0.755060	1.000000	0.222385	0.555230
#P-0.021057	0.954590	0.297177	1.000000	0.221896	0.556207
#P0.026417	0.742751	0.669047	1.000000	0.221408	0.557185
#P0.564609	0.819866	0.095055	1.000000	0.220919	0.558162
#P0.529732	0.267995	0.804713	1.000000	0.220430	0.559140
#P-0.435070	0.821392	0.368822	1.000000	0.219941	0.560117
#P0.210555	0.871852	-0.442199	1.000000	0.219453	0.561095
#P-0.033053	0.028458	-0.999048	1.000000	0.218964	0.562072
#P-0.843069	-0.465521	-0.269304	1.000000	0.218475	0.563050
#P-0.677616	-0.112101	0.726822	1.000000	0.217986	0.564027
#P-0.924170	-0.311733	0.220754	1.000000	0.217498	0.565005
#P0.143573	0.812236	-0.565385	1.000000	0.217009	0.565982
#P-0.034749	0.620876	0.783139	1.000000	0.216520	0.566960
#P0.251724	-0.705965	0.662004	1.000000	0.216031	0.567937
#P0.137548	-0.047898	-0.989336	1.000000	0.215543	0.568915
#P0.038424	0.056168	0.997682	1.000000	0.215054	0.569892
#P-0.683363	0.579706	0.443797	1.000000	0.214565	0.570870
#P0.539269	0.839688	0.064139	1.000000	0.214076	0.571848
#P0.206624	0.351089	0.913260	1.000000	0.213587	0.572825
#P-0.536793	0.635329	-0.555167	1.000000	0.213099	0.573803
#P0.132842	-0.625008	0.769232	1.000000	0.212610	0.574780
#P0.728909	-0.231089	0.644429	1.000000	0.212121	0.575758
#P-0.057290	0.412768	0.909033	1.000000	0.211632	0.576735
#P0.534851	0.818327	-0.210419	1.000000	0.211144	0.577713
#P0.012302	-0.840010	-0.542432	1.000000	0.210655	0.578690
#P0.681291	-0.369044	-0.632178	1.000000	0.210166	0.579668
#P-0.682614	-0.358483	-0.636811	1.000000	0.209677	0.580645
#P-0.620857	-0.082376	-0.779584	1.000000	0.209189	0.581623
#P0.421350	-0.593539	0.685694	1.000000	0.208700	0.582600
#P0.853517	0.417461	0.311825	1.000000	0.208211	0.583578
#P-0.003083	0.008395	-0.999960	1.000000	0.207722	0.584555
#P-0.331938	-0.330774	0.883406	1.000000	0.207234	0.585533
#P0.258997	0.518114	0.815156	1.000000	0.206745	0.586510
#P-0.068429	0.356806	0.931669	1.000000	0.206256	0.587488
#P0.387529	0.267741	0.882120	1.000000	0.205767	0.588465
#P-0.083860	-0.491237	-0.866980	1.000000	0.205279	0.589443
#P-0.188114	0.034265	0.981549	1.000000	0.204790	0.590420
#P0.720858	0.253098	0.645217	1.000000	0.204301	0.591398
#P-0.202771	-0.908433	-0.365559	1.000000	0.203812	0.592375
#P-0.375115	0.888346	-0.264821	1.000000	0.203324	0.593353
#P0.891043	0.068396	0.448736	1.000000	0.202835	0.594330
#P-0.128656	0.066544	-0.989454	1.000000	0.202346	0.595308
#P0.366237	0.825381	0.429670	1.000000	0.201857	0.596285
#P0.550709	0.834389	0.022682	1.000000	0.201369	0.597263
#P-0.002668	-0.443998	0.896024	1.000000	0.200880	0.598240
#P-0.325834	-0.674635	0.662344	1.000000	0.200391	0.599218
#P0.275238	0.959137	-0.065577	1.000000	0.199902	0.600196
#P-0.115769	-0.963266	-0.242312	1.000000	0.199413	0.601173
#P0.133338	-0.395378	-0.908789	1.000000	0.198925	0.602151
#P0.282664	-0.766257	0.577019	1.000000	0.198436	0.603128
#P0.130582	0.063678	-0.989390	1.000000	0.197947	0.604106
#P0.018960	0.032612	0.999288	1.000000	0.197458	0.605083
#P-0.277031	-0.323061	-0.904923	1.000000	0.196970	0.606061
#P-0.364462	-0.536567	0.761094	1.000000	0.196481	0.607038
#P-0.041402	-0.284259	-0.957853	1.000000	0.195992	0.608016
#P0.500304	-0.518994	0.693066	1.000000	0.195503	0.608993
#P-0.135426	-0.076596	-0.987822	1.000000	0.195015	0.609971
#P0.490799	-0.478805	0.727916	1.000000	0.194526	0.610948
#P-0.071223	-0.295059	-0.952821	1.000000	0.194037	0.611926
#P0.138228	0.327711	0.934611	1.000000	0.193548	0.612903
#P-0.879738	-0.250395	0.404183	1.000000	0.193060	0.613881
#P-0.117506	-0.992003	-0.046063	1.000000	0.192571	0.614858
#P-0.035215	0.039043	0.998617	1.000000	0.192082	0.615836
#P-0.571451	0.774661	0.270822	1.000000	0.191593	0.616813
#P-0.481500	0.708604	0.515788	1.000000	0.191105	0.617791
#P-0.034016	-0.771622	0.635171	1.000000	0.190616	0.618768
#P0.803609	-0.536391	-0.257870	1.000000	0.190127	0.619746
#P0.331222	0.399725	-0.854700	1.000000	0.189638	0.620723
#P-0.109883	0.188146	-0.975975	1.000000	0.189150	0.621701
#P0.069017	0.187694	-0.979800	1.000000	0.188661	0.622678
#P-0.113145	-0.373511	-0.920700	1.000000	0.188172	0.623656
#P0.327730	-0.080755	0.941314	1.000000	0.187683	0.624633
#P-0.009092	0.259183	-0.965785	1.000000	0.187195	0.625611
#P0.963006	0.264878	-0.049580	1.000000	0.186706	0.626588
#P-0.440369	0.027981	-0.897381	1.000000	0.186217	0.627566
#P-0.033234	0.405583	0.913454	1.000000	0.185728	0.628543
#P0.395081	-0.127146	0.909805	1.000000	0.185239	0.629521
#P-0.546869	-0.725739	-0.417417	1.000000	0.184751	0.630499
#P-0.350169	0.260929	0.899610	1.000000	0.184262	0.631476
#P0.797589	0.051817	-0.600972	1.000000	0.183773	0.632454
#P0.894694	0.216821	-0.390526	1.000000	0.183284	0.633431
#P-0.393726	0.045341	-0.918109	1.000000	0.182796	0.634409
#P-0.151468	0.377814	-0.913408	1.000000	0.182307	0.635386
#P0.382051	0.623798	0.681846	1.000000	0.181818	0.636364
#P-0.291686	0.893472	-0.341507	1.000000	0.181329	0.637341
#P-0.038565	0.066039	0.997072	1.000000	0.180841	0.638319
#P0.823988	0.559818	-0.087453	1.000000	0.180352	0.639296
#P0.041736	-0.121979	-0.991655	1.000000	0.179863	0.640274
#P-0.742728	-0.532992	0.405307	1.000000	0.179374	0.641251
#P0.208273	0.000802	-0.978070	1.000000	0.178886	0.642229
#P0.301112	-0.940697	-0.156271	1.000000	0.178397	0.643206
#P-0.098922	0.064653	-0.992993	1.000000	0.177908	0.644184
#P-0.791924	-0.125297	0.597627	1.000000	0.177419	0.645161
#P-0.034446	-0.750004	-0.660536	1.000000	0.176931	0.646139
#P0.964285	-0.109147	-0.241331	1.000000	0.176442	0.647116
#P0.988317	0.065225	0.137754	1.000000	0.175953	0.648094
#P0.093850	-0.546617	0.832107	1.000000	0.175464	0.649071
#P-0.455510	-0.235945	0.858394	1.000000	0.174976	0.650049
#P-0.572441	0.324864	-0.752845	1.000000	0.174487	0.651026
#P-0.000386	0.983975	-0.178308	1.000000	0.173998	0.652004
#P-0.308682	0.938987	-0.151722	1.000000	0.173509	0.652981
#P0.419810	-0.759354	0.497133	1.000000	0.173021	0.653959
#P-0.042001	-0.069623	0.996689	1.000000	0.172532	0.654936
#P0.153088	-0.986268	0.061969	1.000000	0.172043	0.655914
#P-0.355894	-0.575173	-0.736556	1.000000	0.171554	0.656891
#P-0.076941	-0.041984	-0.996151	1.000000	0.171065	0.657869
#P0.622473	0.781227	0.047025	1.000000	0.170577	0.658847
#P-0.370415	-0.342083	-0.863581	1.000000	0.170088	0.659824
#P-0.574973	-0.249449	-0.779218	1.000000	0.169599	0.660802
#P0.395024	-0.137169	0.908373	1.000000	0.169110	0.661779
#P-0.091717	-0.000499	0.995785	1.000000	0.168622	0.662757
#P-0.870681	-0.273589	0.408735	1.000000	0.168133	0.663734
#P-0.332774	0.274101	-0.902292	1.000000	0.167644	0.664712
#P0.830267	-0.368365	0.418287	1.000000	0.167155	0.665689
#P-0.747597	-0.057397	-0.661668	1.000000	0.166667	0.666667
#P0.874807	-0.187756	-0.446611	1.000000	0.166178	0.667644
#P0.853218	-0.139958	0.502424	1.000000	0.165689	0.668622
#P-0.738636	-0.488065	0.464983	1.000000	0.165200	0.669599
#P0.552489	-0.403361	0.729422	1.000000	0.164712	0.670577
#P-0.305584	-0.277102	0.910951	1.000000	0.164223	0.671554
#P0.079075	0.551223	-0.830602	1.000000	0.163734	0.672532
#P0.627393	0.625233	0.464178	1.000000	0.163245	0.673509
#P0.025079	-0.313024	0.949414	1.000000	0.162757	0.674487
#P-0.227573	-0.168775	-0.959023	1.000000	0.162268	0.675464
#P0.509967	-0.263700	0.818777	1.000000	0.161779	0.676442
#P0.955509	-0.286262	-0.071107	1.000000	0.161290	0.677419
#P0.489206	-0.452410	0.745656	1.000000	0.160802	0.678397
#P0.807535	0.587851	-0.048152	1.000000	0.160313	0.679374
#P-0.269307	-0.534081	0.801393	1.000000	0.159824	0.680352
#P-0.531827	0.115816	0.838896	1.000000	0.159335	0.681329
#P-0.189507	0.080993	0.978533	1.000000	0.158847	0.682307
#P-0.740624	-0.671904	-0.004576	1.000000	0.158358	0.683284
#P0.031758	-0.049873	-0.998251	1.000000	0.157869	0.684262
#P-0.999110	-0.041481	-0.007669	1.000000	0.157380	0.685239
#P0.995469	-0.040480	-0.086037	1.000000	0.156891	0.686217
#P0.204418	-0.872150	0.444486	1.000000	0.156403	0.687195
#P-0.768367	-0.489279	0.412575	1.000000	0.155914	0.688172
#P-0.041111	-0.854665	0.517549	1.000000	0.155425	0.689150
#P0.323737	0.691751	0.645504	1.000000	0.154936	0.690127
#P-0.724214	0.595690	-0.347373	1.000000	0.154448	0.691105
#P0.146613	-0.977613	0.150922	1.000000	0.153959	0.692082
#P0.015208	-0.006019	-0.999866	1.000000	0.153470	0.693060
#P-0.812332	0.583073	0.011893	1.000000	0.152981	0.694037
#P-0.097326	-0.383472	-0.918410	1.000000	0.152493	0.695015
#P0.162391	-0.132078	-0.977847	1.000000	0.152004	0.695992
#P0.521444	0.070672	-0.850354	1.000000	0.151515	0.696970
#P0.535785	-0.827157	0.169549	1.000000	0.151026	0.697947
#P-0.005563	0.121494	0.992577	1.000000	0.150538	0.698925
#P-0.424917	-0.619024	0.660496	1.000000	0.150049	0.699902
#P-0.559330	-0.565005	-0.606563	1.000000	0.149560	0.700880
#P-0.325542	0.317366	0.890675	1.000000	0.149071	0.701857
#P0.082297	0.099838	-0.991594	1.000000	0.148583	0.702835
#P0.155341	0.376912	-0.913130	1.000000	0.148094	0.703812
#P-0.902033	-0.261989	-0.343072	1.000000	0.147605	0.704790
#P0.155269	0.123121	-0.980170	1.000000	0.147116	0.705767
#P0.305123	-0.451863	-0.838284	1.000000	0.146628	0.706745
#P-0.241218	0.076110	-0.967482	1.000000	0.146139	0.707722
#P-0.150748	0.050392	-0.987287	1.000000	0.145650	0.708700
#P0.098749	0.047916	0.993958	1.000000	0.145161	0.709677
#P0.819183	-0.444900	0.361945	1.000000	0.144673	0.710655
#P-0.318473	-0.404716	0.857193	1.000000	0.144184	0.711632
#P-0.507810	0.560142	0.654499	1.000000	0.143695	0.712610
#P0.446708	0.638698	0.626512	1.000000	0.143206	0.713587
#P-0.336168	-0.711585	0.616959	1.000000	0.142717	0.714565
#P0.341512	0.929853	-0.136906	1.000000	0.142229	0.715543
#P-0.089988	-0.658324	0.747337	1.000000	0.141740	0.716520
#P-0.003933	0.004786	0.999981	1.000000	0.141251	0.717498
#P-0.424920	-0.021231	0.904982	1.000000	0.140762	0.718475
#P-0.096054	-0.025178	0.995058	1.000000	0.140274	0.719453
#P-0.029795	-0.334571	0.941899	1.000000	0.139785	0.720430
#P0.477559	0.804597	-0.352931	1.000000	0.139296	0.721408
#P-0.506035	0.283129	0.814719	1.000000	0.138807	0.722385
#P-0.456702	0.016604	0.889465	1.000000	0.138319	0.723363
#P0.127007	-0.460031	0.878772	1.000000	0.137830	0.724340
#P-0.302561	0.890082	-0.340897	1.000000	0.137341	0.725318
#P-0.049798	-0.986766	-0.154317	1.000000	0.136852	0.726295
#P0.643193	-0.674985	0.361522	1.000000	0.136364	0.727273
#P0.683088	0.668664	-0.293734	1.000000	0.135875	0.728250
#P0.489727	-0.859314	0.147467	1.000000	0.135386	0.729228
#P-0.472259	0.679007	-0.562068	1.000000	0.134897	0.730205
#P0.327283	-0.675057	-0.661199	1.000000	0.134409	0.731183
#P-0.229188	0.787070	0.572708	1.000000	0.133920	0.732160
#P0.125060	0.413692	0.901787	1.000000	0.133431	0.733138
#P0.312545	-0.035520	-0.949239	1.000000	0.132942	0.734115
#P0.100220	-0.315240	0.943705	1.000000	0.132454	0.735093
#P0.660273	0.636403	-0.398787	1.000000	0.131965	0.736070
#P0.063568	0.075870	-0.995089	1.000000	0.131476	0.737048
#P0.020160	-0.950442	-0.310249	1.000000	0.130987	0.738025
#P-0.399582	0.050446	0.915309	1.000000	0.130499	0.739003
#P0.818054	0.419303	-0.393666	1.000000	0.130010	0.739980
#P-0.382012	0.085587	0.920186	1.000000	0.129521	0.740958
#P-0.211941	0.080799	-0.973937	1.000000	0.129032	0.741935
#P-0.043993	-0.327909	-0.943684	1.000000	0.128543	0.742913
#P0.093566	0.003293	0.995608	1.000000	0.128055	0.743891
#P-0.733420	-0.594497	-0.329650	1.000000	0.127566	0.744868
#P0.800532	0.242299	-0.548123	1.000000	0.127077	0.745846
#P-0.054566	-0.108763	0.992569	1.000000	0.126588	0.746823
#P0.789831	-0.528431	-0.311333	1.000000	0.126100	0.747801
#P0.016419	0.667841	0.744123	1.000000	0.125611	0.748778
#P-0.570019	-0.000136	-0.821631	1.000000	0.125122	0.749756
#P-0.326391	-0.380934	0.865077	1.000000	0.124633	0.750733
#P-0.079976	-0.803391	0.590056	1.000000	0.124145	0.751711
#P-0.115301	0.179061	0.977058	1.000000	0.123656	0.752688
#P-0.471112	-0.103301	0.876004	1.000000	0.123167	0.753666
#P-0.769488	0.636872	0.047775	1.000000	0.122678	0.754643
#P-0.407713	-0.376023	-0.832092	1.000000	0.122190	0.755621
#P0.134065	-0.828019	-0.544437	1.000000	0.121701	0.756598
#P0.722045	0.691468	0.022869	1.000000	0.121212	0.757576
#P-0.425828	-0.056723	0.903024	1.000000	0.120723	0.758553
#P0.104054	0.990367	-0.091353	1.000000	0.120235	0.759531
#P0.026044	0.285683	-0.957970	1.000000	0.119746	0.760508
#P0.888161	0.411934	0.203668	1.000000	0.119257	0.761486
#P0.392404	0.533850	0.749015	1.000000	0.118768	0.762463
#P-0.164427	-0.982100	0.091883	1.000000	0.118280	0.763441
#P0.698738	0.088609	0.709869	1.000000	0.117791	0.764418
#P0.475318	-0.296365	-0.828397	1.000000	0.117302	0.765396
#P0.326561	0.545025	0.772208	1.000000	0.116813	0.766373
#P-0.296691	0.731302	0.614144	1.000000	0.116325	0.767351
#P0.282564	0.840530	-0.462241	1.000000	0.115836	0.768328
#P0.046746	-0.607821	0.792697	1.000000	0.115347	0.769306
#P0.597776	0.258100	0.758979	1.000000	0.114858	0.770283
#P0.085582	-0.835200	0.543247	1.000000	0.114370	0.771261
#P0.220845	-0.177077	0.959099	1.000000	0.113881	0.772239
#P-0.474462	-0.783275	0.401703	1.000000	0.113392	0.773216
#P0.020823	-0.013535	0.999692	1.000000	0.112903	0.774194
#P0.008624	-0.382286	-0.924004	1.000000	0.112414	0.775171
#P0.368263	0.203333	-0.907214	1.000000	0.111926	0.776149
#P0.562560	-0.155241	0.812050	1.000000	0.111437	0.777126
#P-0.101499	0.818635	-0.565274	1.000000	0.110948	0.778104
#P0.205416	0.978566	0.014625	1.000000	0.110459	0.779081
#P0.138156	-0.710615	0.689884	1.000000	0.109971	0.780059
#P-0.775179	0.628792	-0.060982	1.000000	0.109482	0.781036
#P0.163054	0.026578	-0.986259	1.000000	0.108993	0.782014
#P-0.072446	-0.323778	0.943355	1.000000	0.108504	0.782991
#P0.698069	-0.332196	0.634307	1.000000	0.108016	0.783969
#P-0.781935	0.587456	-0.208503	1.000000	0.107527	0.784946
#P-0.583883	0.043101	0.810693	1.000000	0.107038	0.785924
#P0.282996	-0.205336	0.936883	1.000000	0.106549	0.786901
#P-0.302021	0.028929	-0.952862	1.000000	0.106061	0.787879
#P-0.419652	-0.172040	-0.891232	1.000000	0.105572	0.788856
#P-0.239899	-0.909210	-0.340274	1.000000	0.105083	0.789834
#P-0.008273	-0.020006	0.999766	1.000000	0.104594	0.790811
#P0.324409	-0.399871	-0.857241	1.000000	0.104106	0.791789
#P0.587901	-0.274434	0.760959	1.000000	0.103617	0.792766
#P-0.003789	0.061501	0.998100	1.000000	0.103128	0.793744
#P0.191029	-0.400595	-0.896120	1.000000	0.102639	0.794721
#P0.337770	0.003312	-0.941223	1.000000	0.102151	0.795699
#P-0.114649	-0.894286	-0.432560	1.000000	0.101662	0.796676
#P-0.374816	-0.820503	-0.431609	1.000000	0.101173	0.797654
#P-0.011833	-0.002644	0.999926	1.000000	0.100684	0.798631
#P0.408792	-0.010475	-0.912567	1.000000	0.100196	0.799609
#P0.664999	-0.114189	0.738063	1.000000	0.099707	0.800587
#P-0.216130	-0.195814	0.956527	1.000000	0.099218	0.801564
#P0.657353	0.252578	0.709994	1.000000	0.098729	0.802542
#P0.058763	-0.418042	-0.906525	1.000000	0.098240	0.803519
#P-0.348458	0.923812	0.158581	1.000000	0.097752	0.804497
#P0.885152	0.461611	-0.058491	1.000000	0.097263	0.805474
#P-0.523467	0.799812	-0.293740	1.000000	0.096774	0.806452
#P-0.900039	0.433500	0.044799	1.000000	0.096285	0.807429
#P-0.390071	0.578787	-0.716136	1.000000	0.095797	0.808407
#P-0.016563	-0.004801	0.999851	1.000000	0.095308	0.809384
#P-0.451818	-0.573421	0.683409	1.000000	0.094819	0.810362
#P-0.241484	-0.436840	0.866520	1.000000	0.094330	0.811339
#P0.377287	-0.125408	-0.917566	1.000000	0.093842	0.812317
#P0.769996	0.615671	-0.167497	1.000000	0.093353	0.813294
#P-0.200307	-0.480298	-0.853927	1.000000	0.092864	0.814272
#P0.045568	-0.062103	-0.997029	1.000000	0.092375	0.815249
#P0.993970	0.107732	-0.020409	1.000000	0.091887	0.816227
#P-0.232988	0.793281	-0.562515	1.000000	0.091398	0.817204
#P-0.714736	0.595923	-0.366099	1.000000	0.090909	0.818182
#P0.785585	-0.260962	-0.561031	1.000000	0.090420	0.819159
#P-0.066142	-0.049437	0.996585	1.000000	0.089932	0.820137
#P0.610704	-0.439639	0.658603	1.000000	0.089443	0.821114
#P-0.537871	0.047324	0.841698	1.000000	0.088954	0.822092
#P-0.027242	0.968896	0.245963	1.000000	0.088465	0.823069
#P-0.017619	0.007167	-0.999819	1.000000	0.087977	0.824047
#P-0.408091	-0.533166	0.741077	1.000000	0.087488	0.825024
#P-0.001914	0.419073	0.907951	1.000000	0.086999	0.826002
#P-0.947893	0.204709	0.244115	1.000000	0.086510	0.826979
#P0.530845	0.200062	0.823516	1.000000	0.086022	0.827957
#P-0.281298	-0.143313	0.948859	1.000000	0.085533	0.828935
#P-0.730180	0.487435	0.478794	1.000000	0.085044	0.829912
#P-0.976430	0.001180	0.215831	1.000000	0.084555	0.830890
#P0.095776	-0.838404	-0.536569	1.000000	0.084066	0.831867
#P0.992459	0.020398	0.120864	1.000000	0.083578	0.832845
#P-0.814769	0.149592	0.560155	1.000000	0.083089	0.833822
#P-0.242345	0.881840	-0.404508	1.000000	0.082600	0.834800
#P-0.540782	-0.769480	0.339788	1.000000	0.082111	0.835777
#P0.534651	0.435250	-0.724366	1.000000	0.081623	0.836755
#P0.381463	0.920857	0.080677	1.000000	0.081134	0.837732
#P-0.092036	-0.966209	0.240769	1.000000	0.080645	0.838710
#P-0.174083	-0.883406	-0.435073	1.000000	0.080156	0.839687
#P-0.315742	0.926109	-0.206468	1.000000	0.079668	0.840665
#P0.113038	0.185706	0.976082	1.000000	0.079179	0.841642
#P-0.627963	-0.749521	0.209478	1.000000	0.078690	0.842620
#P-0.412317	0.904617	0.107997	1.000000	0.078201	0.843597
#P0.261057	0.911391	-0.318143	1.000000	0.077713	0.844575
#P0.916570	0.181861	-0.356126	1.000000	0.077224	0.845552
#P-0.921276	0.381013	0.077966	1.000000	0.076735	0.846530
#P0.085633	0.016131	-0.996196	1.000000	0.076246	0.847507
#P-0.647743	-0.148761	0.747194	1.000000	0.075758	0.848485
#P0.276190	-0.366053	0.888664	1.000000	0.075269	0.849462
#P0.092302	-0.994644	-0.046514	1.000000	0.074780	0.850440
#P-0.129824	0.967977	0.214864	1.000000	0.074291	0.851417
#P0.048509	-0.045482	-0.997787	1.000000	0.073803	0.852395
#P-0.001330	-0.028485	-0.999593	1.000000	0.073314	0.853372
#P0.966616	-0.109106	0.231838	1.000000	0.072825	0.854350
#P0.303078	-0.451397	-0.839276	1.000000	0.072336	0.855327
#P-0.673766	0.536128	-0.508534	1.000000	0.071848	0.856305
#P0.718615	0.686413	-0.111490	1.000000	0.071359	0.857283
#P0.511759	0.273018	0.814594	1.000000	0.070870	0.858260
#P-0.713441	0.394624	0.579028	1.000000	0.070381	0.859238
#P-0.627215	-0.076522	-0.775078	1.000000	0.069892	0.860215
#P-0.011322	-0.192074	-0.981315	1.000000	0.069404	0.861193
#P-0.036284	0.573195	0.818615	1.000000	0.068915	0.862170
#P-0.056759	0.076213	0.995475	1.000000	0.068426	0.863148
#P-0.426816	-0.112252	0.897345	1.000000	0.067937	0.864125
#P0.711917	-0.392657	0.582232	1.000000	0.067449	0.865103
#P-0.039370	0.747190	-0.663444	1.000000	0.066960	0.866080
#P0.801213	0.326287	0.501593	1.000000	0.066471	0.867058
#P0.990532	-0.131911	0.038032	1.000000	0.065982	0.868035
#P-0.023625	0.028777	-0.999307	1.000000	0.065494	0.869013
#P0.671396	-0.053865	-0.739139	1.000000	0.065005	0.869990
#P-0.598596	0.782298	0.172313	1.000000	0.064516	0.870968
#P-0.054056	0.069738	0.996100	1.000000	0.064027	0.871945
#P0.797725	0.364206	-0.480613	1.000000	0.063539	0.872923
#P0.534337	0.700445	-0.473139	1.000000	0.063050	0.873900
#P0.457252	0.206233	0.865095	1.000000	0.062561	0.874878
#P0.250392	-0.226956	0.941167	1.000000	0.062072	0.875855
#P0.417418	-0.566487	0.710531	1.000000	0.061584	0.876833
#P-0.547016	0.335536	-0.766935	1.000000	0.061095	0.877810
#P0.078776	0.993139	-0.086426	1.000000	0.060606	0.878788
#P-0.977461	-0.118115	0.174983	1.000000	0.060117	0.879765
#P-0.462822	-0.882141	-0.087303	1.000000	0.059629	0.880743
#P-0.107468	0.452970	0.885025	1.000000	0.059140	0.881720
#P-0.553556	0.694915	-0.458987	1.000000	0.058651	0.882698
#P-0.928109	-0.232237	-0.290998	1.000000	0.058162	0.883675
#P0.291208	-0.323644	0.900251	1.000000	0.057674	0.884653
#P-0.308135	-0.388178	-0.868545	1.000000	0.057185	0.885630
#P0.269428	0.031141	-0.962517	1.000000	0.056696	0.886608
#P-0.354184	0.880285	-0.315677	1.000000	0.056207	0.887586
#P-0.794069	0.041308	-0.606422	1.000000	0.055718	0.888563
#P0.580062	-0.087841	0.809822	1.000000	0.055230	0.889541
#P-0.197086	0.022783	0.980121	1.000000	0.054741	0.890518
#P0.603761	0.796252	0.038145	1.000000	0.054252	0.891496
#P0.604628	-0.706248	0.368291	1.000000	0.053763	0.892473
#P-0.359398	-0.724444	-0.588230	1.000000	0.053275	0.893451
#P0.355841	-0.307794	-0.882406	1.000000	0.052786	0.894428
#P0.915143	-0.288281	0.281793	1.000000	0.052297	0.895406
#P0.252461	0.665317	0.702579	1.000000	0.051808	0.896383
#P0.218968	0.215535	-0.951629	1.000000	0.051320	0.897361
#P0.042749	0.674078	0.737422	1.000000	0.050831	0.898338
#P0.273718	-0.444605	0.852880	1.000000	0.050342	0.899316
#P0.489732	-0.457677	-0.742088	1.000000	0.049853	0.900293
#P0.195033	0.134362	-0.971550	1.000000	0.049365	0.901271
#P0.351890	0.424501	-0.834250	1.000000	0.048876	0.902248
#P0.394827	-0.900140	-0.184007	1.000000	0.048387	0.903226
#P-0.932343	0.327674	-0.152859	1.000000	0.047898	0.904203
#P0.971757	-0.232021	0.043064	1.000000	0.047410	0.905181
#P-0.119008	-0.050008	0.991633	1.000000	0.046921	0.906158
#P0.867333	0.487139	-0.102121	1.000000	0.046432	0.907136
#P-0.448789	0.444248	-0.775391	1.000000	0.045943	0.908113
#P-0.149919	-0.945357	-0.289526	1.000000	0.045455	0.909091
#P0.247985	0.085452	-0.964988	1.000000	0.044966	0.910068
#P0.281605	0.384982	0.878913	1.000000	0.044477	0.911046
#P0.107935	-0.045324	0.993124	1.000000	0.043988	0.912023
#P0.726899	0.264213	-0.633884	1.000000	0.043500	0.913001
#P0.919704	0.391171	-0.033622	1.000000	0.043011	0.913978
#P0.278885	0.916091	0.288099	1.000000	0.042522	0.914956
#P0.023917	-0.181327	0.983132	1.000000	0.042033	0.915934
#P-0.033115	-0.009982	0.999402	1.000000	0.041544	0.916911
#P0.156793	0.144910	0.976943	1.000000	0.041056	0.917889
#P0.162507	0.084759	0.983060	1.000000	0.040567	0.918866
#P-0.336900	0.035589	0.940868	1.000000	0.040078	0.919844
#P-0.071045	0.010599	-0.997417	1.000000	0.039589	0.920821
#P0.505768	-0.785153	0.357398	1.000000	0.039101	0.921799
#P-0.686242	-0.012840	0.727260	1.000000	0.038612	0.922776
#P0.057767	0.016340	0.998196	1.000000	0.038123	0.923754
#P0.646324	-0.636267	0.421225	1.000000	0.037634	0.924731
#P-0.786952	-0.562898	0.252692	1.000000	0.037146	0.925709
#P0.415233	-0.335605	-0.845548	1.000000	0.036657	0.926686
#P0.000285	0.185961	-0.982557	1.000000	0.036168	0.927664
#P0.502067	0.667352	0.550063	1.000000	0.035679	0.928641
#P0.955587	-0.260675	-0.137480	1.000000	0.035191	0.929619
#P0.553911	0.666637	0.498775	1.000000	0.034702	0.930596
#P-0.053911	-0.314663	-0.947671	1.000000	0.034213	0.931574
#P0.611005	-0.656884	-0.441787	1.000000	0.033724	0.932551
#P0.698965	-0.708746	-0.095534	1.000000	0.033236	0.933529
#P0.890188	0.221295	0.398239	1.000000	0.032747	0.934506
#P-0.023063	0.651109	0.758633	1.000000	0.032258	0.935484
#P0.448677	-0.114021	0.886391	1.000000	0.031769	0.936461
#P0.116903	-0.241650	-0.963296	1.000000	0.031281	0.937439
#P0.145621	0.008667	0.989302	1.000000	0.030792	0.938416
#P-0.639171	-0.052384	0.767278	1.000000	0.030303	0.939394
#P-0.077662	-0.939939	-0.332391	1.000000	0.029814	0.940371
#P0.047060	0.650869	0.757730	1.000000	0.029326	0.941349
#P0.417532	0.883767	-0.211241	1.000000	0.028837	0.942326
#P-0.343404	-0.422358	0.838861	1.000000	0.028348	0.943304
#P-0.283910	-0.923323	0.258590	1.000000	0.027859	0.944282
#P0.140602	-0.526883	0.838227	1.000000	0.027370	0.945259
#P-0.363565	0.838221	-0.406454	1.000000	0.026882	0.946237
#P0.602496	-0.206227	-0.771018	1.000000	0.026393	0.947214
#P-0.457803	0.675320	-0.578239	1.000000	0.025904	0.948192
#P0.046909	-0.111804	0.992622	1.000000	0.025415	0.949169
#P-0.545784	0.434309	0.716586	1.000000	0.024927	0.950147
#P0.909421	0.397178	-0.123303	1.000000	0.024438	0.951124
#P0.480985	-0.154635	-0.862984	1.000000	0.023949	0.952102
#P-0.928917	0.351473	0.116533	1.000000	0.023460	0.953079
#P-0.803092	0.399198	-0.442363	1.000000	0.022972	0.954057
#P0.106155	0.030618	-0.993878	1.000000	0.022483	0.955034
#P-0.467257	-0.588097	-0.660161	1.000000	0.021994	0.956012
#P0.136064	-0.248694	-0.958978	1.000000	0.021505	0.956989
#P0.624693	-0.603319	0.495747	1.000000	0.021017	0.957967
#P0.427468	0.876954	-0.219598	1.000000	0.020528	0.958944
#P0.107741	0.019603	-0.993986	1.000000	0.020039	0.959922
#P0.101190	-0.051772	-0.993519	1.000000	0.019550	0.960899
#P-0.958492	-0.008211	-0.285001	1.000000	0.019062	0.961877
#P0.776670	-0.462260	-0.427900	1.000000	0.018573	0.962854
#P-0.073440	0.040997	0.996457	1.000000	0.018084	0.963832
#P0.916282	0.400412	0.009897	1.000000	0.017595	0.964809
#P-0.964423	-0.203939	-0.168220	1.000000	0.017107	0.965787
#P-0.643145	0.298910	-0.704994	1.000000	0.016618	0.966764
#P0.035660	0.789735	0.612411	1.000000	0.016129	0.967742
#P-0.897294	-0.273047	0.346856	1.000000	0.015640	0.968719
#P0.514586	0.857403	0.007861	1.000000	0.015152	0.969697
#P-0.532743	0.826795	0.180542	1.000000	0.014663	0.970674
#P-0.475607	0.659423	0.582202	1.000000	0.014174	0.971652
#P-0.125100	-0.186553	-0.974448	1.000000	0.013685	0.972630
#P-0.014005	-0.018306	0.999734	1.000000	0.013196	0.973607
#P0.313834	-0.780640	0.540472	1.000000	0.012708	0.974585
#P0.083191	0.694739	-0.714435	1.000000	0.012219	0.975562
#P-0.050863	0.011889	-0.998635	1.000000	0.011730	0.976540
#P0.236435	-0.945871	0.222322	1.000000	0.011241	0.977517
#P0.281723	-0.073848	0.956650	1.000000	0.010753	0.978495
#P0.000211	-0.017731	0.999843	1.000000	0.010264	0.979472
#P-0.309940	-0.256902	-0.915390	1.000000	0.009775	0.980450
#P-0.389716	0.908985	0.147876	1.000000	0.009286	0.981427
#P-0.441354	-0.893477	0.083096	1.000000	0.008798	0.982405
#P-0.949635	0.249120	0.190086	1.000000	0.008309	0.983382
#P-0.023974	-0.883463	0.467887	1.000000	0.007820	0.984360
#P0.363236	0.775016	-0.517116	1.000000	0.007331	0.985337
#P0.046727	-0.041499	0.998045	1.000000	0.006843	0.986315
#P0.951095	-0.262635	-0.162609	1.000000	0.006354	0.987292
#P0.296010	-0.777906	0.554292	1.000000	0.005865	0.988270
#P-0.592065	0.753162	0.286716	1.000000	0.005376	0.989247
#P-0.235902	0.585622	-0.775498	1.000000	0.004888	0.990225
#P-0.890635	-0.454515	0.013637	1.000000	0.004399	0.991202
#P0.149433	0.981020	-0.123574	1.000000	0.003910	0.992180
#P0.658557	-0.453549	0.600496	1.000000	0.003421	0.993157
#P0.000571	0.984916	-0.173030	1.000000	0.002933	0.994135
#P-0.127735	-0.395604	-0.909495	1.000000	0.002444	0.995112
#P-0.398276	0.832328	0.385495	1.000000	0.001955	0.996090
#P0.747547	0.439230	0.498248	1.000000	0.001466	0.997067
#P-0.456008	0.061315	0.887861	1.000000	0.000978	0.998045
#P-0.403357	0.059858	-0.913083	1.000000	0.000489	0.999022
#P0.033349	-0.017643	-0.999288	1.000000	0.000000	1.000000
