#N1024
#P0.000000	-1.000000	0.000000	1.000000	0.000000	0.500000
#P0.033333	-1.000000	0.000000	1.000000	0.000000	0.500000
#P0.066667	-1.000000	0.000000	1.000000	0.000000	0.500000
#P0.100000	-1.000000	0.000000	1.000000	0.000000	0.500000
#P0.133333	-1.000000	0.000000	1.000000	0.000000	0.500000
#P0.166667	-1.000000	0.000000	1.000000	0.000000	0.500000
#P0.200000	-1.000000	0.000000	1.000000	0.000000	0.500000
#P0.233333	-1.000000	0.000000	1.000000	0.000000	0.500000
#P0.266667	-1.000000	0.000000	1.000000	0.000000	0.500000
#P0.300000	-1.000000	0.000000	1.000000	0.000000	0.500000
#P0.333333	-1.000000	0.000000	1.000000	0.000000	0.500000
#P0.366667	-1.000000	0.000000	1.000000	0.000000	0.500000
#P0.400000	-1.000000	0.000000	1.000000	0.000000	0.500000
#P0.433333	-1.000000	0.000000	1.000000	0.000000	0.500000
#P0.466667	-1.000000	0.000000	1.000000	0.000000	0.500000
#P0.500000	-1.000000	0.000000	1.000000	0.000000	0.500000
#P0.000000	-0.968254	0.000000	1.000000	0.015873	0.507937
#P0.032672	-0.968254	0.006605	1.000000	0.015873	0.507937
#P0.065345	-0.968254	0.013210	1.000000	0.015873	0.507937
#P0.098017	-0.968254	0.019815	1.000000	0.015873	0.507937
#P0.130690	-0.968254	0.026419	1.000000	0.015873	0.507937
#P0.163362	-0.968254	0.033024	1.000000	0.015873	0.507937
#P0.196034	-0.968254	0.039629	1.000000	0.015873	0.507937
#P0.228707	-0.968254	0.046234	1.000000	0.015873	0.507937
#P0.261379	-0.968254	0.052839	1.000000	0.015873	0.507937
#P0.294052	-0.968254	0.059444	1.000000	0.015873	0.507937
#P0.326724	-0.968254	0.066049	1.000000	0.015873	0.507937
#P0.359397	-0.968254	0.072654	1.000000	0.015873	0.507937
#P0.392069	-0.968254	0.079258	1.000000	0.015873	0.507937
#P0.424741	-0.968254	0.085863	1.000000	0.015873	0.507937
#P0.457414	-0.968254	0.092468	1.000000	0.015873	0.507937
#P0.490086	-0.968254	0.099073	1.000000	0.015873	0.507937
#P0.000000	-0.936508	0.000000	1.000000	0.031746	0.515873
#P0.030716	-0.936508	0.012948	1.000000	0.031746	0.515873
#P0.061432	-0.936508	0.025896	1.000000	0.031746	0.515873
#P0.092148	-0.936508	0.038843	1.000000	0.031746	0.515873
#P0.122863	-0.936508	0.051791	1.000000	0.031746	0.515873
#P0.153579	-0.936508	0.064739	1.000000	0.031746	0.515873
#P0.184295	-0.936508	0.077687	1.000000	0.031746	0.515873
#P0.215011	-0.936508	0.090635	1.000000	0.031746	0.515873
#P0.245727	-0.936508	0.103583	1.000000	0.031746	0.515873
#P0.276443	-0.936508	0.116530	1.000000	0.031746	0.515873
#P0.307159	-0.936508	0.129478	1.000000	0.031746	0.515873
#P0.337875	-0.936508	0.142426	1.000000	0.031746	0.515873
#P0.368590	-0.936508	0.155374	1.000000	0.031746	0.515873
#P0.399306	-0.936508	0.168322	1.000000	0.031746	0.515873
#P0.430022	-0.936508	0.181270	1.000000	0.031746	0.515873
#P0.460738	-0.936508	0.194217	1.000000	0.031746	0.515873
#P0.000000	-0.904762	0.000000	1.000000	0.047619	0.523810
#P0.027541	-0.904762	0.018777	1.000000	0.047619	0.523810
#P0.055083	-0.904762	0.037555	1.000000	0.047619	0.523810
#P0.082624	-0.904762	0.056332	1.000000	0.047619	0.523810
#P0.110165	-0.904762	0.075109	1.000000	0.047619	0.523810
#P0.137706	-0.904762	0.093887	1.000000	0.047619	0.523810
#P0.165248	-0.904762	0.112664	1.000000	0.047619	0.523810
#P0.192789	-0.904762	0.131441	1.000000	0.047619	0.523810
#P0.220330	-0.904762	0.150219	1.000000	0.047619	0.523810
#P0.247872	-0.904762	0.168996	1.000000	0.047619	0.523810
#P0.275413	-0.904762	0.187773	1.000000	0.047619	0.523810
#P0.302954	-0.904762	0.206551	1.000000	0.047619	0.523810
#P0.330496	-0.904762	0.225328	1.000000	0.047619	0.523810
#P0.358037	-0.904762	0.244105	1.000000	0.047619	0.523810
#P0.385578	-0.904762	0.262883	1.000000	0.047619	0.523810
#P0.413119	-0.904762	0.281660	1.000000	0.047619	0.523810
#P0.000000	-0.873016	0.000000	1.000000	0.063492	0.531746
#P0.023275	-0.873016	0.023862	1.000000	0.063492	0.531746
#P0.046549	-0.873016	0.047724	1.000000	0.063492	0.531746
#P0.069824	-0.873016	0.071587	1.000000	0.063492	0.531746
#P0.093098	-0.873016	0.095449	1.000000	0.063492	0.531746
#P0.116373	-0.873016	0.119311	1.000000	0.063492	0.531746
#P0.139647	-0.873016	0.143173	1.000000	0.063492	0.531746
#P0.162922	-0.873016	0.167036	1.000000	0.063492	0.531746
#P0.186196	-0.873016	0.190898	1.000000	0.063492	0.531746
#P0.209471	-0.873016	0.214760	1.000000	0.063492	0.531746
#P0.232746	-0.873016	0.238622	1.000000	0.063492	0.531746
#P0.256020	-0.873016	0.262485	1.000000	0.063492	0.531746
#P0.279295	-0.873016	0.286347	1.000000	0.063492	0.531746
#P0.302569	-0.873016	0.310209	1.000000	0.063492	0.531746
#P0.325844	-0.873016	0.334071	1.000000	0.063492	0.531746
#P0.349118	-0.873016	0.357933	1.000000	0.063492	0.531746
#P0.000000	-0.841270	0.000000	1.000000	0.079365	0.539683
#P0.018085	-0.841270	0.028001	1.000000	0.079365	0.539683
#P0.036170	-0.841270	0.056002	1.000000	0.079365	0.539683
#P0.054255	-0.841270	0.084003	1.000000	0.079365	0.539683
#P0.072340	-0.841270	0.112003	1.000000	0.079365	0.539683
#P0.090424	-0.841270	0.140004	1.000000	0.079365	0.539683
#P0.108509	-0.841270	0.168005	1.000000	0.079365	0.539683
#P0.126594	-0.841270	0.196006	1.000000	0.079365	0.539683
#P0.144679	-0.841270	0.224007	1.000000	0.079365	0.539683
#P0.162764	-0.841270	0.252008	1.000000	0.079365	0.539683
#P0.180849	-0.841270	0.280009	1.000000	0.079365	0.539683
#P0.198934	-0.841270	0.308010	1.000000	0.079365	0.539683
#P0.217019	-0.841270	0.336010	1.000000	0.079365	0.539683
#P0.235103	-0.841270	0.364011	1.000000	0.079365	0.539683
#P0.253188	-0.841270	0.392012	1.000000	0.079365	0.539683
#P0.271273	-0.841270	0.420013	1.000000	0.079365	0.539683
#P0.000000	-0.809524	0.000000	1.000000	0.095238	0.547619
#P0.012178	-0.809524	0.031029	1.000000	0.095238	0.547619
#P0.024356	-0.809524	0.062058	1.000000	0.095238	0.547619
#P0.036534	-0.809524	0.093087	1.000000	0.095238	0.547619
#P0.048712	-0.809524	0.124116	1.000000	0.095238	0.547619
#P0.060890	-0.809524	0.155146	1.000000	0.095238	0.547619
#P0.073068	-0.809524	0.186175	1.000000	0.095238	0.547619
#P0.085246	-0.809524	0.217204	1.000000	0.095238	0.547619
#P0.097424	-0.809524	0.248233	1.000000	0.095238	0.547619
#P0.109602	-0.809524	0.279262	1.000000	0.095238	0.547619
#P0.121780	-0.809524	0.310291	1.000000	0.095238	0.547619
#P0.133958	-0.809524	0.341320	1.000000	0.095238	0.547619
#P0.146136	-0.809524	0.372349	1.000000	0.095238	0.547619
#P0.158314	-0.809524	0.403379	1.000000	0.095238	0.547619
#P0.170492	-0.809524	0.434408	1.000000	0.095238	0.547619
#P0.182671	-0.809524	0.465437	1.000000	0.095238	0.547619
#P0.000000	-0.777778	0.000000	1.000000	0.111111	0.555556
#P0.005788	-0.777778	0.032827	1.000000	0.111111	0.555556
#P0.011577	-0.777778	0.065654	1.000000	0.111111	0.555556
#P0.017365	-0.777778	0.098481	1.000000	0.111111	0.555556
#P0.023153	-0.777778	0.131308	1.000000	0.111111	0.555556
#P0.028941	-0.777778	0.164135	1.000000	0.111111	0.555556
#P0.034730	-0.777778	0.196962	1.000000	0.111111	0.555556
#P0.040518	-0.777778	0.229788	1.000000	0.111111	0.555556
#P0.046306	-0.777778	0.262615	1.000000	0.111111	0.555556
#P0.052094	-0.777778	0.295442	1.000000	0.111111	0.555556
#P0.057883	-0.777778	0.328269	1.000000	0.111111	0.555556
#P0.063671	-0.777778	0.361096	1.000000	0.111111	0.555556
#P0.069459	-0.777778	0.393923	1.000000	0.111111	0.555556
#P0.075248	-0.777778	0.426750	1.000000	0.111111	0.555556
#P0.081036	-0.777778	0.459577	1.000000	0.111111	0.555556
#P0.086824	-0.777778	0.492404	1.000000	0.111111	0.555556
#P0.000000	-0.746032	0.000000	1.000000	0.126984	0.563492
#P-0.000831	-0.746032	0.033323	1.000000	0.126984	0.563492
#P-0.001662	-0.746032	0.066646	1.000000	0.126984	0.563492
#P-0.002493	-0.746032	0.099969	1.000000	0.126984	0.563492
#P-0.003324	-0.746032	0.133292	1.000000	0.126984	0.563492
#P-0.004155	-0.746032	0.166615	1.000000	0.126984	0.563492
#P-0.004986	-0.746032	0.199938	1.000000	0.126984	0.563492
#P-0.005817	-0.746032	0.233261	1.000000	0.126984	0.563492
#P-0.006648	-0.746032	0.266584	1.000000	0.126984	0.563492
#P-0.007479	-0.746032	0.299907	1.000000	0.126984	0.563492
#P-0.008310	-0.746032	0.333230	1.000000	0.126984	0.563492
#P-0.009141	-0.746032	0.366553	1.000000	0.126984	0.563492
#P-0.009972	-0.746032	0.399876	1.000000	0.126984	0.563492
#P-0.010803	-0.746032	0.433199	1.000000	0.126984	0.563492
#P-0.011634	-0.746032	0.466522	1.000000	0.126984	0.563492
#P-0.012465	-0.746032	0.499845	1.000000	0.126984	0.563492
#P0.000000	-0.714286	0.000000	1.000000	0.142857	0.571429
#P-0.007417	-0.714286	0.032498	1.000000	0.142857	0.571429
#P-0.014835	-0.714286	0.064995	1.000000	0.142857	0.571429
#P-0.022252	-0.714286	0.097493	1.000000	0.142857	0.571429
#P-0.029669	-0.714286	0.129990	1.000000	0.142857	0.571429
#P-0.037087	-0.714286	0.162488	1.000000	0.142857	0.571429
#P-0.044504	-0.714286	0.194986	1.000000	0.142857	0.571429
#P-0.051922	-0.714286	0.227483	1.000000	0.142857	0.571429
#P-0.059339	-0.714286	0.259981	1.000000	0.142857	0.571429
#P-0.066756	-0.714286	0.292478	1.000000	0.142857	0.571429
#P-0.074174	-0.714286	0.324976	1.000000	0.142857	0.571429
#P-0.081591	-0.714286	0.357474	1.000000	0.142857	0.571429
#P-0.089008	-0.714286	0.389971	1.000000	0.142857	0.571429
#P-0.096426	-0.714286	0.422469	1.000000	0.142857	0.571429
#P-0.103843	-0.714286	0.454966	1.000000	0.142857	0.571429
#P-0.111260	-0.714286	0.487464	1.000000	0.142857	0.571429
#P0.000000	-0.682540	0.000000	1.000000	0.158730	0.579365
#P-0.013710	-0.682540	0.030384	1.000000	0.158730	0.579365
#P-0.027419	-0.682540	0.060767	1.000000	0.158730	0.579365
#P-0.041129	-0.682540	0.091151	1.000000	0.158730	0.579365
#P-0.054838	-0.682540	0.121534	1.000000	0.158730	0.579365
#P-0.068548	-0.682540	0.151918	1.000000	0.158730	0.579365
#P-0.082257	-0.682540	0.182301	1.000000	0.158730	0.579365
#P-0.095967	-0.682540	0.212685	1.000000	0.158730	0.579365
#P-0.109677	-0.682540	0.243068	1.000000	0.158730	0.579365
#P-0.123386	-0.682540	0.273452	1.000000	0.158730	0.579365
#P-0.137096	-0.682540	0.303835	1.000000	0.158730	0.579365
#P-0.150805	-0.682540	0.334219	1.000000	0.158730	0.579365
#P-0.164515	-0.682540	0.364602	1.000000	0.158730	0.579365
#P-0.178224	-0.682540	0.394986	1.000000	0.158730	0.579365
#P-0.191934	-0.682540	0.425369	1.000000	0.158730	0.579365
#P-0.205644	-0.682540	0.455753	1.000000	0.158730	0.579365
#P0.000000	-0.650794	0.000000	1.000000	0.174603	0.587302
#P-0.019458	-0.650794	0.027065	1.000000	0.174603	0.587302
#P-0.038916	-0.650794	0.054129	1.000000	0.174603	0.587302
#P-0.058374	-0.650794	0.081194	1.000000	0.174603	0.587302
#P-0.077832	-0.650794	0.108258	1.000000	0.174603	0.587302
#P-0.097291	-0.650794	0.135323	1.000000	0.174603	0.587302
#P-0.116749	-0.650794	0.162388	1.000000	0.174603	0.587302
#P-0.136207	-0.650794	0.189452	1.000000	0.174603	0.587302
#P-0.155665	-0.650794	0.216517	1.000000	0.174603	0.587302
#P-0.175123	-0.650794	0.243581	1.000000	0.174603	0.587302
#P-0.194581	-0.650794	0.270646	1.000000	0.174603	0.587302
#P-0.214039	-0.650794	0.297711	1.000000	0.174603	0.587302
#P-0.233497	-0.650794	0.324775	1.000000	0.174603	0.587302
#P-0.252956	-0.650794	0.351840	1.000000	0.174603	0.587302
#P-0.272414	-0.650794	0.378904	1.000000	0.174603	0.587302
#P-0.291872	-0.650794	0.405969	1.000000	0.174603	0.587302
#P0.000000	-0.619048	0.000000	1.000000	0.190476	0.595238
#P-0.024435	-0.619048	0.022672	1.000000	0.190476	0.595238
#P-0.048870	-0.619048	0.045345	1.000000	0.190476	0.595238
#P-0.073305	-0.619048	0.068017	1.000000	0.190476	0.595238
#P-0.097740	-0.619048	0.090690	1.000000	0.190476	0.595238
#P-0.122175	-0.619048	0.113362	1.000000	0.190476	0.595238
#P-0.146610	-0.619048	0.136035	1.000000	0.190476	0.595238
#P-0.171045	-0.619048	0.158707	1.000000	0.190476	0.595238
#P-0.195480	-0.619048	0.181379	1.000000	0.190476	0.595238
#P-0.219916	-0.619048	0.204052	1.000000	0.190476	0.595238
#P-0.244351	-0.619048	0.226724	1.000000	0.190476	0.595238
#P-0.268786	-0.619048	0.249397	1.000000	0.190476	0.595238
#P-0.293221	-0.619048	0.272069	1.000000	0.190476	0.595238
#P-0.317656	-0.619048	0.294742	1.000000	0.190476	0.595238
#P-0.342091	-0.619048	0.317414	1.000000	0.190476	0.595238
#P-0.366526	-0.619048	0.340086	1.000000	0.190476	0.595238
#P0.000000	-0.587302	0.000000	1.000000	0.206349	0.603175
#P-0.028443	-0.587302	0.017381	1.000000	0.206349	0.603175
#P-0.056886	-0.587302	0.034762	1.000000	0.206349	0.603175
#P-0.085329	-0.587302	0.052144	1.000000	0.206349	0.603175
#P-0.113772	-0.587302	0.069525	1.000000	0.206349	0.603175
#P-0.142215	-0.587302	0.086906	1.000000	0.206349	0.603175
#P-0.170658	-0.587302	0.104287	1.000000	0.206349	0.603175
#P-0.199101	-0.587302	0.121668	1.000000	0.206349	0.603175
#P-0.227544	-0.587302	0.139049	1.000000	0.206349	0.603175
#P-0.255987	-0.587302	0.156431	1.000000	0.206349	0.603175
#P-0.284430	-0.587302	0.173812	1.000000	0.206349	0.603175
#P-0.312873	-0.587302	0.191193	1.000000	0.206349	0.603175
#P-0.341316	-0.587302	0.208574	1.000000	0.206349	0.603175
#P-0.369759	-0.587302	0.225955	1.000000	0.206349	0.603175
#P-0.398202	-0.587302	0.243336	1.000000	0.206349	0.603175
#P-0.426645	-0.587302	0.260718	1.000000	0.206349	0.603175
#P0.000000	-0.555556	0.000000	1.000000	0.222222	0.611111
#P-0.031323	-0.555556	0.011401	1.000000	0.222222	0.611111
#P-0.062646	-0.555556	0.022801	1.000000	0.222222	0.611111
#P-0.093969	-0.555556	0.034202	1.000000	0.222222	0.611111
#P-0.125292	-0.555556	0.045603	1.000000	0.222222	0.611111
#P-0.156615	-0.555556	0.057003	1.000000	0.222222	0.611111
#P-0.187939	-0.555556	0.068404	1.000000	0.222222	0.611111
#P-0.219262	-0.555556	0.079805	1.000000	0.222222	0.611111
#P-0.250585	-0.555556	0.091205	1.000000	0.222222	0.611111
#P-0.281908	-0.555556	0.102606	1.000000	0.222222	0.611111
#P-0.313231	-0.555556	0.114007	1.000000	0.222222	0.611111
#P-0.344554	-0.555556	0.125407	1.000000	0.222222	0.611111
#P-0.375877	-0.555556	0.136808	1.000000	0.222222	0.611111
#P-0.407200	-0.555556	0.148209	1.000000	0.222222	0.611111
#P-0.438523	-0.555556	0.159609	1.000000	0.222222	0.611111
#P-0.469846	-0.555556	0.171010	1.000000	0.222222	0.611111
#P0.000000	-0.523810	0.000000	1.000000	0.238095	0.619048
#P-0.032961	-0.523810	0.004968	1.000000	0.238095	0.619048
#P-0.065922	-0.523810	0.009936	1.000000	0.238095	0.619048
#P-0.098883	-0.523810	0.014904	1.000000	0.238095	0.619048
#P-0.131844	-0.523810	0.019872	1.000000	0.238095	0.619048
#P-0.164805	-0.523810	0.024840	1.000000	0.238095	0.619048
#P-0.197766	-0.523810	0.029808	1.000000	0.238095	0.619048
#P-0.230727	-0.523810	0.034777	1.000000	0.238095	0.619048
#P-0.263688	-0.523810	0.039745	1.000000	0.238095	0.619048
#P-0.296649	-0.523810	0.044713	1.000000	0.238095	0.619048
#P-0.329610	-0.523810	0.049681	1.000000	0.238095	0.619048
#P-0.362571	-0.523810	0.054649	1.000000	0.238095	0.619048
#P-0.395532	-0.523810	0.059617	1.000000	0.238095	0.619048
#P-0.428493	-0.523810	0.064585	1.000000	0.238095	0.619048
#P-0.461454	-0.523810	0.069553	1.000000	0.238095	0.619048
#P-0.494415	-0.523810	0.074521	1.000000	0.238095	0.619048
#P0.000000	-0.492063	0.000000	1.000000	0.253968	0.626984
#P-0.033292	-0.492063	-0.001662	1.000000	0.253968	0.626984
#P-0.066584	-0.492063	-0.003323	1.000000	0.253968	0.626984
#P-0.099876	-0.492063	-0.004985	1.000000	0.253968	0.626984
#P-0.133168	-0.492063	-0.006646	1.000000	0.253968	0.626984
#P-0.166459	-0.492063	-0.008308	1.000000	0.253968	0.626984
#P-0.199751	-0.492063	-0.009969	1.000000	0.253968	0.626984
#P-0.233043	-0.492063	-0.011631	1.000000	0.253968	0.626984
#P-0.266335	-0.492063	-0.013292	1.000000	0.253968	0.626984
#P-0.299627	-0.492063	-0.014954	1.000000	0.253968	0.626984
#P-0.332919	-0.492063	-0.016615	1.000000	0.253968	0.626984
#P-0.366211	-0.492063	-0.018277	1.000000	0.253968	0.626984
#P-0.399503	-0.492063	-0.019938	1.000000	0.253968	0.626984
#P-0.432795	-0.492063	-0.021600	1.000000	0.253968	0.626984
#P-0.466087	-0.492063	-0.023261	1.000000	0.253968	0.626984
#P-0.499378	-0.492063	-0.024923	1.000000	0.253968	0.626984
#P0.000000	-0.460317	0.000000	1.000000	0.269841	0.634921
#P-0.032303	-0.460317	-0.008225	1.000000	0.269841	0.634921
#P-0.064605	-0.460317	-0.016450	1.000000	0.269841	0.634921
#P-0.096908	-0.460317	-0.024676	1.000000	0.269841	0.634921
#P-0.129210	-0.460317	-0.032901	1.000000	0.269841	0.634921
#P-0.161513	-0.460317	-0.041126	1.000000	0.269841	0.634921
#P-0.193815	-0.460317	-0.049351	1.000000	0.269841	0.634921
#P-0.226118	-0.460317	-0.057577	1.000000	0.269841	0.634921
#P-0.258421	-0.460317	-0.065802	1.000000	0.269841	0.634921
#P-0.290723	-0.460317	-0.074027	1.000000	0.269841	0.634921
#P-0.323026	-0.460317	-0.082252	1.000000	0.269841	0.634921
#P-0.355328	-0.460317	-0.090478	1.000000	0.269841	0.634921
#P-0.387631	-0.460317	-0.098703	1.000000	0.269841	0.634921
#P-0.419933	-0.460317	-0.106928	1.000000	0.269841	0.634921
#P-0.452236	-0.460317	-0.115153	1.000000	0.269841	0.634921
#P-0.484539	-0.460317	-0.123379	1.000000	0.269841	0.634921
#P0.000000	-0.428571	0.000000	1.000000	0.285714	0.642857
#P-0.030032	-0.428571	-0.014463	1.000000	0.285714	0.642857
#P-0.060065	-0.428571	-0.028926	1.000000	0.285714	0.642857
#P-0.090097	-0.428571	-0.043388	1.000000	0.285714	0.642857
#P-0.120129	-0.428571	-0.057851	1.000000	0.285714	0.642857
#P-0.150161	-0.428571	-0.072314	1.000000	0.285714	0.642857
#P-0.180194	-0.428571	-0.086777	1.000000	0.285714	0.642857
#P-0.210226	-0.428571	-0.101240	1.000000	0.285714	0.642857
#P-0.240258	-0.428571	-0.115702	1.000000	0.285714	0.642857
#P-0.270291	-0.428571	-0.130165	1.000000	0.285714	0.642857
#P-0.300323	-0.428571	-0.144628	1.000000	0.285714	0.642857
#P-0.330355	-0.428571	-0.159091	1.000000	0.285714	0.642857
#P-0.360388	-0.428571	-0.173553	1.000000	0.285714	0.642857
#P-0.390420	-0.428571	-0.188016	1.000000	0.285714	0.642857
#P-0.420452	-0.428571	-0.202479	1.000000	0.285714	0.642857
#P-0.450484	-0.428571	-0.216942	1.000000	0.285714	0.642857
#P0.000000	-0.396825	0.000000	1.000000	0.301587	0.650794
#P-0.026571	-0.396825	-0.020127	1.000000	0.301587	0.650794
#P-0.053142	-0.396825	-0.040254	1.000000	0.301587	0.650794
#P-0.079713	-0.396825	-0.060380	1.000000	0.301587	0.650794
#P-0.106284	-0.396825	-0.080507	1.000000	0.301587	0.650794
#P-0.132855	-0.396825	-0.100634	1.000000	0.301587	0.650794
#P-0.159427	-0.396825	-0.120761	1.000000	0.301587	0.650794
#P-0.185998	-0.396825	-0.140888	1.000000	0.301587	0.650794
#P-0.212569	-0.396825	-0.161015	1.000000	0.301587	0.650794
#P-0.239140	-0.396825	-0.181141	1.000000	0.301587	0.650794
#P-0.265711	-0.396825	-0.201268	1.000000	0.301587	0.650794
#P-0.292282	-0.396825	-0.221395	1.000000	0.301587	0.650794
#P-0.318853	-0.396825	-0.241522	1.000000	0.301587	0.650794
#P-0.345424	-0.396825	-0.261649	1.000000	0.301587	0.650794
#P-0.371995	-0.396825	-0.281775	1.000000	0.301587	0.650794
#P-0.398566	-0.396825	-0.301902	1.000000	0.301587	0.650794
#P0.000000	-0.365079	0.000000	1.000000	0.317460	0.658730
#P-0.022056	-0.365079	-0.024993	1.000000	0.317460	0.658730
#P-0.044112	-0.365079	-0.049985	1.000000	0.317460	0.658730
#P-0.066169	-0.365079	-0.074978	1.000000	0.317460	0.658730
#P-0.088225	-0.365079	-0.099971	1.000000	0.317460	0.658730
#P-0.110281	-0.365079	-0.124964	1.000000	0.317460	0.658730
#P-0.132337	-0.365079	-0.149956	1.000000	0.317460	0.658730
#P-0.154393	-0.365079	-0.174949	1.000000	0.317460	0.658730
#P-0.176450	-0.365079	-0.199942	1.000000	0.317460	0.658730
#P-0.198506	-0.365079	-0.224934	1.000000	0.317460	0.658730
#P-0.220562	-0.365079	-0.249927	1.000000	0.317460	0.658730
#P-0.242618	-0.365079	-0.274920	1.000000	0.317460	0.658730
#P-0.264674	-0.365079	-0.299912	1.000000	0.317460	0.658730
#P-0.286731	-0.365079	-0.324905	1.000000	0.317460	0.658730
#P-0.308787	-0.365079	-0.349898	1.000000	0.317460	0.658730
#P-0.330843	-0.365079	-0.374891	1.000000	0.317460	0.658730
#P0.000000	-0.333333	0.000000	1.000000	0.333333	0.666667
#P-0.016667	-0.333333	-0.028868	1.000000	0.333333	0.666667
#P-0.033333	-0.333333	-0.057735	1.000000	0.333333	0.666667
#P-0.050000	-0.333333	-0.086603	1.000000	0.333333	0.666667
#P-0.066667	-0.333333	-0.115470	1.000000	0.333333	0.666667
#P-0.083333	-0.333333	-0.144338	1.000000	0.333333	0.666667
#P-0.100000	-0.333333	-0.173205	1.000000	0.333333	0.666667
#P-0.116667	-0.333333	-0.202073	1.000000	0.333333	0.666667
#P-0.133333	-0.333333	-0.230940	1.000000	0.333333	0.666667
#P-0.150000	-0.333333	-0.259808	1.000000	0.333333	0.666667
#P-0.166667	-0.333333	-0.288675	1.000000	0.333333	0.666667
#P-0.183333	-0.333333	-0.317543	1.000000	0.333333	0.666667
#P-0.200000	-0.333333	-0.346410	1.000000	0.333333	0.666667
#P-0.216667	-0.333333	-0.375278	1.000000	0.333333	0.666667
#P-0.233333	-0.333333	-0.404145	1.000000	0.333333	0.666667
#P-0.250000	-0.333333	-0.433013	1.000000	0.333333	0.666667
#P0.000000	-0.301587	0.000000	1.000000	0.349206	0.674603
#P-0.010616	-0.301587	-0.031598	1.000000	0.349206	0.674603
#P-0.021232	-0.301587	-0.063195	1.000000	0.349206	0.674603
#P-0.031849	-0.301587	-0.094793	1.000000	0.349206	0.674603
#P-0.042465	-0.301587	-0.126390	1.000000	0.349206	0.674603
#P-0.053081	-0.301587	-0.157988	1.000000	0.349206	0.674603
#P-0.063697	-0.301587	-0.189585	1.000000	0.349206	0.674603
#P-0.074314	-0.301587	-0.221183	1.000000	0.349206	0.674603
#P-0.084930	-0.301587	-0.252781	1.000000	0.349206	0.674603
#P-0.095546	-0.301587	-0.284378	1.000000	0.349206	0.674603
#P-0.106162	-0.301587	-0.315976	1.000000	0.349206	0.674603
#P-0.116778	-0.301587	-0.347573	1.000000	0.349206	0.674603
#P-0.127395	-0.301587	-0.379171	1.000000	0.349206	0.674603
#P-0.138011	-0.301587	-0.410769	1.000000	0.349206	0.674603
#P-0.148627	-0.301587	-0.442366	1.000000	0.349206	0.674603
#P-0.159243	-0.301587	-0.473964	1.000000	0.349206	0.674603
#P0.000000	-0.269841	0.000000	1.000000	0.365079	0.682540
#P-0.004145	-0.269841	-0.033075	1.000000	0.365079	0.682540
#P-0.008290	-0.269841	-0.066149	1.000000	0.365079	0.682540
#P-0.012434	-0.269841	-0.099224	1.000000	0.365079	0.682540
#P-0.016579	-0.269841	-0.132299	1.000000	0.365079	0.682540
#P-0.020724	-0.269841	-0.165373	1.000000	0.365079	0.682540
#P-0.024869	-0.269841	-0.198448	1.000000	0.365079	0.682540
#P-0.029014	-0.269841	-0.231522	1.000000	0.365079	0.682540
#P-0.033158	-0.269841	-0.264597	1.000000	0.365079	0.682540
#P-0.037303	-0.269841	-0.297672	1.000000	0.365079	0.682540
#P-0.041448	-0.269841	-0.330746	1.000000	0.365079	0.682540
#P-0.045593	-0.269841	-0.363821	1.000000	0.365079	0.682540
#P-0.049737	-0.269841	-0.396896	1.000000	0.365079	0.682540
#P-0.053882	-0.269841	-0.429970	1.000000	0.365079	0.682540
#P-0.058027	-0.269841	-0.463045	1.000000	0.365079	0.682540
#P-0.062172	-0.269841	-0.496120	1.000000	0.365079	0.682540
#P0.000000	-0.238095	0.000000	1.000000	0.380952	0.690476
#P0.002491	-0.238095	-0.033240	1.000000	0.380952	0.690476
#P0.004982	-0.238095	-0.066480	1.000000	0.380952	0.690476
#P0.007473	-0.238095	-0.099720	1.000000	0.380952	0.690476
#P0.009964	-0.238095	-0.132961	1.000000	0.380952	0.690476
#P0.012455	-0.238095	-0.166201	1.000000	0.380952	0.690476
#P0.014946	-0.238095	-0.199441	1.000000	0.380952	0.690476
#P0.017437	-0.238095	-0.232681	1.000000	0.380952	0.690476
#P0.019928	-0.238095	-0.265921	1.000000	0.380952	0.690476
#P0.022419	-0.238095	-0.299161	1.000000	0.380952	0.690476
#P0.024910	-0.238095	-0.332401	1.000000	0.380952	0.690476
#P0.027401	-0.238095	-0.365641	1.000000	0.380952	0.690476
#P0.029892	-0.238095	-0.398882	1.000000	0.380952	0.690476
#P0.032383	-0.238095	-0.432122	1.000000	0.380952	0.690476
#P0.034874	-0.238095	-0.465362	1.000000	0.380952	0.690476
#P0.037365	-0.238095	-0.498602	1.000000	0.380952	0.690476
#P0.000000	-0.206349	0.000000	1.000000	0.396825	0.698413
#P0.009028	-0.206349	-0.032087	1.000000	0.396825	0.698413
#P0.018056	-0.206349	-0.064175	1.000000	0.396825	0.698413
#P0.027084	-0.206349	-0.096262	1.000000	0.396825	0.698413
#P0.036112	-0.206349	-0.128350	1.000000	0.396825	0.698413
#P0.045140	-0.206349	-0.160437	1.000000	0.396825	0.698413
#P0.054168	-0.206349	-0.192525	1.000000	0.396825	0.698413
#P0.063196	-0.206349	-0.224612	1.000000	0.396825	0.698413
#P0.072224	-0.206349	-0.256700	1.000000	0.396825	0.698413
#P0.081252	-0.206349	-0.288787	1.000000	0.396825	0.698413
#P0.090280	-0.206349	-0.320875	1.000000	0.396825	0.698413
#P0.099308	-0.206349	-0.352962	1.000000	0.396825	0.698413
#P0.108336	-0.206349	-0.385050	1.000000	0.396825	0.698413
#P0.117364	-0.206349	-0.417137	1.000000	0.396825	0.698413
#P0.126392	-0.206349	-0.449225	1.000000	0.396825	0.698413
#P0.135420	-0.206349	-0.481312	1.000000	0.396825	0.698413
#P0.000000	-0.174603	0.000000	1.000000	0.412698	0.706349
#P0.015207	-0.174603	-0.029662	1.000000	0.412698	0.706349
#P0.030414	-0.174603	-0.059325	1.000000	0.412698	0.706349
#P0.045621	-0.174603	-0.088987	1.000000	0.412698	0.706349
#P0.060828	-0.174603	-0.118650	1.000000	0.412698	0.706349
#P0.076035	-0.174603	-0.148312	1.000000	0.412698	0.706349
#P0.091242	-0.174603	-0.177974	1.000000	0.412698	0.706349
#P0.106449	-0.174603	-0.207637	1.000000	0.412698	0.706349
#P0.121656	-0.174603	-0.237299	1.000000	0.412698	0.706349
#P0.136863	-0.174603	-0.266962	1.000000	0.412698	0.706349
#P0.152070	-0.174603	-0.296624	1.000000	0.412698	0.706349
#P0.167277	-0.174603	-0.326286	1.000000	0.412698	0.706349
#P0.182484	-0.174603	-0.355949	1.000000	0.412698	0.706349
#P0.197691	-0.174603	-0.385611	1.000000	0.412698	0.706349
#P0.212898	-0.174603	-0.415274	1.000000	0.412698	0.706349
#P0.228105	-0.174603	-0.444936	1.000000	0.412698	0.706349
#P0.000000	-0.142857	0.000000	1.000000	0.428571	0.714286
#P0.020783	-0.142857	-0.026061	1.000000	0.428571	0.714286
#P0.041566	-0.142857	-0.052122	1.000000	0.428571	0.714286
#P0.062349	-0.142857	-0.078183	1.000000	0.428571	0.714286
#P0.083132	-0.142857	-0.104244	1.000000	0.428571	0.714286
#P0.103915	-0.142857	-0.130305	1.000000	0.428571	0.714286
#P0.124698	-0.142857	-0.156366	1.000000	0.428571	0.714286
#P0.145481	-0.142857	-0.182427	1.000000	0.428571	0.714286
#P0.166264	-0.142857	-0.208488	1.000000	0.428571	0.714286
#P0.187047	-0.142857	-0.234549	1.000000	0.428571	0.714286
#P0.207830	-0.142857	-0.260610	1.000000	0.428571	0.714286
#P0.228613	-0.142857	-0.286672	1.000000	0.428571	0.714286
#P0.249396	-0.142857	-0.312733	1.000000	0.428571	0.714286
#P0.270179	-0.142857	-0.338794	1.000000	0.428571	0.714286
#P0.290962	-0.142857	-0.364855	1.000000	0.428571	0.714286
#P0.311745	-0.142857	-0.390916	1.000000	0.428571	0.714286
#P0.000000	-0.111111	0.000000	1.000000	0.444444	0.722222
#P0.025535	-0.111111	-0.021426	1.000000	0.444444	0.722222
#P0.051070	-0.111111	-0.042853	1.000000	0.444444	0.722222
#P0.076604	-0.111111	-0.064279	1.000000	0.444444	0.722222
#P0.102139	-0.111111	-0.085705	1.000000	0.444444	0.722222
#P0.127674	-0.111111	-0.107131	1.000000	0.444444	0.722222
#P0.153209	-0.111111	-0.128558	1.000000	0.444444	0.722222
#P0.178744	-0.111111	-0.149984	1.000000	0.444444	0.722222
#P0.204279	-0.111111	-0.171410	1.000000	0.444444	0.722222
#P0.229813	-0.111111	-0.192836	1.000000	0.444444	0.722222
#P0.255348	-0.111111	-0.214263	1.000000	0.444444	0.722222
#P0.280883	-0.111111	-0.235689	1.000000	0.444444	0.722222
#P0.306418	-0.111111	-0.257115	1.000000	0.444444	0.722222
#P0.331953	-0.111111	-0.278541	1.000000	0.444444	0.722222
#P0.357487	-0.111111	-0.299968	1.000000	0.444444	0.722222
#P0.383022	-0.111111	-0.321394	1.000000	0.444444	0.722222
#P0.000000	-0.079365	0.000000	1.000000	0.460317	0.730159
#P0.029274	-0.079365	-0.015942	1.000000	0.460317	0.730159
#P0.058548	-0.079365	-0.031884	1.000000	0.460317	0.730159
#P0.087822	-0.079365	-0.047825	1.000000	0.460317	0.730159
#P0.117096	-0.079365	-0.063767	1.000000	0.460317	0.730159
#P0.146370	-0.079365	-0.079709	1.000000	0.460317	0.730159
#P0.175644	-0.079365	-0.095651	1.000000	0.460317	0.730159
#P0.204918	-0.079365	-0.111593	1.000000	0.460317	0.730159
#P0.234192	-0.079365	-0.127534	1.000000	0.460317	0.730159
#P0.263466	-0.079365	-0.143476	1.000000	0.460317	0.730159
#P0.292741	-0.079365	-0.159418	1.000000	0.460317	0.730159
#P0.322015	-0.079365	-0.175360	1.000000	0.460317	0.730159
#P0.351289	-0.079365	-0.191302	1.000000	0.460317	0.730159
#P0.380563	-0.079365	-0.207243	1.000000	0.460317	0.730159
#P0.409837	-0.079365	-0.223185	1.000000	0.460317	0.730159
#P0.439111	-0.079365	-0.239127	1.000000	0.460317	0.730159
#P0.000000	-0.047619	0.000000	1.000000	0.476190	0.738095
#P0.031852	-0.047619	-0.009825	1.000000	0.476190	0.738095
#P0.063705	-0.047619	-0.019650	1.000000	0.476190	0.738095
#P0.095557	-0.047619	-0.029476	1.000000	0.476190	0.738095
#P0.127410	-0.047619	-0.039301	1.000000	0.476190	0.738095
#P0.159262	-0.047619	-0.049126	1.000000	0.476190	0.738095
#P0.191115	-0.047619	-0.058951	1.000000	0.476190	0.738095
#P0.222967	-0.047619	-0.068776	1.000000	0.476190	0.738095
#P0.254819	-0.047619	-0.078601	1.000000	0.476190	0.738095
#P0.286672	-0.047619	-0.088427	1.000000	0.476190	0.738095
#P0.318524	-0.047619	-0.098252	1.000000	0.476190	0.738095
#P0.350377	-0.047619	-0.108077	1.000000	0.476190	0.738095
#P0.382229	-0.047619	-0.117902	1.000000	0.476190	0.738095
#P0.414082	-0.047619	-0.127727	1.000000	0.476190	0.738095
#P0.445934	-0.047619	-0.137552	1.000000	0.476190	0.738095
#P0.477786	-0.047619	-0.147378	1.000000	0.476190	0.738095
#P0.000000	-0.015873	0.000000	1.000000	0.492063	0.746032
#P0.033168	-0.015873	-0.003319	1.000000	0.492063	0.746032
#P0.066335	-0.015873	-0.006638	1.000000	0.492063	0.746032
#P0.099503	-0.015873	-0.009957	1.000000	0.492063	0.746032
#P0.132671	-0.015873	-0.013276	1.000000	0.492063	0.746032
#P0.165838	-0.015873	-0.016595	1.000000	0.492063	0.746032
#P0.199006	-0.015873	-0.019914	1.000000	0.492063	0.746032
#P0.232174	-0.015873	-0.023232	1.000000	0.492063	0.746032
#P0.265342	-0.015873	-0.026551	1.000000	0.492063	0.746032
#P0.298509	-0.015873	-0.029870	1.000000	0.492063	0.746032
#P0.331677	-0.015873	-0.033189	1.000000	0.492063	0.746032
#P0.364845	-0.015873	-0.036508	1.000000	0.492063	0.746032
#P0.398012	-0.015873	-0.039827	1.000000	0.492063	0.746032
#P0.431180	-0.015873	-0.043146	1.000000	0.492063	0.746032
#P0.464348	-0.015873	-0.046465	1.000000	0.492063	0.746032
#P0.497515	-0.015873	-0.049784	1.000000	0.492063	0.746032
#P0.000000	0.015873	0.000000	1.000000	0.507937	0.753968
#P0.033168	0.015873	0.003319	1.000000	0.507937	0.753968
#P0.066335	0.015873	0.006638	1.000000	0.507937	0.753968
#P0.099503	0.015873	0.009957	1.000000	0.507937	0.753968
#P0.132671	0.015873	0.013276	1.000000	0.507937	0.753968
#P0.165838	0.015873	0.016595	1.000000	0.507937	0.753968
#P0.199006	0.015873	0.019914	1.000000	0.507937	0.753968
#P0.232174	0.015873	0.023232	1.000000	0.507937	0.753968
#P0.265342	0.015873	0.026551	1.000000	0.507937	0.753968
#P0.298509	0.015873	0.029870	1.000000	0.507937	0.753968
#P0.331677	0.015873	0.033189	1.000000	0.507937	0.753968
#P0.364845	0.015873	0.036508	1.000000	0.507937	0.753968
#P0.398012	0.015873	0.039827	1.000000	0.507937	0.753968
#P0.431180	0.015873	0.043146	1.000000	0.507937	0.753968
#P0.464348	0.015873	0.046465	1.000000	0.507937	0.753968
#P0.497515	0.015873	0.049784	1.000000	0.507937	0.753968
#P0.000000	0.047619	0.000000	1.000000	0.523810	0.761905
#P0.031852	0.047619	0.009825	1.000000	0.523810	0.761905
#P0.063705	0.047619	0.019650	1.000000	0.523810	0.761905
#P0.095557	0.047619	0.029476	1.000000	0.523810	0.761905
#P0.127410	0.047619	0.039301	1.000000	0.523810	0.761905
#P0.159262	0.047619	0.049126	1.000000	0.523810	0.761905
#P0.191115	0.047619	0.058951	1.000000	0.523810	0.761905
#P0.222967	0.047619	0.068776	1.000000	0.523810	0.761905
#P0.254819	0.047619	0.078601	1.000000	0.523810	0.761905
#P0.286672	0.047619	0.088427	1.000000	0.523810	0.761905
#P0.318524	0.047619	0.098252	1.000000	0.523810	0.761905
#P0.350377	0.047619	0.108077	1.000000	0.523810	0.761905
#P0.382229	0.047619	0.117902	1.000000	0.523810	0.761905
#P0.414082	0.047619	0.127727	1.000000	0.523810	0.761905
#P0.445934	0.047619	0.137552	1.000000	0.523810	0.761905
#P0.477786	0.047619	0.147378	1.000000	0.523810	0.761905
#P0.000000	0.079365	0.000000	1.000000	0.539683	0.769841
#P0.029274	0.079365	0.015942	1.000000	0.539683	0.769841
#P0.058548	0.079365	0.031884	1.000000	0.539683	0.769841
#P0.087822	0.079365	0.047825	1.000000	0.539683	0.769841
#P0.117096	0.079365	0.063767	1.000000	0.539683	0.769841
#P0.146370	0.079365	0.079709	1.000000	0.539683	0.769841
#P0.175644	0.079365	0.095651	1.000000	0.539683	0.769841
#P0.204918	0.079365	0.111593	1.000000	0.539683	0.769841
#P0.234192	0.079365	0.127534	1.000000	0.539683	0.769841
#P0.263466	0.079365	0.143476	1.000000	0.539683	0.769841
#P0.292741	0.079365	0.159418	1.000000	0.539683	0.769841
#P0.322015	0.079365	0.175360	1.000000	0.539683	0.769841
#P0.351289	0.079365	0.191302	1.000000	0.539683	0.769841
#P0.380563	0.079365	0.207243	1.000000	0.539683	0.769841
#P0.409837	0.079365	0.223185	1.000000	0.539683	0.769841
#P0.439111	0.079365	0.239127	1.000000	0.539683	0.769841
#P0.000000	0.111111	0.000000	1.000000	0.555556	0.777778
#P0.025535	0.111111	0.021426	1.000000	0.555556	0.777778
#P0.051070	0.111111	0.042853	1.000000	0.555556	0.777778
#P0.076604	0.111111	0.064279	1.000000	0.555556	0.777778
#P0.102139	0.111111	0.085705	1.000000	0.555556	0.777778
#P0.127674	0.111111	0.107131	1.000000	0.555556	0.777778
#P0.153209	0.111111	0.128558	1.000000	0.555556	0.777778
#P0.178744	0.111111	0.149984	1.000000	0.555556	0.777778
#P0.204279	0.111111	0.171410	1.000000	0.555556	0.777778
#P0.229813	0.111111	0.192836	1.000000	0.555556	0.777778
#P0.255348	0.111111	0.214263	1.000000	0.555556	0.777778
#P0.280883	0.111111	0.235689	1.000000	0.555556	0.777778
#P0.306418	0.111111	0.257115	1.000000	0.555556	0.777778
#P0.331953	0.111111	0.278541	1.000000	0.555556	0.777778
#P0.357487	0.111111	0.299968	1.000000	0.555556	0.777778
#P0.383022	0.111111	0.321394	1.000000	0.555556	0.777778
#P0.000000	0.142857	0.000000	1.000000	0.571429	0.785714
#P0.020783	0.142857	0.026061	1.000000	0.571429	0.785714
#P0.041566	0.142857	0.052122	1.000000	0.571429	0.785714
#P0.062349	0.142857	0.078183	1.000000	0.571429	0.785714
#P0.083132	0.142857	0.104244	1.000000	0.571429	0.785714
#P0.103915	0.142857	0.130305	1.000000	0.571429	0.785714
#P0.124698	0.142857	0.156366	1.000000	0.571429	0.785714
#P0.145481	0.142857	0.182427	1.000000	0.571429	0.785714
#P0.166264	0.142857	0.208488	1.000000	0.571429	0.785714
#P0.187047	0.142857	0.234549	1.000000	0.571429	0.785714
#P0.207830	0.142857	0.260610	1.000000	0.571429	0.785714
#P0.228613	0.142857	0.286672	1.000000	0.571429	0.785714
#P0.249396	0.142857	0.312733	1.000000	0.571429	0.785714
#P0.270179	0.142857	0.338794	1.000000	0.571429	0.785714
#P0.290962	0.142857	0.364855	1.000000	0.571429	0.785714
#P0.311745	0.142857	0.390916	1.000000	0.571429	0.785714
#P0.000000	0.174603	0.000000	1.000000	0.587302	0.793651
#P0.015207	0.174603	0.029662	1.000000	0.587302	0.793651
#P0.030414	0.174603	0.059325	1.000000	0.587302	0.793651
#P0.045621	0.174603	0.088987	1.000000	0.587302	0.793651
#P0.060828	0.174603	0.118650	1.000000	0.587302	0.793651
#P0.076035	0.174603	0.148312	1.000000	0.587302	0.793651
#P0.091242	0.174603	0.177974	1.000000	0.587302	0.793651
#P0.106449	0.174603	0.207637	1.000000	0.587302	0.793651
#P0.121656	0.174603	0.237299	1.000000	0.587302	0.793651
#P0.136863	0.174603	0.266962	1.000000	0.587302	0.793651
#P0.152070	0.174603	0.296624	1.000000	0.587302	0.793651
#P0.167277	0.174603	0.326286	1.000000	0.587302	0.793651
#P0.182484	0.174603	0.355949	1.000000	0.587302	0.793651
#P0.197691	0.174603	0.385611	1.000000	0.587302	0.793651
#P0.212898	0.174603	0.415274	1.000000	0.587302	0.793651
#P0.228105	0.174603	0.444936	1.000000	0.587302	0.793651
#P0.000000	0.206349	0.000000	1.000000	0.603175	0.801587
#P0.009028	0.206349	0.032087	1.000000	0.603175	0.801587
#P0.018056	0.206349	0.064175	1.000000	0.603175	0.801587
#P0.027084	0.206349	0.096262	1.000000	0.603175	0.801587
#P0.036112	0.206349	0.128350	1.000000	0.603175	0.801587
#P0.045140	0.206349	0.160437	1.000000	0.603175	0.801587
#P0.054168	0.206349	0.192525	1.000000	0.603175	0.801587
#P0.063196	0.206349	0.224612	1.000000	0.603175	0.801587
#P0.072224	0.206349	0.256700	1.000000	0.603175	0.801587
#P0.081252	0.206349	0.288787	1.000000	0.603175	0.801587
#P0.090280	0.206349	0.320875	1.000000	0.603175	0.801587
#P0.099308	0.206349	0.352962	1.000000	0.603175	0.801587
#P0.108336	0.206349	0.385050	1.000000	0.603175	0.801587
#P0.117364	0.206349	0.417137	1.000000	0.603175	0.801587
#P0.126392	0.206349	0.449225	1.000000	0.603175	0.801587
#P0.135420	0.206349	0.481312	1.000000	0.603175	0.801587
#P0.000000	0.238095	0.000000	1.000000	0.619048	0.809524
#P0.002491	0.238095	0.033240	1.000000	0.619048	0.809524
#P0.004982	0.238095	0.066480	1.000000	0.619048	0.809524
#P0.007473	0.238095	0.099720	1.000000	0.619048	0.809524
#P0.009964	0.238095	0.132961	1.000000	0.619048	0.809524
#P0.012455	0.238095	0.166201	1.000000	0.619048	0.809524
#P0.014946	0.238095	0.199441	1.000000	0.619048	0.809524
#P0.017437	0.238095	0.232681	1.000000	0.619048	0.809524
#P0.019928	0.238095	0.265921	1.000000	0.619048	0.809524
#P0.022419	0.238095	0.299161	1.000000	0.619048	0.809524
#P0.024910	0.238095	0.332401	1.000000	0.619048	0.809524
#P0.027401	0.238095	0.365641	1.000000	0.619048	0.809524
#P0.029892	0.238095	0.398882	1.000000	0.619048	0.809524
#P0.032383	0.238095	0.432122	1.000000	0.619048	0.809524
#P0.034874	0.238095	0.465362	1.000000	0.619048	0.809524
#P0.037365	0.238095	0.498602	1.000000	0.619048	0.809524
#P0.000000	0.269841	0.000000	1.000000	0.634921	0.817460
#P-0.004145	0.269841	0.033075	1.000000	0.634921	0.817460
#P-0.008290	0.269841	0.066149	1.000000	0.634921	0.817460
#P-0.012434	0.269841	0.099224	1.000000	0.634921	0.817460
#P-0.016579	0.269841	0.132299	1.000000	0.634921	0.817460
#P-0.020724	0.269841	0.165373	1.000000	0.634921	0.817460
#P-0.024869	0.269841	0.198448	1.000000	0.634921	0.817460
#P-0.029014	0.269841	0.231522	1.000000	0.634921	0.817460
#P-0.033158	0.269841	0.264597	1.000000	0.634921	0.817460
#P-0.037303	0.269841	0.297672	1.000000	0.634921	0.817460
#P-0.041448	0.269841	0.330746	1.000000	0.634921	0.817460
#P-0.045593	0.269841	0.363821	1.000000	0.634921	0.817460
#P-0.049737	0.269841	0.396896	1.000000	0.634921	0.817460
#P-0.053882	0.269841	0.429970	1.000000	0.634921	0.817460
#P-0.058027	0.269841	0.463045	1.000000	0.634921	0.817460
#P-0.062172	0.269841	0.496120	1.000000	0.634921	0.817460
#P0.000000	0.301587	0.000000	1.000000	0.650794	0.825397
#P-0.010616	0.301587	0.031598	1.000000	0.650794	0.825397
#P-0.021232	0.301587	0.063195	1.000000	0.650794	0.825397
#P-0.031849	0.301587	0.094793	1.000000	0.650794	0.825397
#P-0.042465	0.301587	0.126390	1.000000	0.650794	0.825397
#P-0.053081	0.301587	0.157988	1.000000	0.650794	0.825397
#P-0.063697	0.301587	0.189585	1.000000	0.650794	0.825397
#P-0.074314	0.301587	0.221183	1.000000	0.650794	0.825397
#P-0.084930	0.301587	0.252781	1.000000	0.650794	0.825397
#P-0.095546	0.301587	0.284378	1.000000	0.650794	0.825397
#P-0.106162	0.301587	0.315976	1.000000	0.650794	0.825397
#P-0.116778	0.301587	0.347573	1.000000	0.650794	0.825397
#P-0.127395	0.301587	0.379171	1.000000	0.650794	0.825397
#P-0.138011	0.301587	0.410769	1.000000	0.650794	0.825397
#P-0.148627	0.301587	0.442366	1.000000	0.650794	0.825397
#P-0.159243	0.301587	0.473964	1.000000	0.650794	0.825397
#P0.000000	0.333333	0.000000	1.000000	0.666667	0.833333
#P-0.016667	0.333333	0.028868	1.000000	0.666667	0.833333
#P-0.033333	0.333333	0.057735	1.000000	0.666667	0.833333
#P-0.050000	0.333333	0.086603	1.000000	0.666667	0.833333
#P-0.066667	0.333333	0.115470	1.000000	0.666667	0.833333
#P-0.083333	0.333333	0.144338	1.000000	0.666667	0.833333
#P-0.100000	0.333333	0.173205	1.000000	0.666667	0.833333
#P-0.116667	0.333333	0.202073	1.000000	0.666667	0.833333
#P-0.133333	0.333333	0.230940	1.000000	0.666667	0.833333
#P-0.150000	0.333333	0.259808	1.000000	0.666667	0.833333
#P-0.166667	0.333333	0.288675	1.000000	0.666667	0.833333
#P-0.183333	0.333333	0.317543	1.000000	0.666667	0.833333
#P-0.200000	0.333333	0.346410	1.000000	0.666667	0.833333
#P-0.216667	0.333333	0.375278	1.000000	0.666667	0.833333
#P-0.233333	0.333333	0.404145	1.000000	0.666667	0.833333
#P-0.250000	0.333333	0.433013	1.000000	0.666667	0.833333
#P0.000000	0.365079	0.000000	1.000000	0.682540	0.841270
#P-0.022056	0.365079	0.024993	1.000000	0.682540	0.841270
#P-0.044112	0.365079	0.049985	1.000000	0.682540	0.841270
#P-0.066169	0.365079	0.074978	1.000000	0.682540	0.841270
#P-0.088225	0.365079	0.099971	1.000000	0.682540	0.841270
#P-0.110281	0.365079	0.124964	1.000000	0.682540	0.841270
#P-0.132337	0.365079	0.149956	1.000000	0.682540	0.841270
#P-0.154393	0.365079	0.174949	1.000000	0.682540	0.841270
#P-0.176450	0.365079	0.199942	1.000000	0.682540	0.841270
#P-0.198506	0.365079	0.224934	1.000000	0.682540	0.841270
#P-0.220562	0.365079	0.249927	1.000000	0.682540	0.841270
#P-0.242618	0.365079	0.274920	1.000000	0.682540	0.841270
#P-0.264674	0.365079	0.299912	1.000000	0.682540	0.841270
#P-0.286731	0.365079	0.324905	1.000000	0.682540	0.841270
#P-0.308787	0.365079	0.349898	1.000000	0.682540	0.841270
#P-0.330843	0.365079	0.374891	1.000000	0.682540	0.841270
#P0.000000	0.396825	0.000000	1.000000	0.698413	0.849206
#P-0.026571	0.396825	0.020127	1.000000	0.698413	0.849206
#P-0.053142	0.396825	0.040254	1.000000	0.698413	0.849206
#P-0.079713	0.396825	0.060380	1.000000	0.698413	0.849206
#P-0.106284	0.396825	0.080507	1.000000	0.698413	0.849206
#P-0.132855	0.396825	0.100634	1.000000	0.698413	0.849206
#P-0.159427	0.396825	0.120761	1.000000	0.698413	0.849206
#P-0.185998	0.396825	0.140888	1.000000	0.698413	0.849206
#P-0.212569	0.396825	0.161015	1.000000	0.698413	0.849206
#P-0.239140	0.396825	0.181141	1.000000	0.698413	0.849206
#P-0.265711	0.396825	0.201268	1.000000	0.698413	0.849206
#P-0.292282	0.396825	0.221395	1.000000	0.698413	0.849206
#P-0.318853	0.396825	0.241522	1.000000	0.698413	0.849206
#P-0.345424	0.396825	0.261649	1.000000	0.698413	0.849206
#P-0.371995	0.396825	0.281775	1.000000	0.698413	0.849206
#P-0.398566	0.396825	0.301902	1.000000	0.698413	0.849206
#P0.000000	0.428571	0.000000	1.000000	0.714286	0.857143
#P-0.030032	0.428571	0.014463	1.000000	0.714286	0.857143
#P-0.060065	0.428571	0.028926	1.000000	0.714286	0.857143
#P-0.090097	0.428571	0.043388	1.000000	0.714286	0.857143
#P-0.120129	0.428571	0.057851	1.000000	0.714286	0.857143
#P-0.150161	0.428571	0.072314	1.000000	0.714286	0.857143
#P-0.180194	0.428571	0.086777	1.000000	0.714286	0.857143
#P-0.210226	0.428571	0.101240	1.000000	0.714286	0.857143
#P-0.240258	0.428571	0.115702	1.000000	0.714286	0.857143
#P-0.270291	0.428571	0.130165	1.000000	0.714286	0.857143
#P-0.300323	0.428571	0.144628	1.000000	0.714286	0.857143
#P-0.330355	0.428571	0.159091	1.000000	0.714286	0.857143
#P-0.360388	0.428571	0.173553	1.000000	0.714286	0.857143
#P-0.390420	0.428571	0.188016	1.000000	0.714286	0.857143
#P-0.420452	0.428571	0.202479	1.000000	0.714286	0.857143
#P-0.450484	0.428571	0.216942	1.000000	0.714286	0.857143
#P0.000000	0.460317	0.000000	1.000000	0.730159	0.865079
#P-0.032303	0.460317	0.008225	1.000000	0.730159	0.865079
#P-0.064605	0.460317	0.016450	1.000000	0.730159	0.865079
#P-0.096908	0.460317	0.024676	1.000000	0.730159	0.865079
#P-0.129210	0.460317	0.032901	1.000000	0.730159	0.865079
#P-0.161513	0.460317	0.041126	1.000000	0.730159	0.865079
#P-0.193815	0.460317	0.049351	1.000000	0.730159	0.865079
#P-0.226118	0.460317	0.057577	1.000000	0.730159	0.865079
#P-0.258421	0.460317	0.065802	1.000000	0.730159	0.865079
#P-0.290723	0.460317	0.074027	1.000000	0.730159	0.865079
#P-0.323026	0.460317	0.082252	1.000000	0.730159	0.865079
#P-0.355328	0.460317	0.090478	1.000000	0.730159	0.865079
#P-0.387631	0.460317	0.098703	1.000000	0.730159	0.865079
#P-0.419933	0.460317	0.106928	1.000000	0.730159	0.865079
#P-0.452236	0.460317	0.115153	1.000000	0.730159	0.865079
#P-0.484539	0.460317	0.123379	1.000000	0.730159	0.865079
#P0.000000	0.492063	0.000000	1.000000	0.746032	0.873016
#P-0.033292	0.492063	0.001662	1.000000	0.746032	0.873016
#P-0.066584	0.492063	0.003323	1.000000	0.746032	0.873016
#P-0.099876	0.492063	0.004985	1.000000	0.746032	0.873016
#P-0.133168	0.492063	0.006646	1.000000	0.746032	0.873016
#P-0.166459	0.492063	0.008308	1.000000	0.746032	0.873016
#P-0.199751	0.492063	0.009969	1.000000	0.746032	0.873016
#P-0.233043	0.492063	0.011631	1.000000	0.746032	0.873016
#P-0.266335	0.492063	0.013292	1.000000	0.746032	0.873016
#P-0.299627	0.492063	0.014954	1.000000	0.746032	0.873016
#P-0.332919	0.492063	0.016615	1.000000	0.746032	0.873016
#P-0.366211	0.492063	0.018277	1.000000	0.746032	0.873016
#P-0.399503	0.492063	0.019938	1.000000	0.746032	0.873016
#P-0.432795	0.492063	0.021600	1.000000	0.746032	0.873016
#P-0.466087	0.492063	0.023261	1.000000	0.746032	0.873016
#P-0.499378	0.492063	0.024923	1.000000	0.746032	0.873016
#P0.000000	0.523810	0.000000	1.000000	0.761905	0.880952
#P-0.032961	0.523810	-0.004968	1.000000	0.761905	0.880952
#P-0.065922	0.523810	-0.009936	1.000000	0.761905	0.880952
#P-0.098883	0.523810	-0.014904	1.000000	0.761905	0.880952
#P-0.131844	0.523810	-0.019872	1.000000	0.761905	0.880952
#P-0.164805	0.523810	-0.024840	1.000000	0.761905	0.880952
#P-0.197766	0.523810	-0.029808	1.000000	0.761905	0.880952
#P-0.230727	0.523810	-0.034777	1.000000	0.761905	0.880952
#P-0.263688	0.523810	-0.039745	1.000000	0.761905	0.880952
#P-0.296649	0.523810	-0.044713	1.000000	0.761905	0.880952
#P-0.329610	0.523810	-0.049681	1.000000	0.761905	0.880952
#P-0.362571	0.523810	-0.054649	1.000000	0.761905	0.880952
#P-0.395532	0.523810	-0.059617	1.000000	0.761905	0.880952
#P-0.428493	0.523810	-0.064585	1.000000	0.761905	0.880952
#P-0.461454	0.523810	-0.069553	1.000000	0.761905	0.880952
#P-0.494415	0.523810	-0.074521	1.000000	0.761905	0.880952
#P0.000000	0.555556	0.000000	1.000000	0.777778	0.888889
#P-0.031323	0.555556	-0.011401	1.000000	0.777778	0.888889
#P-0.062646	0.555556	-0.022801	1.000000	0.777778	0.888889
#P-0.093969	0.555556	-0.034202	1.000000	0.777778	0.888889
#P-0.125292	0.555556	-0.045603	1.000000	0.777778	0.888889
#P-0.156615	0.555556	-0.057003	1.000000	0.777778	0.888889
#P-0.187939	0.555556	-0.068404	1.000000	0.777778	0.888889
#P-0.219262	0.555556	-0.079805	1.000000	0.777778	0.888889
#P-0.250585	0.555556	-0.091205	1.000000	0.777778	0.888889
#P-0.281908	0.555556	-0.102606	1.000000	0.777778	0.888889
#P-0.313231	0.555556	-0.114007	1.000000	0.777778	0.888889
#P-0.344554	0.555556	-0.125407	1.000000	0.777778	0.888889
#P-0.375877	0.555556	-0.136808	1.000000	0.777778	0.888889
#P-0.407200	0.555556	-0.148209	1.000000	0.777778	0.888889
#P-0.438523	0.555556	-0.159609	1.000000	0.777778	0.888889
#P-0.469846	0.555556	-0.171010	1.000000	0.777778	0.888889
#P0.000000	0.587302	0.000000	1.000000	0.793651	0.896825
#P-0.028443	0.587302	-0.017381	1.000000	0.793651	0.896825
#P-0.056886	0.587302	-0.034762	1.000000	0.793651	0.896825
#P-0.085329	0.587302	-0.052144	1.000000	0.793651	0.896825
#P-0.113772	0.587302	-0.069525	1.000000	0.793651	0.896825
#P-0.142215	0.587302	-0.086906	1.000000	0.793651	0.896825
#P-0.170658	0.587302	-0.104287	1.000000	0.793651	0.896825
#P-0.199101	0.587302	-0.121668	1.000000	0.793651	0.896825
#P-0.227544	0.587302	-0.139049	1.000000	0.793651	0.896825
#P-0.255987	0.587302	-0.156431	1.000000	0.793651	0.896825
#P-0.284430	0.587302	-0.173812	1.000000	0.793651	0.896825
#P-0.312873	0.587302	-0.191193	1.000000	0.793651	0.896825
#P-0.341316	0.587302	-0.208574	1.000000	0.793651	0.896825
#P-0.369759	0.587302	-0.225955	1.000000	0.793651	0.896825
#P-0.398202	0.587302	-0.243336	1.000000	0.793651	0.896825
#P-0.426645	0.587302	-0.260718	1.000000	0.793651	0.896825
#P0.000000	0.619048	0.000000	1.000000	0.809524	0.904762
#P-0.024435	0.619048	-0.022672	1.000000	0.809524	0.904762
#P-0.048870	0.619048	-0.045345	1.000000	0.809524	0.904762
#P-0.073305	0.619048	-0.068017	1.000000	0.809524	0.904762
#P-0.097740	0.619048	-0.090690	1.000000	0.809524	0.904762
#P-0.122175	0.619048	-0.113362	1.000000	0.809524	0.904762
#P-0.146610	0.619048	-0.136035	1.000000	0.809524	0.904762
#P-0.171045	0.619048	-0.158707	1.000000	0.809524	0.904762
#P-0.195480	0.619048	-0.181379	1.000000	0.809524	0.904762
#P-0.219916	0.619048	-0.204052	1.000000	0.809524	0.904762
#P-0.244351	0.619048	-0.226724	1.000000	0.809524	0.904762
#P-0.268786	0.619048	-0.249397	1.000000	0.809524	0.904762
#P-0.293221	0.619048	-0.272069	1.000000	0.809524	0.904762
#P-0.317656	0.619048	-0.294742	1.000000	0.809524	0.904762
#P-0.342091	0.619048	-0.317414	1.000000	0.809524	0.904762
#P-0.366526	0.619048	-0.340086	1.000000	0.809524	0.904762
#P0.000000	0.650794	0.000000	1.000000	0.825397	0.912698
#P-0.019458	0.650794	-0.027065	1.000000	0.825397	0.912698
#P-0.038916	0.650794	-0.054129	1.000000	0.825397	0.912698
#P-0.058374	0.650794	-0.081194	1.000000	0.825397	0.912698
#P-0.077832	0.650794	-0.108258	1.000000	0.825397	0.912698
#P-0.097291	0.650794	-0.135323	1.000000	0.825397	0.912698
#P-0.116749	0.650794	-0.162388	1.000000	0.825397	0.912698
#P-0.136207	0.650794	-0.189452	1.000000	0.825397	0.912698
#P-0.155665	0.650794	-0.216517	1.000000	0.825397	0.912698
#P-0.175123	0.650794	-0.243581	1.000000	0.825397	0.912698
#P-0.194581	0.650794	-0.270646	1.000000	0.825397	0.912698
#P-0.214039	0.650794	-0.297711	1.000000	0.825397	0.912698
#P-0.233497	0.650794	-0.324775	1.000000	0.825397	0.912698
#P-0.252956	0.650794	-0.351840	1.000000	0.825397	0.912698
#P-0.272414	0.650794	-0.378904	1.000000	0.825397	0.912698
#P-0.291872	0.650794	-0.405969	1.000000	0.825397	0.912698
#P0.000000	0.682540	0.000000	1.000000	0.841270	0.920635
#P-0.013710	0.682540	-0.030384	1.000000	0.841270	0.920635
#P-0.027419	0.682540	-0.060767	1.000000	0.841270	0.920635
#P-0.041129	0.682540	-0.091151	1.000000	0.841270	0.920635
#P-0.054838	0.682540	-0.121534	1.000000	0.841270	0.920635
#P-0.068548	0.682540	-0.151918	1.000000	0.841270	0.920635
#P-0.082257	0.682540	-0.182301	1.000000	0.841270	0.920635
#P-0.095967	0.682540	-0.212685	1.000000	0.841270	0.920635
#P-0.109677	0.682540	-0.243068	1.000000	0.841270	0.920635
#P-0.123386	0.682540	-0.273452	1.000000	0.841270	0.920635
#P-0.137096	0.682540	-0.303835	1.000000	0.841270	0.920635
#P-0.150805	0.682540	-0.334219	1.000000	0.841270	0.920635
#P-0.164515	0.682540	-0.364602	1.000000	0.841270	0.920635
#P-0.178224	0.682540	-0.394986	1.000000	0.841270	0.920635
#P-0.191934	0.682540	-0.425369	1.000000	0.841270	0.920635
#P-0.205644	0.682540	-0.455753	1.000000	0.841270	0.920635
#P0.000000	0.714286	0.000000	1.000000	0.857143	0.928571
#P-0.007417	0.714286	-0.032498	1.000000	0.857143	0.928571
#P-0.014835	0.714286	-0.064995	1.000000	0.857143	0.928571
#P-0.022252	0.714286	-0.097493	1.000000	0.857143	0.928571
#P-0.029669	0.714286	-0.129990	1.000000	0.857143	0.928571
#P-0.037087	0.714286	-0.162488	1.000000	0.857143	0.928571
#P-0.044504	0.714286	-0.194986	1.000000	0.857143	0.928571
#P-0.051922	0.714286	-0.227483	1.000000	0.857143	0.928571
#P-0.059339	0.714286	-0.259981	1.000000	0.857143	0.928571
#P-0.066756	0.714286	-0.292478	1.000000	0.857143	0.928571
#P-0.074174	0.714286	-0.324976	1.000000	0.857143	0.928571
#P-0.081591	0.714286	-0.357474	1.000000	0.857143	0.928571
#P-0.089008	0.714286	-0.389971	1.000000	0.857143	0.928571
#P-0.096426	0.714286	-0.422469	1.000000	0.857143	0.928571
#P-0.103843	0.714286	-0.454966	1.000000	0.857143	0.928571
#P-0.111260	0.714286	-0.487464	1.000000	0.857143	0.928571
#P0.000000	0.746032	0.000000	1.000000	0.873016	0.936508
#P-0.000831	0.746032	-0.033323	1.000000	0.873016	0.936508
#P-0.001662	0.746032	-0.066646	1.000000	0.873016	0.936508
#P-0.002493	0.746032	-0.099969	1.000000	0.873016	0.936508
#P-0.003324	0.746032	-0.133292	1.000000	0.873016	0.936508
#P-0.004155	0.746032	-0.166615	1.000000	0.873016	0.936508
#P-0.004986	0.746032	-0.199938	1.000000	0.873016	0.936508
#P-0.005817	0.746032	-0.233261	1.000000	0.873016	0.936508
#P-0.006648	0.746032	-0.266584	1.000000	0.873016	0.936508
#P-0.007479	0.746032	-0.299907	1.000000	0.873016	0.936508
#P-0.008310	0.746032	-0.333230	1.000000	0.873016	0.936508
#P-0.009141	0.746032	-0.366553	1.000000	0.873016	0.936508
#P-0.009972	0.746032	-0.399876	1.000000	0.873016	0.936508
#P-0.010803	0.746032	-0.433199	1.000000	0.873016	0.936508
#P-0.011634	0.746032	-0.466522	1.000000	0.873016	0.936508
#P-0.012465	0.746032	-0.499845	1.000000	0.873016	0.936508
#P0.000000	0.777778	0.000000	1.000000	0.888889	0.944444
#P0.005788	0.777778	-0.032827	1.000000	0.888889	0.944444
#P0.011577	0.777778	-0.065654	1.000000	0.888889	0.944444
#P0.017365	0.777778	-0.098481	1.000000	0.888889	0.944444
#P0.023153	0.777778	-0.131308	1.000000	0.888889	0.944444
#P0.028941	0.777778	-0.164135	1.000000	0.888889	0.944444
#P0.034730	0.777778	-0.196962	1.000000	0.888889	0.944444
#P0.040518	0.777778	-0.229788	1.000000	0.888889	0.944444
#P0.046306	0.777778	-0.262615	1.000000	0.888889	0.944444
#P0.052094	0.777778	-0.295442	1.000000	0.888889	0.944444
#P0.057883	0.777778	-0.328269	1.000000	0.888889	0.944444
#P0.063671	0.777778	-0.361096	1.000000	0.888889	0.944444
#P0.069459	0.777778	-0.393923	1.000000	0.888889	0.944444
#P0.075248	0.777778	-0.426750	1.000000	0.888889	0.944444
#P0.081036	0.777778	-0.459577	1.000000	0.888889	0.944444
#P0.086824	0.777778	-0.492404	1.000000	0.888889	0.944444
#P0.000000	0.809524	0.000000	1.000000	0.904762	0.952381
#P0.012178	0.809524	-0.031029	1.000000	0.904762	0.952381
#P0.024356	0.809524	-0.062058	1.000000	0.904762	0.952381
#P0.036534	0.809524	-0.093087	1.000000	0.904762	0.952381
#P0.048712	0.809524	-0.124116	1.000000	0.904762	0.952381
#P0.060890	0.809524	-0.155146	1.000000	0.904762	0.952381
#P0.073068	0.809524	-0.186175	1.000000	0.904762	0.952381
#P0.085246	0.809524	-0.217204	1.000000	0.904762	0.952381
#P0.097424	0.809524	-0.248233	1.000000	0.904762	0.952381
#P0.109602	0.809524	-0.279262	1.000000	0.904762	0.952381
#P0.121780	0.809524	-0.310291	1.000000	0.904762	0.952381
#P0.133958	0.809524	-0.341320	1.000000	0.904762	0.952381
#P0.146136	0.809524	-0.372349	1.000000	0.904762	0.952381
#P0.158314	0.809524	-0.403379	1.000000	0.904762	0.952381
#P0.170492	0.809524	-0.434408	1.000000	0.904762	0.952381
#P0.182671	0.809524	-0.465437	1.000000	0.904762	0.952381
#P0.000000	0.841270	0.000000	1.000000	0.920635	0.960317
#P0.018085	0.841270	-0.028001	1.000000	0.920635	0.960317
#P0.036170	0.841270	-0.056002	1.000000	0.920635	0.960317
#P0.054255	0.841270	-0.084003	1.000000	0.920635	0.960317
#P0.072340	0.841270	-0.112003	1.000000	0.920635	0.960317
#P0.090424	0.841270	-0.140004	1.000000	0.920635	0.960317
#P0.108509	0.841270	-0.168005	1.000000	0.920635	0.960317
#P0.126594	0.841270	-0.196006	1.000000	0.920635	0.960317
#P0.144679	0.841270	-0.224007	1.000000	0.920635	0.960317
#P0.162764	0.841270	-0.252008	1.000000	0.920635	0.960317
#P0.180849	0.841270	-0.280009	1.000000	0.920635	0.960317
#P0.198934	0.841270	-0.308010	1.000000	0.920635	0.960317
#P0.217019	0.841270	-0.336010	1.000000	0.920635	0.960317
#P0.235103	0.841270	-0.364011	1.000000	0.920635	0.960317
#P0.253188	0.841270	-0.392012	1.000000	0.920635	0.960317
#P0.271273	0.841270	-0.420013	1.000000	0.920635	0.960317
#P0.000000	0.873016	0.000000	1.000000	0.936508	0.968254
#P0.023275	0.873016	-0.023862	1.000000	0.936508	0.968254
#P0.046549	0.873016	-0.047724	1.000000	0.936508	0.968254
#P0.069824	0.873016	-0.071587	1.000000	0.936508	0.968254
#P0.093098	0.873016	-0.095449	1.000000	0.936508	0.968254
#P0.116373	0.873016	-0.119311	1.000000	0.936508	0.968254
#P0.139647	0.873016	-0.143173	1.000000	0.936508	0.968254
#P0.162922	0.873016	-0.167036	1.000000	0.936508	0.968254
#P0.186196	0.873016	-0.190898	1.000000	0.936508	0.968254
#P0.209471	0.873016	-0.214760	1.000000	0.936508	0.968254
#P0.232746	0.873016	-0.238622	1.000000	0.936508	0.968254
#P0.256020	0.873016	-0.262485	1.000000	0.936508	0.968254
#P0.279295	0.873016	-0.286347	1.000000	0.936508	0.968254
#P0.302569	0.873016	-0.310209	1.000000	0.936508	0.968254
#P0.325844	0.873016	-0.334071	1.000000	0.936508	0.968254
#P0.349118	0.873016	-0.357933	1.000000	0.936508	0.968254
#P0.000000	0.904762	0.000000	1.000000	0.952381	0.976190
#P0.027541	0.904762	-0.018777	1.000000	0.952381	0.976190
#P0.055083	0.904762	-0.037555	1.000000	0.952381	0.976190
#P0.082624	0.904762	-0.056332	1.000000	0.952381	0.976190
#P0.110165	0.904762	-0.075109	1.000000	0.952381	0.976190
#P0.137706	0.904762	-0.093887	1.000000	0.952381	0.976190
#P0.165248	0.904762	-0.112664	1.000000	0.952381	0.976190
#P0.192789	0.904762	-0.131441	1.000000	0.952381	0.976190
#P0.220330	0.904762	-0.150219	1.000000	0.952381	0.976190
#P0.247872	0.904762	-0.168996	1.000000	0.952381	0.976190
#P0.275413	0.904762	-0.187773	1.000000	0.952381	0.976190
#P0.302954	0.904762	-0.206551	1.000000	0.952381	0.976190
#P0.330496	0.904762	-0.225328	1.000000	0.952381	0.976190
#P0.358037	0.904762	-0.244105	1.000000	0.952381	0.976190
#P0.385578	0.904762	-0.262883	1.000000	0.952381	0.976190
#P0.413119	0.904762	-0.281660	1.000000	0.952381	0.976190
#P0.000000	0.936508	0.000000	1.000000	0.968254	0.984127
#P0.030716	0.936508	-0.012948	1.000000	0.968254	0.984127
#P0.061432	0.936508	-0.025896	1.000000	0.968254	0.984127
#P0.092148	0.936508	-0.038843	1.000000	0.968254	0.984127
#P0.122863	0.936508	-0.051791	1.000000	0.968254	0.984127
#P0.153579	0.936508	-0.064739	1.000000	0.968254	0.984127
#P0.184295	0.936508	-0.077687	1.000000	0.968254	0.984127
#P0.215011	0.936508	-0.090635	1.000000	0.968254	0.984127
#P0.245727	0.936508	-0.103583	1.000000	0.968254	0.984127
#P0.276443	0.936508	-0.116530	1.000000	0.968254	0.984127
#P0.307159	0.936508	-0.129478	1.000000	0.968254	0.984127
#P0.337875	0.936508	-0.142426	1.000000	0.968254	0.984127
#P0.368590	0.936508	-0.155374	1.000000	0.968254	0.984127
#P0.399306	0.936508	-0.168322	1.000000	0.968254	0.984127
#P0.430022	0.936508	-0.181270	1.000000	0.968254	0.984127
#P0.460738	0.936508	-0.194217	1.000000	0.968254	0.984127
#P0.000000	0.968254	0.000000	1.000000	0.984127	0.992063
#P0.032672	0.968254	-0.006605	1.000000	0.984127	0.992063
#P0.065345	0.968254	-0.013210	1.000000	0.984127	0.992063
#P0.098017	0.968254	-0.019815	1.000000	0.984127	0.992063
#P0.130690	0.968254	-0.026419	1.000000	0.984127	0.992063
#P0.163362	0.968254	-0.033024	1.000000	0.984127	0.992063
#P0.196034	0.968254	-0.039629	1.000000	0.984127	0.992063
#P0.228707	0.968254	-0.046234	1.000000	0.984127	0.992063
#P0.261379	0.968254	-0.052839	1.000000	0.984127	0.992063
#P0.294052	0.968254	-0.059444	1.000000	0.984127	0.992063
#P0.326724	0.968254	-0.066049	1.000000	0.984127	0.992063
#P0.359397	0.968254	-0.072654	1.000000	0.984127	0.992063
#P0.392069	0.968254	-0.079258	1.000000	0.984127	0.992063
#P0.424741	0.968254	-0.085863	1.000000	0.984127	0.992063
#P0.457414	0.968254	-0.092468	1.000000	0.984127	0.992063
#P0.490086	0.968254	-0.099073	1.000000	0.984127	0.992063
#P0.000000	1.000000	0.000000	1.000000	1.000000	1.000000
#P0.033333	1.000000	-0.000000	1.000000	1.000000	1.000000
#P0.066667	1.000000	-0.000000	1.000000	1.000000	1.000000
#P0.100000	1.000000	-0.000000	1.000000	1.000000	1.000000
#P0.133333	1.000000	-0.000000	1.000000	1.000000	1.000000
#P0.166667	1.000000	-0.000000	1.000000	1.000000	1.000000
#P0.200000	1.000000	-0.000000	1.000000	1.000000	1.000000
#P0.233333	1.000000	-0.000000	1.000000	1.000000	1.000000
#P0.266667	1.000000	-0.000000	1.000000	1.000000	1.000000
#P0.300000	1.000000	-0.000000	1.000000	1.000000	1.000000
#P0.333333	1.000000	-0.000000	1.000000	1.000000	1.000000
#P0.366667	1.000000	-0.000000	1.000000	1.000000	1.000000
#P0.400000	1.000000	-0.000000	1.000000	1.000000	1.000000
#P0.433333	1.000000	-0.000000	1.000000	1.000000	1.000000
#P0.466667	1.000000	-0.000000	1.000000	1.000000	1.000000
#P0.500000	1.000000	-0.000000	1.000000	1.000000	1.000000
