#N1024
#P1.000000	0.000000	0.200000	0.000000	0.000000	0.000000
#P0.991495	0.122410	0.199992	0.000000	0.001955	0.000000
#P0.968077	0.242737	0.199966	0.000000	0.003910	0.000000
#P0.930128	0.359174	0.199924	0.000000	0.005865	0.000000
#P0.878247	0.469975	0.199864	0.000000	0.007820	0.000000
#P0.813245	0.573482	0.199788	0.000000	0.009775	0.000000
#P0.736125	0.668150	0.199695	0.000000	0.011730	0.000000
#P0.648072	0.752572	0.199584	0.000000	0.013685	0.000000
#P0.550434	0.825496	0.199457	0.000000	0.015640	0.000000
#P0.444700	0.885847	0.199313	0.000000	0.017595	0.000000
#P0.332478	0.932740	0.199152	0.000000	0.019550	0.000000
#P0.215471	0.965496	0.198974	0.000000	0.021505	0.000000
#P0.095452	0.983649	0.198779	0.000000	0.023460	0.000000
#P-0.025769	0.986956	0.198567	0.000000	0.025415	0.000000
#P-0.146361	0.975395	0.198339	0.000000	0.027370	0.000000
#P-0.264510	0.949170	0.198093	0.000000	0.029326	0.000000
#P-0.378443	0.908705	0.197831	0.000000	0.031281	0.000000
#P-0.486451	0.854638	0.197552	0.000000	0.033236	0.000000
#P-0.586920	0.787809	0.197256	0.000000	0.035191	0.000000
#P-0.678352	0.709251	0.196944	0.000000	0.037146	0.000000
#P-0.759388	0.620171	0.196615	0.000000	0.039101	0.000000
#P-0.828828	0.521929	0.196269	0.000000	0.041056	0.000000
#P-0.885650	0.416024	0.195906	0.000000	0.043011	0.000000
#P-0.929023	0.304067	0.195527	0.000000	0.044966	0.000000
#P-0.958320	0.187755	0.195131	0.000000	0.046921	0.000000
#P-0.973130	0.068849	0.194719	0.000000	0.048876	0.000000
#P-0.973257	-0.050856	0.194290	0.000000	0.050831	0.000000
#P-0.958729	-0.169556	0.193844	0.000000	0.052786	0.000000
#P-0.929795	-0.285464	0.193382	0.000000	0.054741	0.000000
#P-0.886919	-0.396841	0.192904	0.000000	0.056696	0.000000
#P-0.830774	-0.502019	0.192410	0.000000	0.058651	0.000000
#P-0.762233	-0.599427	0.191899	0.000000	0.060606	0.000000
#P-0.682354	-0.687613	0.191371	0.000000	0.062561	0.000000
#P-0.592361	-0.765267	0.190828	0.000000	0.064516	0.000000
#P-0.493630	-0.831242	0.190268	0.000000	0.066471	0.000000
#P-0.387666	-0.884567	0.189692	0.000000	0.068426	0.000000
#P-0.276080	-0.924466	0.189100	0.000000	0.070381	0.000000
#P-0.160562	-0.950364	0.188492	0.000000	0.072336	0.000000
#P-0.042861	-0.961900	0.187868	0.000000	0.074291	0.000000
#P0.075247	-0.958929	0.187228	0.000000	0.076246	0.000000
#P0.191982	-0.941526	0.186573	0.000000	0.078201	0.000000
#P0.305589	-0.909981	0.185901	0.000000	0.080156	0.000000
#P0.414364	-0.864799	0.185214	0.000000	0.082111	0.000000
#P0.516678	-0.806687	0.184510	0.000000	0.084066	0.000000
#P0.611004	-0.736548	0.183792	0.000000	0.086022	0.000000
#P0.695937	-0.655462	0.183057	0.000000	0.087977	0.000000
#P0.770218	-0.564672	0.182307	0.000000	0.089932	0.000000
#P0.832750	-0.465565	0.181542	0.000000	0.091887	0.000000
#P0.882616	-0.359651	0.180761	0.000000	0.093842	0.000000
#P0.919090	-0.248540	0.179965	0.000000	0.095797	0.000000
#P0.941650	-0.133913	0.179153	0.000000	0.097752	0.000000
#P0.949985	-0.017506	0.178327	0.000000	0.099707	0.000000
#P0.944000	0.098925	0.177485	0.000000	0.101662	0.000000
#P0.923813	0.213628	0.176628	0.000000	0.103617	0.000000
#P0.889758	0.324877	0.175756	0.000000	0.105572	0.000000
#P0.842376	0.431006	0.174869	0.000000	0.107527	0.000000
#P0.782409	0.530426	0.173968	0.000000	0.109482	0.000000
#P0.710784	0.621654	0.173051	0.000000	0.111437	0.000000
#P0.628606	0.703333	0.172120	0.000000	0.113392	0.000000
#P0.537133	0.774253	0.171175	0.000000	0.115347	0.000000
#P0.437762	0.833368	0.170214	0.000000	0.117302	0.000000
#P0.332006	0.879813	0.169240	0.000000	0.119257	0.000000
#P0.221471	0.912914	0.168251	0.000000	0.121212	0.000000
#P0.107830	0.932201	0.167247	0.000000	0.123167	0.000000
#P-0.007197	0.937411	0.166230	0.000000	0.125122	0.000000
#P-0.121876	0.928497	0.165198	0.000000	0.127077	0.000000
#P-0.234481	0.905621	0.164153	0.000000	0.129032	0.000000
#P-0.343321	0.869156	0.163093	0.000000	0.130987	0.000000
#P-0.446764	0.819682	0.162020	0.000000	0.132942	0.000000
#P-0.543263	0.757969	0.160933	0.000000	0.134897	0.000000
#P-0.631381	0.684973	0.159832	0.000000	0.136852	0.000000
#P-0.709807	0.601817	0.158717	0.000000	0.138807	0.000000
#P-0.777382	0.509773	0.157590	0.000000	0.140762	0.000000
#P-0.833109	0.410248	0.156448	0.000000	0.142717	0.000000
#P-0.876176	0.304755	0.155294	0.000000	0.144673	0.000000
#P-0.905960	0.194895	0.154126	0.000000	0.146628	0.000000
#P-0.922040	0.082333	0.152945	0.000000	0.148583	0.000000
#P-0.924204	-0.031232	0.151752	0.000000	0.150538	0.000000
#P-0.912447	-0.144087	0.150545	0.000000	0.152493	0.000000
#P-0.886977	-0.254533	0.149326	0.000000	0.154448	0.000000
#P-0.848206	-0.360914	0.148094	0.000000	0.156403	0.000000
#P-0.796747	-0.461634	0.146849	0.000000	0.158358	0.000000
#P-0.733400	-0.555191	0.145592	0.000000	0.160313	0.000000
#P-0.659145	-0.640190	0.144322	0.000000	0.162268	0.000000
#P-0.575123	-0.715369	0.143041	0.000000	0.164223	0.000000
#P-0.482621	-0.779617	0.141747	0.000000	0.166178	0.000000
#P-0.383049	-0.831990	0.140441	0.000000	0.168133	0.000000
#P-0.277923	-0.871724	0.139123	0.000000	0.170088	0.000000
#P-0.168836	-0.898249	0.137793	0.000000	0.172043	0.000000
#P-0.057440	-0.911192	0.136452	0.000000	0.173998	0.000000
#P0.054583	-0.910389	0.135099	0.000000	0.175953	0.000000
#P0.165543	-0.895879	0.133735	0.000000	0.177908	0.000000
#P0.273774	-0.867913	0.132359	0.000000	0.179863	0.000000
#P0.377650	-0.826938	0.130972	0.000000	0.181818	0.000000
#P0.475617	-0.773601	0.129574	0.000000	0.183773	0.000000
#P0.566212	-0.708731	0.128165	0.000000	0.185728	0.000000
#P0.648087	-0.633329	0.126745	0.000000	0.187683	0.000000
#P0.720028	-0.548555	0.125314	0.000000	0.189638	0.000000
#P0.780972	-0.455704	0.123873	0.000000	0.191593	0.000000
#P0.830026	-0.356192	0.122421	0.000000	0.193548	0.000000
#P0.866477	-0.251533	0.120959	0.000000	0.195503	0.000000
#P0.889804	-0.143313	0.119486	0.000000	0.197458	0.000000
#P0.899682	-0.033170	0.118004	0.000000	0.199413	0.000000
#P0.895993	0.077234	0.116511	0.000000	0.201369	0.000000
#P0.878822	0.186235	0.115009	0.000000	0.203324	0.000000
#P0.848456	0.292195	0.113496	0.000000	0.205279	0.000000
#P0.805382	0.393526	0.111974	0.000000	0.207234	0.000000
#P0.750276	0.488710	0.110443	0.000000	0.209189	0.000000
#P0.683993	0.576329	0.108902	0.000000	0.211144	0.000000
#P0.607557	0.655079	0.107352	0.000000	0.213099	0.000000
#P0.522141	0.723794	0.105793	0.000000	0.215054	0.000000
#P0.429049	0.781461	0.104225	0.000000	0.217009	0.000000
#P0.329702	0.827236	0.102648	0.000000	0.218964	0.000000
#P0.225609	0.860455	0.101062	0.000000	0.220919	0.000000
#P0.118348	0.880646	0.099468	0.000000	0.222874	0.000000
#P0.009540	0.887534	0.097865	0.000000	0.224829	0.000000
#P-0.099172	0.881044	0.096254	0.000000	0.226784	0.000000
#P-0.206151	0.861303	0.094635	0.000000	0.228739	0.000000
#P-0.309791	0.828638	0.093007	0.000000	0.230694	0.000000
#P-0.408537	0.783568	0.091372	0.000000	0.232649	0.000000
#P-0.500915	0.726801	0.089729	0.000000	0.234604	0.000000
#P-0.585546	0.659217	0.088079	0.000000	0.236559	0.000000
#P-0.661173	0.581857	0.086421	0.000000	0.238514	0.000000
#P-0.726679	0.495908	0.084756	0.000000	0.240469	0.000000
#P-0.781098	0.402684	0.083083	0.000000	0.242424	0.000000
#P-0.823636	0.303604	0.081403	0.000000	0.244379	0.000000
#P-0.853678	0.200173	0.079717	0.000000	0.246334	0.000000
#P-0.870801	0.093959	0.078024	0.000000	0.248289	0.000000
#P-0.874775	-0.013433	0.076324	0.000000	0.250244	0.000000
#P-0.865569	-0.120383	0.074618	0.000000	0.252199	0.000000
#P-0.843352	-0.225282	0.072905	0.000000	0.254154	0.000000
#P-0.808487	-0.326554	0.071186	0.000000	0.256109	0.000000
#P-0.761528	-0.422682	0.069461	0.000000	0.258065	0.000000
#P-0.703208	-0.512232	0.067730	0.000000	0.260020	0.000000
#P-0.634432	-0.593868	0.065994	0.000000	0.261975	0.000000
#P-0.556259	-0.666379	0.064252	0.000000	0.263930	0.000000
#P-0.469886	-0.728695	0.062504	0.000000	0.265885	0.000000
#P-0.376634	-0.779899	0.060751	0.000000	0.267840	0.000000
#P-0.277921	-0.819245	0.058993	0.000000	0.269795	0.000000
#P-0.175247	-0.846168	0.057230	0.000000	0.271750	0.000000
#P-0.070166	-0.860291	0.055462	0.000000	0.273705	0.000000
#P0.035734	-0.861429	0.053689	0.000000	0.275660	0.000000
#P0.140855	-0.849595	0.051912	0.000000	0.277615	0.000000
#P0.243618	-0.824997	0.050131	0.000000	0.279570	0.000000
#P0.342479	-0.788034	0.048345	0.000000	0.281525	0.000000
#P0.435959	-0.739290	0.046555	0.000000	0.283480	0.000000
#P0.522663	-0.679526	0.044761	0.000000	0.285435	0.000000
#P0.601301	-0.609668	0.042963	0.000000	0.287390	0.000000
#P0.670706	-0.530791	0.041162	0.000000	0.289345	0.000000
#P0.729855	-0.444101	0.039357	0.000000	0.291300	0.000000
#P0.777880	-0.350924	0.037549	0.000000	0.293255	0.000000
#P0.814083	-0.252677	0.035737	0.000000	0.295210	0.000000
#P0.837947	-0.150850	0.033923	0.000000	0.297165	0.000000
#P0.849141	-0.046986	0.032106	0.000000	0.299120	0.000000
#P0.847524	0.057347	0.030286	0.000000	0.301075	0.000000
#P0.833152	0.160577	0.028463	0.000000	0.303030	0.000000
#P0.806268	0.261151	0.026638	0.000000	0.304985	0.000000
#P0.767308	0.357563	0.024811	0.000000	0.306940	0.000000
#P0.716885	0.448368	0.022981	0.000000	0.308895	0.000000
#P0.655786	0.532213	0.021150	0.000000	0.310850	0.000000
#P0.584955	0.607852	0.019317	0.000000	0.312805	0.000000
#P0.505481	0.674164	0.017482	0.000000	0.314761	0.000000
#P0.418581	0.730172	0.015646	0.000000	0.316716	0.000000
#P0.325580	0.775058	0.013808	0.000000	0.318671	0.000000
#P0.227894	0.808170	0.011970	0.000000	0.320626	0.000000
#P0.127004	0.829038	0.010130	0.000000	0.322581	0.000000
#P0.024437	0.837376	0.008289	0.000000	0.324536	0.000000
#P-0.078259	0.833087	0.006448	0.000000	0.326491	0.000000
#P-0.179538	0.816266	0.004606	0.000000	0.328446	0.000000
#P-0.277876	0.787194	0.002764	0.000000	0.330401	0.000000
#P-0.371801	0.746340	0.000921	0.000000	0.332356	0.000000
#P-0.459909	0.694344	-0.000921	0.000000	0.334311	0.000000
#P-0.540885	0.632017	-0.002764	0.000000	0.336266	0.000000
#P-0.613529	0.560321	-0.004606	0.000000	0.338221	0.000000
#P-0.676765	0.480358	-0.006448	0.000000	0.340176	0.000000
#P-0.729663	0.393350	-0.008289	0.000000	0.342131	0.000000
#P-0.771451	0.300626	-0.010130	0.000000	0.344086	0.000000
#P-0.801526	0.203594	-0.011970	0.000000	0.346041	0.000000
#P-0.819463	0.103727	-0.013808	0.000000	0.347996	0.000000
#P-0.825021	0.002534	-0.015646	0.000000	0.349951	0.000000
#P-0.818144	-0.098458	-0.017482	0.000000	0.351906	0.000000
#P-0.798966	-0.197728	-0.019317	0.000000	0.353861	0.000000
#P-0.767805	-0.293786	-0.021150	0.000000	0.355816	0.000000
#P-0.725159	-0.385193	-0.022981	0.000000	0.357771	0.000000
#P-0.671696	-0.470583	-0.024811	0.000000	0.359726	0.000000
#P-0.608249	-0.548685	-0.026638	0.000000	0.361681	0.000000
#P-0.535795	-0.618341	-0.028463	0.000000	0.363636	0.000000
#P-0.455448	-0.678520	-0.030286	0.000000	0.365591	0.000000
#P-0.368436	-0.728341	-0.032106	0.000000	0.367546	0.000000
#P-0.276085	-0.767078	-0.033923	0.000000	0.369501	0.000000
#P-0.179799	-0.794173	-0.035737	0.000000	0.371457	0.000000
#P-0.081037	-0.809247	-0.037549	0.000000	0.373412	0.000000
#P0.018708	-0.812101	-0.039357	0.000000	0.375367	0.000000
#P0.117931	-0.802723	-0.041162	0.000000	0.377322	0.000000
#P0.215141	-0.781281	-0.042963	0.000000	0.379277	0.000000
#P0.308877	-0.748130	-0.044761	0.000000	0.381232	0.000000
#P0.397736	-0.703795	-0.046555	0.000000	0.383187	0.000000
#P0.480394	-0.648971	-0.048345	0.000000	0.385142	0.000000
#P0.555618	-0.584510	-0.050131	0.000000	0.387097	0.000000
#P0.622296	-0.511406	-0.051912	0.000000	0.389052	0.000000
#P0.679444	-0.430779	-0.053689	0.000000	0.391007	0.000000
#P0.726224	-0.343862	-0.055462	0.000000	0.392962	0.000000
#P0.761957	-0.251980	-0.057230	0.000000	0.394917	0.000000
#P0.786132	-0.156528	-0.058993	0.000000	0.396872	0.000000
#P0.798413	-0.058952	-0.060751	0.000000	0.398827	0.000000
#P0.798644	0.039273	-0.062504	0.000000	0.400782	0.000000
#P0.786851	0.136668	-0.064252	0.000000	0.402737	0.000000
#P0.763241	0.231766	-0.065994	0.000000	0.404692	0.000000
#P0.728198	0.323143	-0.067730	0.000000	0.406647	0.000000
#P0.682278	0.409431	-0.069461	0.000000	0.408602	0.000000
#P0.626199	0.489343	-0.071186	0.000000	0.410557	0.000000
#P0.560831	0.561692	-0.072905	0.000000	0.412512	0.000000
#P0.487180	0.625407	-0.074618	0.000000	0.414467	0.000000
#P0.406376	0.679550	-0.076324	0.000000	0.416422	0.000000
#P0.319654	0.723328	-0.078024	0.000000	0.418377	0.000000
#P0.228334	0.756109	-0.079717	0.000000	0.420332	0.000000
#P0.133801	0.777426	-0.081403	0.000000	0.422287	0.000000
#P0.037489	0.786986	-0.083083	0.000000	0.424242	0.000000
#P-0.059149	0.784675	-0.084756	0.000000	0.426197	0.000000
#P-0.154657	0.770556	-0.086421	0.000000	0.428152	0.000000
#P-0.247600	0.744872	-0.088079	0.000000	0.430108	0.000000
#P-0.336583	0.708039	-0.089729	0.000000	0.432063	0.000000
#P-0.420278	0.660637	-0.091372	0.000000	0.434018	0.000000
#P-0.497437	0.603408	-0.093007	0.000000	0.435973	0.000000
#P-0.566915	0.537238	-0.094635	0.000000	0.437928	0.000000
#P-0.627684	0.463146	-0.096254	0.000000	0.439883	0.000000
#P-0.678852	0.382266	-0.097865	0.000000	0.441838	0.000000
#P-0.719672	0.295835	-0.099468	0.000000	0.443793	0.000000
#P-0.749554	0.205166	-0.101062	0.000000	0.445748	0.000000
#P-0.768078	0.111637	-0.102648	0.000000	0.447703	0.000000
#P-0.774992	0.016662	-0.104225	0.000000	0.449658	0.000000
#P-0.770221	-0.078324	-0.105793	0.000000	0.451613	0.000000
#P-0.753868	-0.171891	-0.107352	0.000000	0.453568	0.000000
#P-0.726206	-0.262635	-0.108902	0.000000	0.455523	0.000000
#P-0.687682	-0.349195	-0.110443	0.000000	0.457478	0.000000
#P-0.638902	-0.430279	-0.111974	0.000000	0.459433	0.000000
#P-0.580628	-0.504680	-0.113496	0.000000	0.461388	0.000000
#P-0.513761	-0.571295	-0.115009	0.000000	0.463343	0.000000
#P-0.439330	-0.629140	-0.116511	0.000000	0.465298	0.000000
#P-0.358474	-0.677366	-0.118004	0.000000	0.467253	0.000000
#P-0.272427	-0.715272	-0.119486	0.000000	0.469208	0.000000
#P-0.182499	-0.742314	-0.120959	0.000000	0.471163	0.000000
#P-0.090053	-0.758111	-0.122421	0.000000	0.473118	0.000000
#P0.003512	-0.762455	-0.123873	0.000000	0.475073	0.000000
#P0.096785	-0.755310	-0.125314	0.000000	0.477028	0.000000
#P0.188362	-0.736813	-0.126745	0.000000	0.478983	0.000000
#P0.276867	-0.707270	-0.128165	0.000000	0.480938	0.000000
#P0.360978	-0.667157	-0.129574	0.000000	0.482893	0.000000
#P0.439437	-0.617103	-0.130972	0.000000	0.484848	0.000000
#P0.511079	-0.557888	-0.132359	0.000000	0.486804	0.000000
#P0.574842	-0.490428	-0.133735	0.000000	0.488759	0.000000
#P0.629787	-0.415758	-0.135099	0.000000	0.490714	0.000000
#P0.675108	-0.335023	-0.136452	0.000000	0.492669	0.000000
#P0.710149	-0.249454	-0.137793	0.000000	0.494624	0.000000
#P0.734409	-0.160351	-0.139123	0.000000	0.496579	0.000000
#P0.747549	-0.069066	-0.140441	0.000000	0.498534	0.000000
#P0.749402	0.023021	-0.141747	0.000000	0.500489	0.000000
#P0.739968	0.114522	-0.143041	0.000000	0.502444	0.000000
#P0.719420	0.204061	-0.144322	0.000000	0.504399	0.000000
#P0.688095	0.290293	-0.145592	0.000000	0.506354	0.000000
#P0.646493	0.371931	-0.146849	0.000000	0.508309	0.000000
#P0.595268	0.447755	-0.148094	0.000000	0.510264	0.000000
#P0.535216	0.516640	-0.149326	0.000000	0.512219	0.000000
#P0.467264	0.577567	-0.150545	0.000000	0.514174	0.000000
#P0.392457	0.629639	-0.151752	0.000000	0.516129	0.000000
#P0.311939	0.672096	-0.152945	0.000000	0.518084	0.000000
#P0.226937	0.704323	-0.154126	0.000000	0.520039	0.000000
#P0.138743	0.725862	-0.155294	0.000000	0.521994	0.000000
#P0.048693	0.736417	-0.156448	0.000000	0.523949	0.000000
#P-0.041851	0.735859	-0.157590	0.000000	0.525904	0.000000
#P-0.131526	0.724224	-0.158717	0.000000	0.527859	0.000000
#P-0.218982	0.701718	-0.159832	0.000000	0.529814	0.000000
#P-0.302910	0.668708	-0.160933	0.000000	0.531769	0.000000
#P-0.382055	0.625720	-0.162020	0.000000	0.533724	0.000000
#P-0.455238	0.573426	-0.163093	0.000000	0.535679	0.000000
#P-0.521372	0.512640	-0.164153	0.000000	0.537634	0.000000
#P-0.579481	0.444298	-0.165198	0.000000	0.539589	0.000000
#P-0.628712	0.369452	-0.166230	0.000000	0.541544	0.000000
#P-0.668346	0.289244	-0.167247	0.000000	0.543500	0.000000
#P-0.697813	0.204896	-0.168251	0.000000	0.545455	0.000000
#P-0.716696	0.117691	-0.169240	0.000000	0.547410	0.000000
#P-0.724740	0.028949	-0.170214	0.000000	0.549365	0.000000
#P-0.721852	-0.059991	-0.171175	0.000000	0.551320	0.000000
#P-0.708105	-0.147787	-0.172120	0.000000	0.553275	0.000000
#P-0.683736	-0.233122	-0.173051	0.000000	0.555230	0.000000
#P-0.649140	-0.314717	-0.173968	0.000000	0.557185	0.000000
#P-0.604865	-0.391353	-0.174869	0.000000	0.559140	0.000000
#P-0.551606	-0.461891	-0.175756	0.000000	0.561095	0.000000
#P-0.490187	-0.525284	-0.176628	0.000000	0.563050	0.000000
#P-0.421556	-0.580597	-0.177485	0.000000	0.565005	0.000000
#P-0.346766	-0.627020	-0.178327	0.000000	0.566960	0.000000
#P-0.266960	-0.663878	-0.179153	0.000000	0.568915	0.000000
#P-0.183353	-0.690641	-0.179965	0.000000	0.570870	0.000000
#P-0.097214	-0.706935	-0.180761	0.000000	0.572825	0.000000
#P-0.009847	-0.712542	-0.181542	0.000000	0.574780	0.000000
#P0.077428	-0.707408	-0.182307	0.000000	0.576735	0.000000
#P0.163298	-0.691639	-0.183057	0.000000	0.578690	0.000000
#P0.246475	-0.665502	-0.183792	0.000000	0.580645	0.000000
#P0.325712	-0.629418	-0.184510	0.000000	0.582600	0.000000
#P0.399828	-0.583959	-0.185214	0.000000	0.584555	0.000000
#P0.467721	-0.529836	-0.185901	0.000000	0.586510	0.000000
#P0.528385	-0.467886	-0.186573	0.000000	0.588465	0.000000
#P0.580928	-0.399064	-0.187228	0.000000	0.590420	0.000000
#P0.624580	-0.324425	-0.187868	0.000000	0.592375	0.000000
#P0.658709	-0.245110	-0.188492	0.000000	0.594330	0.000000
#P0.682828	-0.162325	-0.189100	0.000000	0.596285	0.000000
#P0.696601	-0.077328	-0.189692	0.000000	0.598240	0.000000
#P0.699849	0.008597	-0.190268	0.000000	0.600196	0.000000
#P0.692554	0.094153	-0.190828	0.000000	0.602151	0.000000
#P0.674854	0.178053	-0.191371	0.000000	0.604106	0.000000
#P0.647044	0.259037	-0.191899	0.000000	0.606061	0.000000
#P0.609573	0.335896	-0.192410	0.000000	0.608016	0.000000
#P0.563030	0.407483	-0.192904	0.000000	0.609971	0.000000
#P0.508143	0.472734	-0.193382	0.000000	0.611926	0.000000
#P0.445762	0.530686	-0.193844	0.000000	0.613881	0.000000
#P0.376846	0.580487	-0.194290	0.000000	0.615836	0.000000
#P0.302452	0.621409	-0.194719	0.000000	0.617791	0.000000
#P0.223715	0.652861	-0.195131	0.000000	0.619746	0.000000
#P0.141833	0.674396	-0.195527	0.000000	0.621701	0.000000
#P0.058048	0.685719	-0.195906	0.000000	0.623656	0.000000
#P-0.026373	0.686688	-0.196269	0.000000	0.625611	0.000000
#P-0.110157	0.677318	-0.196615	0.000000	0.627566	0.000000
#P-0.192044	0.657778	-0.196944	0.000000	0.629521	0.000000
#P-0.270808	0.628393	-0.197256	0.000000	0.631476	0.000000
#P-0.345270	0.589632	-0.197552	0.000000	0.633431	0.000000
#P-0.414322	0.542107	-0.197831	0.000000	0.635386	0.000000
#P-0.476940	0.486557	-0.198093	0.000000	0.637341	0.000000
#P-0.532200	0.423842	-0.198339	0.000000	0.639296	0.000000
#P-0.579289	0.354928	-0.198567	0.000000	0.641251	0.000000
#P-0.617523	0.280868	-0.198779	0.000000	0.643206	0.000000
#P-0.646352	0.202794	-0.198974	0.000000	0.645161	0.000000
#P-0.665369	0.121893	-0.199152	0.000000	0.647116	0.000000
#P-0.674315	0.039390	-0.199313	0.000000	0.649071	0.000000
#P-0.673085	-0.043468	-0.199457	0.000000	0.651026	0.000000
#P-0.661726	-0.125431	-0.199584	0.000000	0.652981	0.000000
#P-0.640440	-0.205269	-0.199695	0.000000	0.654936	0.000000
#P-0.609576	-0.281785	-0.199788	0.000000	0.656891	0.000000
#P-0.569625	-0.353837	-0.199864	0.000000	0.658847	0.000000
#P-0.521216	-0.420353	-0.199924	0.000000	0.660802	0.000000
#P-0.465103	-0.480348	-0.199966	0.000000	0.662757	0.000000
#P-0.402153	-0.532937	-0.199992	0.000000	0.664712	0.000000
#P-0.333333	-0.577350	-0.200000	0.000000	0.666667	0.000000
#P-0.259698	-0.612943	-0.199992	0.000000	0.668622	0.000000
#P-0.182369	-0.639205	-0.199966	0.000000	0.670577	0.000000
#P-0.102522	-0.655768	-0.199924	0.000000	0.672532	0.000000
#P-0.021367	-0.662412	-0.199864	0.000000	0.674487	0.000000
#P0.059871	-0.659065	-0.199788	0.000000	0.676442	0.000000
#P0.139968	-0.645808	-0.199695	0.000000	0.678397	0.000000
#P0.217721	-0.622869	-0.199584	0.000000	0.680352	0.000000
#P0.291967	-0.590622	-0.199457	0.000000	0.682307	0.000000
#P0.361599	-0.549580	-0.199313	0.000000	0.684262	0.000000
#P0.425581	-0.500387	-0.199152	0.000000	0.686217	0.000000
#P0.482966	-0.443809	-0.198974	0.000000	0.688172	0.000000
#P0.532912	-0.380719	-0.198779	0.000000	0.690127	0.000000
#P0.574686	-0.312086	-0.198567	0.000000	0.692082	0.000000
#P0.607686	-0.238961	-0.198339	0.000000	0.694037	0.000000
#P0.631440	-0.162457	-0.198093	0.000000	0.695992	0.000000
#P0.645619	-0.083737	-0.197831	0.000000	0.697947	0.000000
#P0.650037	-0.003993	-0.197552	0.000000	0.699902	0.000000
#P0.644657	0.075573	-0.197256	0.000000	0.701857	0.000000
#P0.629590	0.153761	-0.196944	0.000000	0.703812	0.000000
#P0.605091	0.229399	-0.196615	0.000000	0.705767	0.000000
#P0.571559	0.301356	-0.196269	0.000000	0.707722	0.000000
#P0.529525	0.368560	-0.195906	0.000000	0.709677	0.000000
#P0.479647	0.430013	-0.195527	0.000000	0.711632	0.000000
#P0.422701	0.484807	-0.195131	0.000000	0.713587	0.000000
#P0.359566	0.532137	-0.194719	0.000000	0.715543	0.000000
#P0.291210	0.571314	-0.194290	0.000000	0.717498	0.000000
#P0.218679	0.601772	-0.193844	0.000000	0.719453	0.000000
#P0.143077	0.623080	-0.193382	0.000000	0.721408	0.000000
#P0.065553	0.634944	-0.192904	0.000000	0.723363	0.000000
#P-0.012721	0.637214	-0.192410	0.000000	0.725318	0.000000
#P-0.090564	0.629886	-0.191899	0.000000	0.727273	0.000000
#P-0.166805	0.613100	-0.191371	0.000000	0.729228	0.000000
#P-0.240301	0.587137	-0.190828	0.000000	0.731183	0.000000
#P-0.309953	0.552416	-0.190268	0.000000	0.733138	0.000000
#P-0.374726	0.509488	-0.189692	0.000000	0.735093	0.000000
#P-0.433659	0.459023	-0.189100	0.000000	0.737048	0.000000
#P-0.485882	0.401805	-0.188492	0.000000	0.739003	0.000000
#P-0.530629	0.338717	-0.187868	0.000000	0.740958	0.000000
#P-0.567252	0.270726	-0.187228	0.000000	0.742913	0.000000
#P-0.595222	0.198871	-0.186573	0.000000	0.744868	0.000000
#P-0.614147	0.124246	-0.185901	0.000000	0.746823	0.000000
#P-0.623768	0.047983	-0.185214	0.000000	0.748778	0.000000
#P-0.623971	-0.028763	-0.184510	0.000000	0.750733	0.000000
#P-0.614781	-0.104837	-0.183792	0.000000	0.752688	0.000000
#P-0.596367	-0.179095	-0.183057	0.000000	0.754643	0.000000
#P-0.569034	-0.250424	-0.182307	0.000000	0.756598	0.000000
#P-0.533222	-0.317761	-0.181542	0.000000	0.758553	0.000000
#P-0.489497	-0.380102	-0.180761	0.000000	0.760508	0.000000
#P-0.438542	-0.436526	-0.179965	0.000000	0.762463	0.000000
#P-0.381147	-0.486202	-0.179153	0.000000	0.764418	0.000000
#P-0.318196	-0.528403	-0.178327	0.000000	0.766373	0.000000
#P-0.250656	-0.562517	-0.177485	0.000000	0.768328	0.000000
#P-0.179556	-0.588056	-0.176628	0.000000	0.770283	0.000000
#P-0.105980	-0.604663	-0.175756	0.000000	0.772239	0.000000
#P-0.031043	-0.612117	-0.174869	0.000000	0.774194	0.000000
#P0.044123	-0.610333	-0.173968	0.000000	0.776149	0.000000
#P0.118385	-0.599369	-0.173051	0.000000	0.778104	0.000000
#P0.190628	-0.579418	-0.172120	0.000000	0.780059	0.000000
#P0.259770	-0.550810	-0.171175	0.000000	0.782014	0.000000
#P0.324781	-0.514004	-0.170214	0.000000	0.783969	0.000000
#P0.384695	-0.469579	-0.169240	0.000000	0.785924	0.000000
#P0.438627	-0.418230	-0.168251	0.000000	0.787879	0.000000
#P0.485782	-0.360751	-0.167247	0.000000	0.789834	0.000000
#P0.525474	-0.298027	-0.166230	0.000000	0.791789	0.000000
#P0.557129	-0.231021	-0.165198	0.000000	0.793744	0.000000
#P0.580296	-0.160754	-0.164153	0.000000	0.795699	0.000000
#P0.594654	-0.088296	-0.163093	0.000000	0.797654	0.000000
#P0.600014	-0.014744	-0.162020	0.000000	0.799609	0.000000
#P0.596327	0.058791	-0.160933	0.000000	0.801564	0.000000
#P0.583676	0.131201	-0.159832	0.000000	0.803519	0.000000
#P0.562282	0.201401	-0.158717	0.000000	0.805474	0.000000
#P0.532494	0.268339	-0.157590	0.000000	0.807429	0.000000
#P0.494790	0.331020	-0.156448	0.000000	0.809384	0.000000
#P0.449762	0.388514	-0.155294	0.000000	0.811339	0.000000
#P0.398113	0.439970	-0.154126	0.000000	0.813294	0.000000
#P0.340641	0.484636	-0.152945	0.000000	0.815249	0.000000
#P0.278232	0.521860	-0.151752	0.000000	0.817204	0.000000
#P0.211842	0.551107	-0.150545	0.000000	0.819159	0.000000
#P0.142482	0.571963	-0.149326	0.000000	0.821114	0.000000
#P0.071208	0.584141	-0.148094	0.000000	0.823069	0.000000
#P-0.000902	0.587487	-0.146849	0.000000	0.825024	0.000000
#P-0.072759	0.581980	-0.145592	0.000000	0.826979	0.000000
#P-0.143281	0.567732	-0.144322	0.000000	0.828935	0.000000
#P-0.211412	0.544986	-0.143041	0.000000	0.830890	0.000000
#P-0.276133	0.514114	-0.141747	0.000000	0.832845	0.000000
#P-0.336482	0.475608	-0.140441	0.000000	0.834800	0.000000
#P-0.391565	0.430072	-0.139123	0.000000	0.836755	0.000000
#P-0.440569	0.378216	-0.137793	0.000000	0.838710	0.000000
#P-0.482778	0.320842	-0.136452	0.000000	0.840665	0.000000
#P-0.517579	0.258833	-0.135099	0.000000	0.842620	0.000000
#P-0.544472	0.193137	-0.133735	0.000000	0.844575	0.000000
#P-0.563080	0.124756	-0.132359	0.000000	0.846530	0.000000
#P-0.573151	0.054729	-0.130972	0.000000	0.848485	0.000000
#P-0.574561	-0.015884	-0.129574	0.000000	0.850440	0.000000
#P-0.567318	-0.086019	-0.128165	0.000000	0.852395	0.000000
#P-0.551562	-0.154620	-0.126745	0.000000	0.854350	0.000000
#P-0.527559	-0.220661	-0.125314	0.000000	0.856305	0.000000
#P-0.495698	-0.283155	-0.123873	0.000000	0.858260	0.000000
#P-0.456484	-0.341173	-0.122421	0.000000	0.860215	0.000000
#P-0.410536	-0.393859	-0.120959	0.000000	0.862170	0.000000
#P-0.358566	-0.440436	-0.119486	0.000000	0.864125	0.000000
#P-0.301378	-0.480224	-0.118004	0.000000	0.866080	0.000000
#P-0.239851	-0.512648	-0.116511	0.000000	0.868035	0.000000
#P-0.174926	-0.537244	-0.115009	0.000000	0.869990	0.000000
#P-0.107593	-0.553670	-0.113496	0.000000	0.871945	0.000000
#P-0.038874	-0.561706	-0.111974	0.000000	0.873900	0.000000
#P0.030192	-0.561261	-0.110443	0.000000	0.875855	0.000000
#P0.098564	-0.552370	-0.108902	0.000000	0.877810	0.000000
#P0.165215	-0.535197	-0.107352	0.000000	0.879765	0.000000
#P0.229147	-0.510028	-0.105793	0.000000	0.881720	0.000000
#P0.289407	-0.477272	-0.104225	0.000000	0.883675	0.000000
#P0.345101	-0.437447	-0.102648	0.000000	0.885630	0.000000
#P0.395406	-0.391179	-0.101062	0.000000	0.887586	0.000000
#P0.439584	-0.339185	-0.099468	0.000000	0.889541	0.000000
#P0.476990	-0.282269	-0.097865	0.000000	0.891496	0.000000
#P0.507086	-0.221306	-0.096254	0.000000	0.893451	0.000000
#P0.529445	-0.157227	-0.094635	0.000000	0.895406	0.000000
#P0.543756	-0.091008	-0.093007	0.000000	0.897361	0.000000
#P0.549834	-0.023654	-0.091372	0.000000	0.899316	0.000000
#P0.547614	0.043817	-0.089729	0.000000	0.901271	0.000000
#P0.537162	0.110390	-0.088079	0.000000	0.903226	0.000000
#P0.518662	0.175063	-0.086421	0.000000	0.905181	0.000000
#P0.492422	0.236872	-0.084756	0.000000	0.907136	0.000000
#P0.458866	0.294895	-0.083083	0.000000	0.909091	0.000000
#P0.418523	0.348272	-0.081403	0.000000	0.911046	0.000000
#P0.372027	0.396217	-0.079717	0.000000	0.913001	0.000000
#P0.320098	0.438026	-0.078024	0.000000	0.914956	0.000000
#P0.263539	0.473093	-0.076324	0.000000	0.916911	0.000000
#P0.203218	0.500914	-0.074618	0.000000	0.918866	0.000000
#P0.140056	0.521096	-0.072905	0.000000	0.920821	0.000000
#P0.075015	0.533363	-0.071186	0.000000	0.922776	0.000000
#P0.009080	0.537558	-0.069461	0.000000	0.924731	0.000000
#P-0.056751	0.533648	-0.067730	0.000000	0.926686	0.000000
#P-0.121490	0.521721	-0.065994	0.000000	0.928641	0.000000
#P-0.184164	0.501986	-0.064252	0.000000	0.930596	0.000000
#P-0.243838	0.474768	-0.062504	0.000000	0.932551	0.000000
#P-0.299624	0.440505	-0.060751	0.000000	0.934506	0.000000
#P-0.350697	0.399738	-0.058993	0.000000	0.936461	0.000000
#P-0.396304	0.353105	-0.057230	0.000000	0.938416	0.000000
#P-0.435780	0.301329	-0.055462	0.000000	0.940371	0.000000
#P-0.468552	0.245209	-0.053689	0.000000	0.942326	0.000000
#P-0.494151	0.185607	-0.051912	0.000000	0.944282	0.000000
#P-0.512220	0.123431	-0.050131	0.000000	0.946237	0.000000
#P-0.522513	0.059628	-0.048345	0.000000	0.948192	0.000000
#P-0.524904	-0.004836	-0.046555	0.000000	0.950147	0.000000
#P-0.519388	-0.068987	-0.044761	0.000000	0.952102	0.000000
#P-0.506075	-0.131861	-0.042963	0.000000	0.954057	0.000000
#P-0.485196	-0.192517	-0.041162	0.000000	0.956012	0.000000
#P-0.457094	-0.250048	-0.039357	0.000000	0.957967	0.000000
#P-0.422217	-0.303600	-0.037549	0.000000	0.959922	0.000000
#P-0.381118	-0.352383	-0.035737	0.000000	0.961877	0.000000
#P-0.334438	-0.395680	-0.033923	0.000000	0.963832	0.000000
#P-0.282900	-0.432859	-0.032106	0.000000	0.965787	0.000000
#P-0.227300	-0.463383	-0.030286	0.000000	0.967742	0.000000
#P-0.168490	-0.486819	-0.028463	0.000000	0.969697	0.000000
#P-0.107366	-0.502839	-0.026638	0.000000	0.971652	0.000000
#P-0.044859	-0.511232	-0.024811	0.000000	0.973607	0.000000
#P0.018086	-0.511900	-0.022981	0.000000	0.975562	0.000000
#P0.080518	-0.504861	-0.021150	0.000000	0.977517	0.000000
#P0.141501	-0.490252	-0.019317	0.000000	0.979472	0.000000
#P0.200121	-0.468321	-0.017482	0.000000	0.981427	0.000000
#P0.255505	-0.439426	-0.015646	0.000000	0.983382	0.000000
#P0.306831	-0.404029	-0.013808	0.000000	0.985337	0.000000
#P0.353343	-0.362689	-0.011970	0.000000	0.987292	0.000000
#P0.394358	-0.316049	-0.010130	0.000000	0.989247	0.000000
#P0.429280	-0.264834	-0.008289	0.000000	0.991202	0.000000
#P0.457606	-0.209832	-0.006448	0.000000	0.993157	0.000000
#P0.478937	-0.151885	-0.004606	0.000000	0.995112	0.000000
#P0.492978	-0.091877	-0.002764	0.000000	0.997067	0.000000
#P0.499545	-0.030720	-0.000921	0.000000	0.999022	0.000000
#P0.498569	0.030660	0.000921	0.000000	0.999022	0.000000
#P0.490095	0.091340	0.002764	0.000000	0.997067	0.000000
#P0.474278	0.150407	0.004606	0.000000	0.995112	0.000000
#P0.451387	0.206980	0.006448	0.000000	0.993157	0.000000
#P0.421792	0.260215	0.008289	0.000000	0.991202	0.000000
#P0.385967	0.309325	0.010130	0.000000	0.989247	0.000000
#P0.344475	0.353586	0.011970	0.000000	0.987292	0.000000
#P0.297963	0.392352	0.013808	0.000000	0.985337	0.000000
#P0.247152	0.425060	0.015646	0.000000	0.983382	0.000000
#P0.192823	0.451242	0.017482	0.000000	0.981427	0.000000
#P0.135809	0.470529	0.019317	0.000000	0.979472	0.000000
#P0.076978	0.482659	0.021150	0.000000	0.977517	0.000000
#P0.017223	0.487477	0.022981	0.000000	0.975562	0.000000
#P-0.042552	0.484940	0.024811	0.000000	0.973607	0.000000
#P-0.101447	0.475116	0.026638	0.000000	0.971652	0.000000
#P-0.158578	0.458182	0.028463	0.000000	0.969697	0.000000
#P-0.213094	0.434422	0.030286	0.000000	0.967742	0.000000
#P-0.264183	0.404220	0.032106	0.000000	0.965787	0.000000
#P-0.311090	0.368057	0.033923	0.000000	0.963832	0.000000
#P-0.353126	0.326502	0.035737	0.000000	0.961877	0.000000
#P-0.389678	0.280203	0.037549	0.000000	0.959922	0.000000
#P-0.420217	0.229875	0.039357	0.000000	0.957967	0.000000
#P-0.444309	0.176293	0.041162	0.000000	0.956012	0.000000
#P-0.461616	0.120277	0.042963	0.000000	0.954057	0.000000
#P-0.471906	0.062681	0.044761	0.000000	0.952102	0.000000
#P-0.475053	0.004377	0.046555	0.000000	0.950147	0.000000
#P-0.471039	-0.053754	0.048345	0.000000	0.948192	0.000000
#P-0.459953	-0.110836	0.050131	0.000000	0.946237	0.000000
#P-0.441991	-0.166015	0.051912	0.000000	0.944282	0.000000
#P-0.417453	-0.218468	0.053689	0.000000	0.942326	0.000000
#P-0.386734	-0.267416	0.055462	0.000000	0.940371	0.000000
#P-0.350324	-0.312137	0.057230	0.000000	0.938416	0.000000
#P-0.308794	-0.351975	0.058993	0.000000	0.936461	0.000000
#P-0.262790	-0.386351	0.060751	0.000000	0.934506	0.000000
#P-0.213023	-0.414770	0.062504	0.000000	0.932551	0.000000
#P-0.160260	-0.436829	0.064252	0.000000	0.930596	0.000000
#P-0.105306	-0.452222	0.065994	0.000000	0.928641	0.000000
#P-0.048999	-0.460745	0.067730	0.000000	0.926686	0.000000
#P0.007809	-0.462300	0.069461	0.000000	0.924731	0.000000
#P0.064260	-0.456891	0.071186	0.000000	0.922776	0.000000
#P0.119504	-0.444631	0.072905	0.000000	0.920821	0.000000
#P0.172717	-0.425732	0.074618	0.000000	0.918866	0.000000
#P0.223105	-0.400507	0.076324	0.000000	0.916911	0.000000
#P0.269921	-0.369363	0.078024	0.000000	0.914956	0.000000
#P0.312476	-0.332794	0.079717	0.000000	0.913001	0.000000
#P0.350147	-0.291373	0.081403	0.000000	0.911046	0.000000
#P0.382388	-0.245746	0.083083	0.000000	0.909091	0.000000
#P0.408737	-0.196616	0.084756	0.000000	0.907136	0.000000
#P0.428822	-0.144740	0.086421	0.000000	0.905181	0.000000
#P0.442368	-0.090909	0.088079	0.000000	0.903226	0.000000
#P0.449200	-0.035943	0.089729	0.000000	0.901271	0.000000
#P0.449242	0.019326	0.091372	0.000000	0.899316	0.000000
#P0.442525	0.074065	0.093007	0.000000	0.897361	0.000000
#P0.429178	0.127451	0.094635	0.000000	0.895406	0.000000
#P0.409432	0.178687	0.096254	0.000000	0.893451	0.000000
#P0.383611	0.227010	0.097865	0.000000	0.891496	0.000000
#P0.352131	0.271706	0.099468	0.000000	0.889541	0.000000
#P0.315491	0.312118	0.101062	0.000000	0.887586	0.000000
#P0.274264	0.347656	0.102648	0.000000	0.885630	0.000000
#P0.229093	0.377806	0.104225	0.000000	0.883675	0.000000
#P0.180673	0.402138	0.105793	0.000000	0.881720	0.000000
#P0.129750	0.420311	0.107352	0.000000	0.879765	0.000000
#P0.077100	0.432080	0.108902	0.000000	0.877810	0.000000
#P0.023524	0.437295	0.110443	0.000000	0.875855	0.000000
#P-0.030168	0.435907	0.111974	0.000000	0.873900	0.000000
#P-0.083166	0.427967	0.113496	0.000000	0.871945	0.000000
#P-0.134675	0.413622	0.115009	0.000000	0.869990	0.000000
#P-0.183927	0.393119	0.116511	0.000000	0.868035	0.000000
#P-0.230190	0.366792	0.118004	0.000000	0.866080	0.000000
#P-0.272781	0.335065	0.119486	0.000000	0.864125	0.000000
#P-0.311076	0.298439	0.120959	0.000000	0.862170	0.000000
#P-0.344517	0.257489	0.122421	0.000000	0.860215	0.000000
#P-0.372622	0.212851	0.123873	0.000000	0.858260	0.000000
#P-0.394993	0.165212	0.125314	0.000000	0.856305	0.000000
#P-0.411319	0.115305	0.126745	0.000000	0.854350	0.000000
#P-0.421381	0.063891	0.128165	0.000000	0.852395	0.000000
#P-0.425058	0.011751	0.129574	0.000000	0.850440	0.000000
#P-0.422321	-0.040327	0.130972	0.000000	0.848485	0.000000
#P-0.413244	-0.091558	0.132359	0.000000	0.846530	0.000000
#P-0.397990	-0.141176	0.133735	0.000000	0.844575	0.000000
#P-0.376818	-0.188441	0.135099	0.000000	0.842620	0.000000
#P-0.350075	-0.232651	0.136452	0.000000	0.840665	0.000000
#P-0.318189	-0.273156	0.137793	0.000000	0.838710	0.000000
#P-0.281663	-0.309363	0.139123	0.000000	0.836755	0.000000
#P-0.241070	-0.340746	0.140441	0.000000	0.834800	0.000000
#P-0.197040	-0.366855	0.141747	0.000000	0.832845	0.000000
#P-0.150251	-0.387323	0.143041	0.000000	0.830890	0.000000
#P-0.101421	-0.401867	0.144322	0.000000	0.828935	0.000000
#P-0.051295	-0.410296	0.145592	0.000000	0.826979	0.000000
#P-0.000633	-0.412512	0.146849	0.000000	0.825024	0.000000
#P0.049798	-0.408511	0.148094	0.000000	0.823069	0.000000
#P0.099241	-0.398382	0.149326	0.000000	0.821114	0.000000
#P0.146956	-0.382308	0.150545	0.000000	0.819159	0.000000
#P0.192233	-0.360558	0.151752	0.000000	0.817204	0.000000
#P0.234402	-0.333487	0.152945	0.000000	0.815249	0.000000
#P0.272842	-0.301528	0.154126	0.000000	0.813294	0.000000
#P0.306992	-0.265186	0.155294	0.000000	0.811339	0.000000
#P0.336360	-0.225029	0.156448	0.000000	0.809384	0.000000
#P0.360525	-0.181679	0.157590	0.000000	0.807429	0.000000
#P0.379149	-0.135805	0.158717	0.000000	0.805474	0.000000
#P0.391979	-0.088111	0.159832	0.000000	0.803519	0.000000
#P0.398848	-0.039322	0.160933	0.000000	0.801564	0.000000
#P0.399684	0.009821	0.162020	0.000000	0.799609	0.000000
#P0.394502	0.058577	0.163093	0.000000	0.797654	0.000000
#P0.383410	0.106213	0.164153	0.000000	0.795699	0.000000
#P0.366604	0.152017	0.165198	0.000000	0.793744	0.000000
#P0.344364	0.195309	0.166230	0.000000	0.791789	0.000000
#P0.317053	0.235450	0.167247	0.000000	0.789834	0.000000
#P0.285107	0.271849	0.168251	0.000000	0.787879	0.000000
#P0.249030	0.303979	0.169240	0.000000	0.785924	0.000000
#P0.209385	0.331376	0.170214	0.000000	0.783969	0.000000
#P0.166787	0.353650	0.171175	0.000000	0.782014	0.000000
#P0.121892	0.370493	0.172120	0.000000	0.780059	0.000000
#P0.075388	0.381678	0.173051	0.000000	0.778104	0.000000
#P0.027982	0.387064	0.173968	0.000000	0.776149	0.000000
#P-0.019606	0.386600	0.174869	0.000000	0.774194	0.000000
#P-0.066660	0.380322	0.175756	0.000000	0.772239	0.000000
#P-0.112473	0.368353	0.176628	0.000000	0.770283	0.000000
#P-0.156361	0.350903	0.177485	0.000000	0.768328	0.000000
#P-0.197675	0.328263	0.178327	0.000000	0.766373	0.000000
#P-0.235804	0.300799	0.179153	0.000000	0.764418	0.000000
#P-0.270192	0.268950	0.179965	0.000000	0.762463	0.000000
#P-0.300338	0.233217	0.180761	0.000000	0.760508	0.000000
#P-0.325811	0.194159	0.181542	0.000000	0.758553	0.000000
#P-0.346252	0.152381	0.182307	0.000000	0.756598	0.000000
#P-0.361378	0.108525	0.183057	0.000000	0.754643	0.000000
#P-0.370989	0.063264	0.183792	0.000000	0.752688	0.000000
#P-0.374968	0.017285	0.184510	0.000000	0.750733	0.000000
#P-0.373286	-0.028715	0.185214	0.000000	0.748778	0.000000
#P-0.365997	-0.074044	0.185901	0.000000	0.746823	0.000000
#P-0.353239	-0.118021	0.186573	0.000000	0.744868	0.000000
#P-0.335234	-0.159993	0.187228	0.000000	0.742913	0.000000
#P-0.312280	-0.199338	0.187868	0.000000	0.740958	0.000000
#P-0.284749	-0.235477	0.188492	0.000000	0.739003	0.000000
#P-0.253079	-0.267882	0.189100	0.000000	0.737048	0.000000
#P-0.217770	-0.296086	0.189692	0.000000	0.735093	0.000000
#P-0.179371	-0.319685	0.190268	0.000000	0.733138	0.000000
#P-0.138478	-0.338350	0.190828	0.000000	0.731183	0.000000
#P-0.095720	-0.351825	0.191371	0.000000	0.729228	0.000000
#P-0.051751	-0.359935	0.191899	0.000000	0.727273	0.000000
#P-0.007239	-0.362587	0.192410	0.000000	0.725318	0.000000
#P0.037143	-0.359769	0.192904	0.000000	0.723363	0.000000
#P0.080727	-0.351554	0.193382	0.000000	0.721408	0.000000
#P0.122861	-0.338095	0.193844	0.000000	0.719453	0.000000
#P0.162918	-0.319622	0.194290	0.000000	0.717498	0.000000
#P0.200306	-0.296442	0.194719	0.000000	0.715543	0.000000
#P0.234477	-0.268928	0.195131	0.000000	0.713587	0.000000
#P0.264934	-0.237519	0.195527	0.000000	0.711632	0.000000
#P0.291239	-0.202708	0.195906	0.000000	0.709677	0.000000
#P0.313017	-0.165039	0.196269	0.000000	0.707722	0.000000
#P0.329967	-0.125095	0.196615	0.000000	0.705767	0.000000
#P0.341859	-0.083490	0.196944	0.000000	0.703812	0.000000
#P0.348542	-0.040859	0.197256	0.000000	0.701857	0.000000
#P0.349945	0.002149	0.197552	0.000000	0.699902	0.000000
#P0.346075	0.044886	0.197831	0.000000	0.697947	0.000000
#P0.337021	0.086709	0.198093	0.000000	0.695992	0.000000
#P0.322947	0.126993	0.198339	0.000000	0.694037	0.000000
#P0.304094	0.165140	0.198567	0.000000	0.692082	0.000000
#P0.280773	0.200588	0.198779	0.000000	0.690127	0.000000
#P0.253359	0.232818	0.198974	0.000000	0.688172	0.000000
#P0.222290	0.261363	0.199152	0.000000	0.686217	0.000000
#P0.188053	0.285814	0.199313	0.000000	0.684262	0.000000
#P0.151182	0.305826	0.199457	0.000000	0.682307	0.000000
#P0.112247	0.321123	0.199584	0.000000	0.680352	0.000000
#P0.071847	0.331502	0.199695	0.000000	0.678397	0.000000
#P0.030599	0.336834	0.199788	0.000000	0.676442	0.000000
#P-0.010873	0.337068	0.199864	0.000000	0.674487	0.000000
#P-0.051941	0.332230	0.199924	0.000000	0.672532	0.000000
#P-0.091989	0.322423	0.199966	0.000000	0.670577	0.000000
#P-0.130421	0.307822	0.199992	0.000000	0.668622	0.000000
#P-0.166667	0.288675	0.200000	0.000000	0.666667	0.000000
#P-0.200193	0.265298	0.199992	0.000000	0.664712	0.000000
#P-0.230512	0.238067	0.199966	0.000000	0.662757	0.000000
#P-0.257184	0.207415	0.199924	0.000000	0.660802	0.000000
#P-0.279830	0.173824	0.199864	0.000000	0.658847	0.000000
#P-0.298133	0.137816	0.199788	0.000000	0.656891	0.000000
#P-0.311842	0.099949	0.199695	0.000000	0.654936	0.000000
#P-0.320779	0.060804	0.199584	0.000000	0.652981	0.000000
#P-0.324837	0.020978	0.199457	0.000000	0.651026	0.000000
#P-0.323983	-0.018925	0.199313	0.000000	0.649071	0.000000
#P-0.318262	-0.058304	0.199152	0.000000	0.647116	0.000000
#P-0.307787	-0.096569	0.198974	0.000000	0.645161	0.000000
#P-0.292745	-0.133149	0.198779	0.000000	0.643206	0.000000
#P-0.273391	-0.167505	0.198567	0.000000	0.641251	0.000000
#P-0.250042	-0.199133	0.198339	0.000000	0.639296	0.000000
#P-0.223074	-0.227572	0.198093	0.000000	0.637341	0.000000
#P-0.192915	-0.252414	0.197831	0.000000	0.635386	0.000000
#P-0.160039	-0.273306	0.197552	0.000000	0.633431	0.000000
#P-0.124959	-0.289958	0.197256	0.000000	0.631476	0.000000
#P-0.088214	-0.302146	0.196944	0.000000	0.629521	0.000000
#P-0.050371	-0.309714	0.196615	0.000000	0.627566	0.000000
#P-0.012005	-0.312575	0.196269	0.000000	0.625611	0.000000
#P0.026303	-0.310717	0.195906	0.000000	0.623656	0.000000
#P0.063976	-0.304196	0.195527	0.000000	0.621701	0.000000
#P0.100450	-0.293140	0.195131	0.000000	0.619746	0.000000
#P0.135183	-0.277744	0.194719	0.000000	0.617791	0.000000
#P0.167664	-0.258267	0.194290	0.000000	0.615836	0.000000
#P0.197418	-0.235029	0.193844	0.000000	0.613881	0.000000
#P0.224013	-0.208403	0.193382	0.000000	0.611926	0.000000
#P0.247068	-0.178811	0.192904	0.000000	0.609971	0.000000
#P0.266260	-0.146719	0.192410	0.000000	0.608016	0.000000
#P0.281324	-0.112625	0.191899	0.000000	0.606061	0.000000
#P0.292059	-0.077056	0.191371	0.000000	0.604106	0.000000
#P0.298331	-0.040558	0.190828	0.000000	0.602151	0.000000
#P0.300075	-0.003686	0.190268	0.000000	0.600196	0.000000
#P0.297294	0.033002	0.189692	0.000000	0.598240	0.000000
#P0.290059	0.068954	0.189100	0.000000	0.596285	0.000000
#P0.278508	0.103635	0.188492	0.000000	0.594330	0.000000
#P0.262844	0.136529	0.187868	0.000000	0.592375	0.000000
#P0.243329	0.167153	0.187228	0.000000	0.590420	0.000000
#P0.220282	0.195060	0.186573	0.000000	0.588465	0.000000
#P0.194075	0.219849	0.185901	0.000000	0.586510	0.000000
#P0.165122	0.241166	0.185214	0.000000	0.584555	0.000000
#P0.133879	0.258713	0.184510	0.000000	0.582600	0.000000
#P0.100831	0.272251	0.183792	0.000000	0.580645	0.000000
#P0.066487	0.281603	0.183057	0.000000	0.578690	0.000000
#P0.031375	0.286656	0.182307	0.000000	0.576735	0.000000
#P-0.003971	0.287363	0.181542	0.000000	0.574780	0.000000
#P-0.039019	0.283742	0.180761	0.000000	0.572825	0.000000
#P-0.073241	0.275878	0.179965	0.000000	0.570870	0.000000
#P-0.106128	0.263919	0.179153	0.000000	0.568915	0.000000
#P-0.137193	0.248071	0.178327	0.000000	0.566960	0.000000
#P-0.165981	0.228600	0.177485	0.000000	0.565005	0.000000
#P-0.192073	0.205825	0.176628	0.000000	0.563050	0.000000
#P-0.215096	0.180112	0.175756	0.000000	0.561095	0.000000
#P-0.234724	0.151868	0.174869	0.000000	0.559140	0.000000
#P-0.250684	0.121537	0.173968	0.000000	0.557185	0.000000
#P-0.262762	0.089589	0.173051	0.000000	0.555230	0.000000
#P-0.270802	0.056519	0.172120	0.000000	0.553275	0.000000
#P-0.274713	0.022830	0.171175	0.000000	0.551320	0.000000
#P-0.274463	-0.010963	0.170214	0.000000	0.549365	0.000000
#P-0.270087	-0.044352	0.169240	0.000000	0.547410	0.000000
#P-0.261680	-0.076836	0.168251	0.000000	0.545455	0.000000
#P-0.249396	-0.107933	0.167247	0.000000	0.543500	0.000000
#P-0.233449	-0.137182	0.166230	0.000000	0.541544	0.000000
#P-0.214106	-0.164158	0.165198	0.000000	0.539589	0.000000
#P-0.191681	-0.188470	0.164153	0.000000	0.537634	0.000000
#P-0.166536	-0.209771	0.163093	0.000000	0.535679	0.000000
#P-0.139068	-0.227762	0.162020	0.000000	0.533724	0.000000
#P-0.109709	-0.242195	0.160933	0.000000	0.531769	0.000000
#P-0.078915	-0.252880	0.159832	0.000000	0.529814	0.000000
#P-0.047161	-0.259682	0.158717	0.000000	0.527859	0.000000
#P-0.014931	-0.262528	0.157590	0.000000	0.525904	0.000000
#P0.017284	-0.261404	0.156448	0.000000	0.523949	0.000000
#P0.049000	-0.256356	0.155294	0.000000	0.521994	0.000000
#P0.079743	-0.247490	0.154126	0.000000	0.520039	0.000000
#P0.109055	-0.234968	0.152945	0.000000	0.518084	0.000000
#P0.136507	-0.219005	0.151752	0.000000	0.516129	0.000000
#P0.161698	-0.199869	0.150545	0.000000	0.514174	0.000000
#P0.184266	-0.177871	0.149326	0.000000	0.512219	0.000000
#P0.203891	-0.153365	0.148094	0.000000	0.510264	0.000000
#P0.220299	-0.126739	0.146849	0.000000	0.508309	0.000000
#P0.233268	-0.098411	0.145592	0.000000	0.506354	0.000000
#P0.242628	-0.068820	0.144322	0.000000	0.504399	0.000000
#P0.248266	-0.038423	0.143041	0.000000	0.502444	0.000000
#P0.250126	-0.007684	0.141747	0.000000	0.500489	0.000000
#P0.248210	0.022932	0.140441	0.000000	0.498534	0.000000
#P0.242575	0.052964	0.139123	0.000000	0.496579	0.000000
#P0.233335	0.081963	0.137793	0.000000	0.494624	0.000000
#P0.220658	0.109502	0.136452	0.000000	0.492669	0.000000
#P0.204762	0.135175	0.135099	0.000000	0.490714	0.000000
#P0.185913	0.158612	0.133735	0.000000	0.488759	0.000000
#P0.164417	0.179476	0.132359	0.000000	0.486804	0.000000
#P0.140620	0.197473	0.130972	0.000000	0.484848	0.000000
#P0.114899	0.212355	0.129574	0.000000	0.482893	0.000000
#P0.087657	0.223923	0.128165	0.000000	0.480938	0.000000
#P0.059317	0.232030	0.126745	0.000000	0.478983	0.000000
#P0.030315	0.236580	0.125314	0.000000	0.477028	0.000000
#P0.001094	0.237534	0.123873	0.000000	0.475073	0.000000
#P-0.027904	0.234908	0.122421	0.000000	0.473118	0.000000
#P-0.056243	0.228769	0.120959	0.000000	0.471163	0.000000
#P-0.083503	0.219241	0.119486	0.000000	0.469208	0.000000
#P-0.109280	0.206493	0.118004	0.000000	0.467253	0.000000
#P-0.133198	0.190746	0.116511	0.000000	0.465298	0.000000
#P-0.154913	0.172261	0.115009	0.000000	0.463343	0.000000
#P-0.174115	0.151340	0.113496	0.000000	0.461388	0.000000
#P-0.190536	0.128319	0.111974	0.000000	0.459433	0.000000
#P-0.203951	0.103564	0.110443	0.000000	0.457478	0.000000
#P-0.214185	0.077461	0.108902	0.000000	0.455523	0.000000
#P-0.221109	0.050416	0.107352	0.000000	0.453568	0.000000
#P-0.224648	0.022844	0.105793	0.000000	0.451613	0.000000
#P-0.224777	-0.004833	0.104225	0.000000	0.449658	0.000000
#P-0.221524	-0.032198	0.102648	0.000000	0.447703	0.000000
#P-0.214967	-0.058840	0.101062	0.000000	0.445748	0.000000
#P-0.205233	-0.084365	0.099468	0.000000	0.443793	0.000000
#P-0.192498	-0.108397	0.097865	0.000000	0.441838	0.000000
#P-0.176979	-0.130586	0.096254	0.000000	0.439883	0.000000
#P-0.158935	-0.150615	0.094635	0.000000	0.437928	0.000000
#P-0.138661	-0.168200	0.093007	0.000000	0.435973	0.000000
#P-0.116482	-0.183098	0.091372	0.000000	0.434018	0.000000
#P-0.092749	-0.195108	0.089729	0.000000	0.432063	0.000000
#P-0.067836	-0.204075	0.088079	0.000000	0.430108	0.000000
#P-0.042127	-0.209890	0.086421	0.000000	0.428152	0.000000
#P-0.016018	-0.212496	0.084756	0.000000	0.426197	0.000000
#P0.010093	-0.211881	0.083083	0.000000	0.424242	0.000000
#P0.035813	-0.208084	0.081403	0.000000	0.422287	0.000000
#P0.060757	-0.201192	0.079717	0.000000	0.420332	0.000000
#P0.084556	-0.191338	0.078024	0.000000	0.418377	0.000000
#P0.106862	-0.178696	0.076324	0.000000	0.416422	0.000000
#P0.127352	-0.163485	0.074618	0.000000	0.414467	0.000000
#P0.145733	-0.145957	0.072905	0.000000	0.412512	0.000000
#P0.161749	-0.126399	0.071186	0.000000	0.410557	0.000000
#P0.175179	-0.105124	0.069461	0.000000	0.408602	0.000000
#P0.185847	-0.082471	0.067730	0.000000	0.406647	0.000000
#P0.193616	-0.058794	0.065994	0.000000	0.404692	0.000000
#P0.198398	-0.034460	0.064252	0.000000	0.402737	0.000000
#P0.200149	-0.009842	0.062504	0.000000	0.400782	0.000000
#P0.198872	0.014684	0.060751	0.000000	0.398827	0.000000
#P0.194616	0.038750	0.058993	0.000000	0.396872	0.000000
#P0.187473	0.061998	0.057230	0.000000	0.394917	0.000000
#P0.177580	0.084083	0.055462	0.000000	0.392962	0.000000
#P0.165114	0.104685	0.053689	0.000000	0.391007	0.000000
#P0.150288	0.123507	0.051912	0.000000	0.389052	0.000000
#P0.133348	0.140282	0.050131	0.000000	0.387097	0.000000
#P0.114573	0.154779	0.048345	0.000000	0.385142	0.000000
#P0.094264	0.166800	0.046555	0.000000	0.383187	0.000000
#P0.072743	0.176190	0.044761	0.000000	0.381232	0.000000
#P0.050347	0.182833	0.042963	0.000000	0.379277	0.000000
#P0.027423	0.186657	0.041162	0.000000	0.377322	0.000000
#P0.004322	0.187634	0.039357	0.000000	0.375367	0.000000
#P-0.018603	0.185777	0.037549	0.000000	0.373412	0.000000
#P-0.041011	0.181144	0.035737	0.000000	0.371457	0.000000
#P-0.062566	0.173834	0.033923	0.000000	0.369501	0.000000
#P-0.082953	0.163986	0.032106	0.000000	0.367546	0.000000
#P-0.101877	0.151774	0.030286	0.000000	0.365591	0.000000
#P-0.119066	0.137409	0.028463	0.000000	0.363636	0.000000
#P-0.134279	0.121130	0.026638	0.000000	0.361681	0.000000
#P-0.147309	0.103203	0.024811	0.000000	0.359726	0.000000
#P-0.157981	0.083917	0.022981	0.000000	0.357771	0.000000
#P-0.166160	0.063578	0.021150	0.000000	0.355816	0.000000
#P-0.171749	0.042505	0.019317	0.000000	0.353861	0.000000
#P-0.174693	0.021023	0.017482	0.000000	0.351906	0.000000
#P-0.174975	-0.000537	0.015646	0.000000	0.349951	0.000000
#P-0.172621	-0.021850	0.013808	0.000000	0.347996	0.000000
#P-0.167695	-0.042596	0.011970	0.000000	0.346041	0.000000
#P-0.160302	-0.062468	0.010130	0.000000	0.344086	0.000000
#P-0.150579	-0.081175	0.008289	0.000000	0.342131	0.000000
#P-0.138701	-0.098448	0.006448	0.000000	0.340176	0.000000
#P-0.124871	-0.114042	0.004606	0.000000	0.338221	0.000000
#P-0.109321	-0.127740	0.002764	0.000000	0.336266	0.000000
#P-0.092306	-0.139358	0.000921	0.000000	0.334311	0.000000
#P-0.074099	-0.148743	-0.000921	0.000000	0.332356	0.000000
#P-0.054990	-0.155780	-0.002764	0.000000	0.330401	0.000000
#P-0.035278	-0.160389	-0.004606	0.000000	0.328446	0.000000
#P-0.015268	-0.162530	-0.006448	0.000000	0.326491	0.000000
#P0.004733	-0.162199	-0.008289	0.000000	0.324536	0.000000
#P0.024424	-0.159430	-0.010130	0.000000	0.322581	0.000000
#P0.043509	-0.154296	-0.011970	0.000000	0.320626	0.000000
#P0.061709	-0.146900	-0.013808	0.000000	0.318671	0.000000
#P0.078757	-0.137384	-0.015646	0.000000	0.316716	0.000000
#P0.094411	-0.125917	-0.017482	0.000000	0.314761	0.000000
#P0.108451	-0.112696	-0.019317	0.000000	0.312805	0.000000
#P0.120683	-0.097942	-0.021150	0.000000	0.310850	0.000000
#P0.130946	-0.081898	-0.022981	0.000000	0.308895	0.000000
#P0.139108	-0.064824	-0.024811	0.000000	0.306940	0.000000
#P0.145072	-0.046989	-0.026638	0.000000	0.304985	0.000000
#P0.148777	-0.028674	-0.028463	0.000000	0.303030	0.000000
#P0.150194	-0.010163	-0.030286	0.000000	0.301075	0.000000
#P0.149332	0.008263	-0.032106	0.000000	0.299120	0.000000
#P0.146232	0.026325	-0.033923	0.000000	0.297165	0.000000
#P0.140971	0.043755	-0.035737	0.000000	0.295210	0.000000
#P0.133656	0.060296	-0.037549	0.000000	0.293255	0.000000
#P0.124426	0.075711	-0.039357	0.000000	0.291300	0.000000
#P0.113445	0.089779	-0.041162	0.000000	0.289345	0.000000
#P0.100903	0.102307	-0.042963	0.000000	0.287390	0.000000
#P0.087011	0.113125	-0.044761	0.000000	0.285435	0.000000
#P0.071998	0.122092	-0.046555	0.000000	0.283480	0.000000
#P0.056106	0.129098	-0.048345	0.000000	0.281525	0.000000
#P0.039588	0.134062	-0.050131	0.000000	0.279570	0.000000
#P0.022703	0.136938	-0.051912	0.000000	0.277615	0.000000
#P0.005713	0.137711	-0.053689	0.000000	0.275660	0.000000
#P-0.011125	0.136399	-0.055462	0.000000	0.273705	0.000000
#P-0.027556	0.133051	-0.057230	0.000000	0.271750	0.000000
#P-0.043337	0.127747	-0.058993	0.000000	0.269795	0.000000
#P-0.058238	0.120594	-0.060751	0.000000	0.267840	0.000000
#P-0.072046	0.111728	-0.062504	0.000000	0.265885	0.000000
#P-0.084566	0.101308	-0.064252	0.000000	0.263930	0.000000
#P-0.095629	0.089514	-0.065994	0.000000	0.261975	0.000000
#P-0.105086	0.076547	-0.067730	0.000000	0.260020	0.000000
#P-0.112819	0.062620	-0.069461	0.000000	0.258065	0.000000
#P-0.118735	0.047958	-0.071186	0.000000	0.256109	0.000000
#P-0.122772	0.032796	-0.072905	0.000000	0.254154	0.000000
#P-0.124898	0.017371	-0.074618	0.000000	0.252199	0.000000
#P-0.125107	0.001921	-0.076324	0.000000	0.250244	0.000000
#P-0.123428	-0.013318	-0.078024	0.000000	0.248289	0.000000
#P-0.119915	-0.028118	-0.079717	0.000000	0.246334	0.000000
#P-0.114649	-0.042261	-0.081403	0.000000	0.244379	0.000000
#P-0.107738	-0.055543	-0.083083	0.000000	0.242424	0.000000
#P-0.099313	-0.067774	-0.084756	0.000000	0.240469	0.000000
#P-0.089526	-0.078786	-0.086421	0.000000	0.238514	0.000000
#P-0.078549	-0.088432	-0.088079	0.000000	0.236559	0.000000
#P-0.066567	-0.096585	-0.089729	0.000000	0.234604	0.000000
#P-0.053779	-0.103147	-0.091372	0.000000	0.232649	0.000000
#P-0.040393	-0.108043	-0.093007	0.000000	0.230694	0.000000
#P-0.026622	-0.111228	-0.094635	0.000000	0.228739	0.000000
#P-0.012684	-0.112680	-0.096254	0.000000	0.226784	0.000000
#P0.001208	-0.112408	-0.097865	0.000000	0.224829	0.000000
#P0.014842	-0.110444	-0.099468	0.000000	0.222874	0.000000
#P0.028015	-0.106848	-0.101062	0.000000	0.220919	0.000000
#P0.040534	-0.101702	-0.102648	0.000000	0.218964	0.000000
#P0.052220	-0.095112	-0.104225	0.000000	0.217009	0.000000
#P0.062908	-0.087204	-0.105793	0.000000	0.215054	0.000000
#P0.072455	-0.078122	-0.107352	0.000000	0.213099	0.000000
#P0.080734	-0.068026	-0.108902	0.000000	0.211144	0.000000
#P0.087641	-0.057087	-0.110443	0.000000	0.209189	0.000000
#P0.093098	-0.045489	-0.111974	0.000000	0.207234	0.000000
#P0.097046	-0.033421	-0.113496	0.000000	0.205279	0.000000
#P0.099453	-0.021076	-0.115009	0.000000	0.203324	0.000000
#P0.100312	-0.008647	-0.116511	0.000000	0.201369	0.000000
#P0.099639	0.003674	-0.118004	0.000000	0.199413	0.000000
#P0.097473	0.015699	-0.119486	0.000000	0.197458	0.000000
#P0.093876	0.027252	-0.120959	0.000000	0.195503	0.000000
#P0.088931	0.038163	-0.122421	0.000000	0.193548	0.000000
#P0.082741	0.048280	-0.123873	0.000000	0.191593	0.000000
#P0.075424	0.057462	-0.125314	0.000000	0.189638	0.000000
#P0.067116	0.065588	-0.126745	0.000000	0.187683	0.000000
#P0.057964	0.072553	-0.128165	0.000000	0.185728	0.000000
#P0.048125	0.078276	-0.129574	0.000000	0.183773	0.000000
#P0.037765	0.082694	-0.130972	0.000000	0.181818	0.000000
#P0.027054	0.085766	-0.132359	0.000000	0.179863	0.000000
#P0.016164	0.087473	-0.133735	0.000000	0.177908	0.000000
#P0.005265	0.087819	-0.135099	0.000000	0.175953	0.000000
#P-0.005473	0.086827	-0.136452	0.000000	0.173998	0.000000
#P-0.015890	0.084541	-0.137793	0.000000	0.172043	0.000000
#P-0.025833	0.081026	-0.139123	0.000000	0.170088	0.000000
#P-0.035157	0.076362	-0.140441	0.000000	0.168133	0.000000
#P-0.043734	0.070648	-0.141747	0.000000	0.166178	0.000000
#P-0.051449	0.063995	-0.143041	0.000000	0.164223	0.000000
#P-0.058201	0.056527	-0.144322	0.000000	0.162268	0.000000
#P-0.063909	0.048380	-0.145592	0.000000	0.160313	0.000000
#P-0.068510	0.039695	-0.146849	0.000000	0.158358	0.000000
#P-0.071958	0.030618	-0.148094	0.000000	0.156403	0.000000
#P-0.074228	0.021301	-0.149326	0.000000	0.154448	0.000000
#P-0.075313	0.011893	-0.150545	0.000000	0.152493	0.000000
#P-0.075226	0.002542	-0.151752	0.000000	0.150538	0.000000
#P-0.073997	-0.006607	-0.152945	0.000000	0.148583	0.000000
#P-0.071674	-0.015419	-0.154126	0.000000	0.146628	0.000000
#P-0.068321	-0.023764	-0.155294	0.000000	0.144673	0.000000
#P-0.064018	-0.031524	-0.156448	0.000000	0.142717	0.000000
#P-0.058855	-0.038595	-0.157590	0.000000	0.140762	0.000000
#P-0.052937	-0.044883	-0.158717	0.000000	0.138807	0.000000
#P-0.046376	-0.050313	-0.159832	0.000000	0.136852	0.000000
#P-0.039293	-0.054822	-0.160933	0.000000	0.134897	0.000000
#P-0.031811	-0.058365	-0.162020	0.000000	0.132942	0.000000
#P-0.024061	-0.060914	-0.163093	0.000000	0.130987	0.000000
#P-0.016171	-0.062457	-0.164153	0.000000	0.129032	0.000000
#P-0.008269	-0.062998	-0.165198	0.000000	0.127077	0.000000
#P-0.000480	-0.062559	-0.166230	0.000000	0.125122	0.000000
#P0.007076	-0.061176	-0.167247	0.000000	0.123167	0.000000
#P0.014288	-0.058898	-0.168251	0.000000	0.121212	0.000000
#P0.021052	-0.055789	-0.169240	0.000000	0.119257	0.000000
#P0.027275	-0.051923	-0.170214	0.000000	0.117302	0.000000
#P0.032874	-0.047387	-0.171175	0.000000	0.115347	0.000000
#P0.037781	-0.042273	-0.172120	0.000000	0.113392	0.000000
#P0.041941	-0.036681	-0.173051	0.000000	0.111437	0.000000
#P0.045310	-0.030718	-0.173968	0.000000	0.109482	0.000000
#P0.047862	-0.024489	-0.174869	0.000000	0.107527	0.000000
#P0.049584	-0.018105	-0.175756	0.000000	0.105572	0.000000
#P0.050476	-0.011672	-0.176628	0.000000	0.103617	0.000000
#P0.050554	-0.005298	-0.177485	0.000000	0.101662	0.000000
#P0.049845	0.000919	-0.178327	0.000000	0.099707	0.000000
#P0.048389	0.006881	-0.179153	0.000000	0.097752	0.000000
#P0.046238	0.012504	-0.179965	0.000000	0.095797	0.000000
#P0.043452	0.017706	-0.180761	0.000000	0.093842	0.000000
#P0.040102	0.022420	-0.181542	0.000000	0.091887	0.000000
#P0.036264	0.026586	-0.182307	0.000000	0.089932	0.000000
#P0.032022	0.030159	-0.183057	0.000000	0.087977	0.000000
#P0.027461	0.033103	-0.183792	0.000000	0.086022	0.000000
#P0.022671	0.035395	-0.184510	0.000000	0.084066	0.000000
#P0.017740	0.037025	-0.185214	0.000000	0.082111	0.000000
#P0.012759	0.037993	-0.185901	0.000000	0.080156	0.000000
#P0.007812	0.038312	-0.186573	0.000000	0.078201	0.000000
#P0.002982	0.038006	-0.187228	0.000000	0.076246	0.000000
#P-0.001654	0.037109	-0.187868	0.000000	0.074291	0.000000
#P-0.006025	0.035663	-0.188492	0.000000	0.072336	0.000000
#P-0.010070	0.033719	-0.189100	0.000000	0.070381	0.000000
#P-0.013733	0.031336	-0.189692	0.000000	0.068426	0.000000
#P-0.016970	0.028577	-0.190268	0.000000	0.066471	0.000000
#P-0.019745	0.025509	-0.190828	0.000000	0.064516	0.000000
#P-0.022034	0.022203	-0.191371	0.000000	0.062561	0.000000
#P-0.023820	0.018732	-0.191899	0.000000	0.060606	0.000000
#P-0.025099	0.015167	-0.192410	0.000000	0.058651	0.000000
#P-0.025876	0.011578	-0.192904	0.000000	0.056696	0.000000
#P-0.026165	0.008033	-0.193382	0.000000	0.054741	0.000000
#P-0.025990	0.004596	-0.193844	0.000000	0.052786	0.000000
#P-0.025381	0.001326	-0.194290	0.000000	0.050831	0.000000
#P-0.024377	-0.001725	-0.194719	0.000000	0.048876	0.000000
#P-0.023023	-0.004511	-0.195131	0.000000	0.046921	0.000000
#P-0.021368	-0.006994	-0.195527	0.000000	0.044966	0.000000
#P-0.019465	-0.009143	-0.195906	0.000000	0.043011	0.000000
#P-0.017371	-0.010939	-0.196269	0.000000	0.041056	0.000000
#P-0.015142	-0.012366	-0.196615	0.000000	0.039101	0.000000
#P-0.012837	-0.013422	-0.196944	0.000000	0.037146	0.000000
#P-0.010512	-0.014110	-0.197256	0.000000	0.035191	0.000000
#P-0.008220	-0.014442	-0.197552	0.000000	0.033236	0.000000
#P-0.006013	-0.014438	-0.197831	0.000000	0.031281	0.000000
#P-0.003936	-0.014125	-0.198093	0.000000	0.029326	0.000000
#P-0.002031	-0.013534	-0.198339	0.000000	0.027370	0.000000
#P-0.000332	-0.012703	-0.198567	0.000000	0.025415	0.000000
#P0.001133	-0.011675	-0.198779	0.000000	0.023460	0.000000
#P0.002342	-0.010495	-0.198974	0.000000	0.021505	0.000000
#P0.003282	-0.009208	-0.199152	0.000000	0.019550	0.000000
#P0.003947	-0.007863	-0.199313	0.000000	0.017595	0.000000
#P0.004338	-0.006506	-0.199457	0.000000	0.015640	0.000000
#P0.004465	-0.005185	-0.199584	0.000000	0.013685	0.000000
#P0.004343	-0.003942	-0.199695	0.000000	0.011730	0.000000
#P0.003994	-0.002817	-0.199788	0.000000	0.009775	0.000000
#P0.003447	-0.001845	-0.199864	0.000000	0.007820	0.000000
#P0.002736	-0.001056	-0.199924	0.000000	0.005865	0.000000
#P0.001896	-0.000475	-0.199966	0.000000	0.003910	0.000000
#P0.000970	-0.000120	-0.199992	0.000000	0.001955	0.000000
#P0.000000	0.000000	-0.200000	0.000000	0.000000	0.000000
