#N1020
#P1.000000	0.000000	0.000000	1.000000	1.000000	0.000000
#P0.998103	0.000000	0.061561	1.000000	1.000000	0.000000
#P0.992421	0.000000	0.122888	1.000000	1.000000	0.000000
#P0.982973	0.000000	0.183750	1.000000	1.000000	0.000000
#P0.969797	0.000000	0.243914	1.000000	1.000000	0.000000
#P0.952942	0.000000	0.303153	1.000000	1.000000	0.000000
#P0.932472	0.000000	0.361242	1.000000	1.000000	0.000000
#P0.908465	0.000000	0.417960	1.000000	1.000000	0.000000
#P0.881012	0.000000	0.473094	1.000000	1.000000	0.000000
#P0.850217	0.000000	0.526432	1.000000	1.000000	0.000000
#P0.816197	0.000000	0.577774	1.000000	1.000000	0.000000
#P0.779081	0.000000	0.626924	1.000000	1.000000	0.000000
#P0.739009	0.000000	0.673696	1.000000	1.000000	0.000000
#P0.696134	0.000000	0.717912	1.000000	1.000000	0.000000
#P0.650618	0.000000	0.759405	1.000000	1.000000	0.000000
#P0.602635	0.000000	0.798017	1.000000	1.000000	0.000000
#P0.552365	0.000000	0.833602	1.000000	1.000000	0.000000
#P0.500000	0.000000	0.866025	1.000000	1.000000	0.000000
#P0.445738	0.000000	0.895163	1.000000	1.000000	0.000000
#P0.389786	0.000000	0.920906	1.000000	1.000000	0.000000
#P0.332355	0.000000	0.943154	1.000000	1.000000	0.000000
#P0.273663	0.000000	0.961826	1.000000	1.000000	0.000000
#P0.213933	0.000000	0.976848	1.000000	1.000000	0.000000
#P0.153392	0.000000	0.988165	1.000000	1.000000	0.000000
#P0.092268	0.000000	0.995734	1.000000	1.000000	0.000000
#P0.030795	0.000000	0.999526	1.000000	1.000000	0.000000
#P-0.030795	0.000000	0.999526	1.000000	1.000000	0.000000
#P-0.092268	0.000000	0.995734	1.000000	1.000000	0.000000
#P-0.153392	0.000000	0.988165	1.000000	1.000000	0.000000
#P-0.213933	0.000000	0.976848	1.000000	1.000000	0.000000
#P-0.273663	0.000000	0.961826	1.000000	1.000000	0.000000
#P-0.332355	0.000000	0.943154	1.000000	1.000000	0.000000
#P-0.389786	0.000000	0.920906	1.000000	1.000000	0.000000
#P-0.445738	0.000000	0.895163	1.000000	1.000000	0.000000
#P-0.500000	0.000000	0.866025	1.000000	1.000000	0.000000
#P-0.552365	0.000000	0.833602	1.000000	1.000000	0.000000
#P-0.602635	0.000000	0.798017	1.000000	1.000000	0.000000
#P-0.650618	0.000000	0.759405	1.000000	1.000000	0.000000
#P-0.696134	0.000000	0.717912	1.000000	1.000000	0.000000
#P-0.739009	0.000000	0.673696	1.000000	1.000000	0.000000
#P-0.779081	0.000000	0.626924	1.000000	1.000000	0.000000
#P-0.816197	0.000000	0.577774	1.000000	1.000000	0.000000
#P-0.850217	0.000000	0.526432	1.000000	1.000000	0.000000
#P-0.881012	0.000000	0.473094	1.000000	1.000000	0.000000
#P-0.908465	0.000000	0.417960	1.000000	1.000000	0.000000
#P-0.932472	0.000000	0.361242	1.000000	1.000000	0.000000
#P-0.952942	0.000000	0.303153	1.000000	1.000000	0.000000
#P-0.969797	0.000000	0.243914	1.000000	1.000000	0.000000
#P-0.982973	0.000000	0.183750	1.000000	1.000000	0.000000
#P-0.992421	0.000000	0.122888	1.000000	1.000000	0.000000
#P-0.998103	0.000000	0.061561	1.000000	1.000000	0.000000
#P-1.000000	0.000000	0.000000	1.000000	1.000000	0.000000
#P-0.998103	0.000000	-0.061561	1.000000	1.000000	0.000000
#P-0.992421	0.000000	-0.122888	1.000000	1.000000	0.000000
#P-0.982973	0.000000	-0.183750	1.000000	1.000000	0.000000
#P-0.969797	0.000000	-0.243914	1.000000	1.000000	0.000000
#P-0.952942	0.000000	-0.303153	1.000000	1.000000	0.000000
#P-0.932472	0.000000	-0.361242	1.000000	1.000000	0.000000
#P-0.908465	0.000000	-0.417960	1.000000	1.000000	0.000000
#P-0.881012	0.000000	-0.473094	1.000000	1.000000	0.000000
#P-0.850217	0.000000	-0.526432	1.000000	1.000000	0.000000
#P-0.816197	0.000000	-0.577774	1.000000	1.000000	0.000000
#P-0.779081	0.000000	-0.626924	1.000000	1.000000	0.000000
#P-0.739009	0.000000	-0.673696	1.000000	1.000000	0.000000
#P-0.696134	0.000000	-0.717912	1.000000	1.000000	0.000000
#P-0.650618	0.000000	-0.759405	1.000000	1.000000	0.000000
#P-0.602635	0.000000	-0.798017	1.000000	1.000000	0.000000
#P-0.552365	0.000000	-0.833602	1.000000	1.000000	0.000000
#P-0.500000	0.000000	-0.866025	1.000000	1.000000	0.000000
#P-0.445738	0.000000	-0.895163	1.000000	1.000000	0.000000
#P-0.389786	0.000000	-0.920906	1.000000	1.000000	0.000000
#P-0.332355	0.000000	-0.943154	1.000000	1.000000	0.000000
#P-0.273663	0.000000	-0.961826	1.000000	1.000000	0.000000
#P-0.213933	0.000000	-0.976848	1.000000	1.000000	0.000000
#P-0.153392	0.000000	-0.988165	1.000000	1.000000	0.000000
#P-0.092268	0.000000	-0.995734	1.000000	1.000000	0.000000
#P-0.030795	0.000000	-0.999526	1.000000	1.000000	0.000000
#P0.030795	0.000000	-0.999526	1.000000	1.000000	0.000000
#P0.092268	0.000000	-0.995734	1.000000	1.000000	0.000000
#P0.153392	0.000000	-0.988165	1.000000	1.000000	0.000000
#P0.213933	0.000000	-0.976848	1.000000	1.000000	0.000000
#P0.273663	0.000000	-0.961826	1.000000	1.000000	0.000000
#P0.332355	0.000000	-0.943154	1.000000	1.000000	0.000000
#P0.389786	0.000000	-0.920906	1.000000	1.000000	0.000000
#P0.445738	0.000000	-0.895163	1.000000	1.000000	0.000000
#P0.500000	0.000000	-0.866025	1.000000	1.000000	0.000000
#P0.552365	0.000000	-0.833602	1.000000	1.000000	0.000000
#P0.602635	0.000000	-0.798017	1.000000	1.000000	0.000000
#P0.650618	0.000000	-0.759405	1.000000	1.000000	0.000000
#P0.696134	0.000000	-0.717912	1.000000	1.000000	0.000000
#P0.739009	0.000000	-0.673696	1.000000	1.000000	0.000000
#P0.779081	0.000000	-0.626924	1.000000	1.000000	0.000000
#P0.816197	0.000000	-0.577774	1.000000	1.000000	0.000000
#P0.850217	0.000000	-0.526432	1.000000	1.000000	0.000000
#P0.881012	0.000000	-0.473094	1.000000	1.000000	0.000000
#P0.908465	0.000000	-0.417960	1.000000	1.000000	0.000000
#P0.932472	0.000000	-0.361242	1.000000	1.000000	0.000000
#P0.952942	0.000000	-0.303153	1.000000	1.000000	0.000000
#P0.969797	0.000000	-0.243914	1.000000	1.000000	0.000000
#P0.982973	0.000000	-0.183750	1.000000	1.000000	0.000000
#P0.992421	0.000000	-0.122888	1.000000	1.000000	0.000000
#P0.998103	0.000000	-0.061561	1.000000	1.000000	0.000000
#P0.942705	0.176336	0.000000	1.000000	0.904508	0.000000
#P0.940917	0.176336	0.058034	1.000000	0.904508	0.000000
#P0.935560	0.176336	0.115847	1.000000	0.904508	0.000000
#P0.926654	0.176336	0.173222	1.000000	0.904508	0.000000
#P0.914233	0.176336	0.229939	1.000000	0.904508	0.000000
#P0.898343	0.176336	0.285784	1.000000	0.904508	0.000000
#P0.879046	0.176336	0.340544	1.000000	0.904508	0.000000
#P0.856415	0.176336	0.394013	1.000000	0.904508	0.000000
#P0.830535	0.176336	0.445988	1.000000	0.904508	0.000000
#P0.801504	0.176336	0.496270	1.000000	0.904508	0.000000
#P0.769433	0.176336	0.544670	1.000000	0.904508	0.000000
#P0.734443	0.176336	0.591004	1.000000	0.904508	0.000000
#P0.696667	0.176336	0.635096	1.000000	0.904508	0.000000
#P0.656249	0.176336	0.676779	1.000000	0.904508	0.000000
#P0.613341	0.176336	0.715895	1.000000	0.904508	0.000000
#P0.568107	0.176336	0.752295	1.000000	0.904508	0.000000
#P0.520717	0.176336	0.785841	1.000000	0.904508	0.000000
#P0.471353	0.176336	0.816407	1.000000	0.904508	0.000000
#P0.420200	0.176336	0.843875	1.000000	0.904508	0.000000
#P0.367453	0.176336	0.868142	1.000000	0.904508	0.000000
#P0.313313	0.176336	0.889116	1.000000	0.904508	0.000000
#P0.257983	0.176336	0.906718	1.000000	0.904508	0.000000
#P0.201676	0.176336	0.920880	1.000000	0.904508	0.000000
#P0.144603	0.176336	0.931549	1.000000	0.904508	0.000000
#P0.086982	0.176336	0.938684	1.000000	0.904508	0.000000
#P0.029031	0.176336	0.942258	1.000000	0.904508	0.000000
#P-0.029031	0.176336	0.942258	1.000000	0.904508	0.000000
#P-0.086982	0.176336	0.938684	1.000000	0.904508	0.000000
#P-0.144603	0.176336	0.931549	1.000000	0.904508	0.000000
#P-0.201676	0.176336	0.920880	1.000000	0.904508	0.000000
#P-0.257983	0.176336	0.906718	1.000000	0.904508	0.000000
#P-0.313313	0.176336	0.889116	1.000000	0.904508	0.000000
#P-0.367453	0.176336	0.868142	1.000000	0.904508	0.000000
#P-0.420200	0.176336	0.843875	1.000000	0.904508	0.000000
#P-0.471353	0.176336	0.816407	1.000000	0.904508	0.000000
#P-0.520717	0.176336	0.785841	1.000000	0.904508	0.000000
#P-0.568107	0.176336	0.752295	1.000000	0.904508	0.000000
#P-0.613341	0.176336	0.715895	1.000000	0.904508	0.000000
#P-0.656249	0.176336	0.676779	1.000000	0.904508	0.000000
#P-0.696667	0.176336	0.635096	1.000000	0.904508	0.000000
#P-0.734443	0.176336	0.591004	1.000000	0.904508	0.000000
#P-0.769433	0.176336	0.544670	1.000000	0.904508	0.000000
#P-0.801504	0.176336	0.496270	1.000000	0.904508	0.000000
#P-0.830535	0.176336	0.445988	1.000000	0.904508	0.000000
#P-0.856415	0.176336	0.394013	1.000000	0.904508	0.000000
#P-0.879046	0.176336	0.340544	1.000000	0.904508	0.000000
#P-0.898343	0.176336	0.285784	1.000000	0.904508	0.000000
#P-0.914233	0.176336	0.229939	1.000000	0.904508	0.000000
#P-0.926654	0.176336	0.173222	1.000000	0.904508	0.000000
#P-0.935560	0.176336	0.115847	1.000000	0.904508	0.000000
#P-0.940917	0.176336	0.058034	1.000000	0.904508	0.000000
#P-0.942705	0.176336	0.000000	1.000000	0.904508	0.000000
#P-0.940917	0.176336	-0.058034	1.000000	0.904508	0.000000
#P-0.935560	0.176336	-0.115847	1.000000	0.904508	0.000000
#P-0.926654	0.176336	-0.173222	1.000000	0.904508	0.000000
#P-0.914233	0.176336	-0.229939	1.000000	0.904508	0.000000
#P-0.898343	0.176336	-0.285784	1.000000	0.904508	0.000000
#P-0.879046	0.176336	-0.340544	1.000000	0.904508	0.000000
#P-0.856415	0.176336	-0.394013	1.000000	0.904508	0.000000
#P-0.830535	0.176336	-0.445988	1.000000	0.904508	0.000000
#P-0.801504	0.176336	-0.496270	1.000000	0.904508	0.000000
#P-0.769433	0.176336	-0.544670	1.000000	0.904508	0.000000
#P-0.734443	0.176336	-0.591004	1.000000	0.904508	0.000000
#P-0.696667	0.176336	-0.635096	1.000000	0.904508	0.000000
#P-0.656249	0.176336	-0.676779	1.000000	0.904508	0.000000
#P-0.613341	0.176336	-0.715895	1.000000	0.904508	0.000000
#P-0.568107	0.176336	-0.752295	1.000000	0.904508	0.000000
#P-0.520717	0.176336	-0.785841	1.000000	0.904508	0.000000
#P-0.471353	0.176336	-0.816407	1.000000	0.904508	0.000000
#P-0.420200	0.176336	-0.843875	1.000000	0.904508	0.000000
#P-0.367453	0.176336	-0.868142	1.000000	0.904508	0.000000
#P-0.313313	0.176336	-0.889116	1.000000	0.904508	0.000000
#P-0.257983	0.176336	-0.906718	1.000000	0.904508	0.000000
#P-0.201676	0.176336	-0.920880	1.000000	0.904508	0.000000
#P-0.144603	0.176336	-0.931549	1.000000	0.904508	0.000000
#P-0.086982	0.176336	-0.938684	1.000000	0.904508	0.000000
#P-0.029031	0.176336	-0.942258	1.000000	0.904508	0.000000
#P0.029031	0.176336	-0.942258	1.000000	0.904508	0.000000
#P0.086982	0.176336	-0.938684	1.000000	0.904508	0.000000
#P0.144603	0.176336	-0.931549	1.000000	0.904508	0.000000
#P0.201676	0.176336	-0.920880	1.000000	0.904508	0.000000
#P0.257983	0.176336	-0.906718	1.000000	0.904508	0.000000
#P0.313313	0.176336	-0.889116	1.000000	0.904508	0.000000
#P0.367453	0.176336	-0.868142	1.000000	0.904508	0.000000
#P0.420200	0.176336	-0.843875	1.000000	0.904508	0.000000
#P0.471353	0.176336	-0.816407	1.000000	0.904508	0.000000
#P0.520717	0.176336	-0.785841	1.000000	0.904508	0.000000
#P0.568107	0.176336	-0.752295	1.000000	0.904508	0.000000
#P0.613341	0.176336	-0.715895	1.000000	0.904508	0.000000
#P0.656249	0.176336	-0.676779	1.000000	0.904508	0.000000
#P0.696667	0.176336	-0.635096	1.000000	0.904508	0.000000
#P0.734443	0.176336	-0.591004	1.000000	0.904508	0.000000
#P0.769433	0.176336	-0.544670	1.000000	0.904508	0.000000
#P0.801504	0.176336	-0.496270	1.000000	0.904508	0.000000
#P0.830535	0.176336	-0.445988	1.000000	0.904508	0.000000
#P0.856415	0.176336	-0.394013	1.000000	0.904508	0.000000
#P0.879046	0.176336	-0.340544	1.000000	0.904508	0.000000
#P0.898343	0.176336	-0.285784	1.000000	0.904508	0.000000
#P0.914233	0.176336	-0.229939	1.000000	0.904508	0.000000
#P0.926654	0.176336	-0.173222	1.000000	0.904508	0.000000
#P0.935560	0.176336	-0.115847	1.000000	0.904508	0.000000
#P0.940917	0.176336	-0.058034	1.000000	0.904508	0.000000
#P0.792705	0.285317	0.000000	1.000000	0.654508	0.000000
#P0.791202	0.285317	0.048800	1.000000	0.654508	0.000000
#P0.786697	0.285317	0.097414	1.000000	0.654508	0.000000
#P0.779208	0.285317	0.145659	1.000000	0.654508	0.000000
#P0.768763	0.285317	0.193352	1.000000	0.654508	0.000000
#P0.755402	0.285317	0.240311	1.000000	0.654508	0.000000
#P0.739175	0.285317	0.286358	1.000000	0.654508	0.000000
#P0.720145	0.285317	0.331319	1.000000	0.654508	0.000000
#P0.698383	0.285317	0.375024	1.000000	0.654508	0.000000
#P0.673971	0.285317	0.417305	1.000000	0.654508	0.000000
#P0.647003	0.285317	0.458004	1.000000	0.654508	0.000000
#P0.617581	0.285317	0.496966	1.000000	0.654508	0.000000
#P0.585816	0.285317	0.534042	1.000000	0.654508	0.000000
#P0.551829	0.285317	0.569092	1.000000	0.654508	0.000000
#P0.515748	0.285317	0.601984	1.000000	0.654508	0.000000
#P0.477712	0.285317	0.632592	1.000000	0.654508	0.000000
#P0.437863	0.285317	0.660801	1.000000	0.654508	0.000000
#P0.396353	0.285317	0.686503	1.000000	0.654508	0.000000
#P0.353339	0.285317	0.709601	1.000000	0.654508	0.000000
#P0.308985	0.285317	0.730006	1.000000	0.654508	0.000000
#P0.263459	0.285317	0.747643	1.000000	0.654508	0.000000
#P0.216934	0.285317	0.762444	1.000000	0.654508	0.000000
#P0.169586	0.285317	0.774353	1.000000	0.654508	0.000000
#P0.121594	0.285317	0.783324	1.000000	0.654508	0.000000
#P0.073142	0.285317	0.789324	1.000000	0.654508	0.000000
#P0.024411	0.285317	0.792329	1.000000	0.654508	0.000000
#P-0.024411	0.285317	0.792329	1.000000	0.654508	0.000000
#P-0.073142	0.285317	0.789324	1.000000	0.654508	0.000000
#P-0.121594	0.285317	0.783324	1.000000	0.654508	0.000000
#P-0.169586	0.285317	0.774353	1.000000	0.654508	0.000000
#P-0.216934	0.285317	0.762444	1.000000	0.654508	0.000000
#P-0.263459	0.285317	0.747643	1.000000	0.654508	0.000000
#P-0.308985	0.285317	0.730006	1.000000	0.654508	0.000000
#P-0.353339	0.285317	0.709601	1.000000	0.654508	0.000000
#P-0.396353	0.285317	0.686503	1.000000	0.654508	0.000000
#P-0.437863	0.285317	0.660801	1.000000	0.654508	0.000000
#P-0.477712	0.285317	0.632592	1.000000	0.654508	0.000000
#P-0.515748	0.285317	0.601984	1.000000	0.654508	0.000000
#P-0.551829	0.285317	0.569092	1.000000	0.654508	0.000000
#P-0.585816	0.285317	0.534042	1.000000	0.654508	0.000000
#P-0.617581	0.285317	0.496966	1.000000	0.654508	0.000000
#P-0.647003	0.285317	0.458004	1.000000	0.654508	0.000000
#P-0.673971	0.285317	0.417305	1.000000	0.654508	0.000000
#P-0.698383	0.285317	0.375024	1.000000	0.654508	0.000000
#P-0.720145	0.285317	0.331319	1.000000	0.654508	0.000000
#P-0.739175	0.285317	0.286358	1.000000	0.654508	0.000000
#P-0.755402	0.285317	0.240311	1.000000	0.654508	0.000000
#P-0.768763	0.285317	0.193352	1.000000	0.654508	0.000000
#P-0.779208	0.285317	0.145659	1.000000	0.654508	0.000000
#P-0.786697	0.285317	0.097414	1.000000	0.654508	0.000000
#P-0.791202	0.285317	0.048800	1.000000	0.654508	0.000000
#P-0.792705	0.285317	0.000000	1.000000	0.654508	0.000000
#P-0.791202	0.285317	-0.048800	1.000000	0.654508	0.000000
#P-0.786697	0.285317	-0.097414	1.000000	0.654508	0.000000
#P-0.779208	0.285317	-0.145659	1.000000	0.654508	0.000000
#P-0.768763	0.285317	-0.193352	1.000000	0.654508	0.000000
#P-0.755402	0.285317	-0.240311	1.000000	0.654508	0.000000
#P-0.739175	0.285317	-0.286358	1.000000	0.654508	0.000000
#P-0.720145	0.285317	-0.331319	1.000000	0.654508	0.000000
#P-0.698383	0.285317	-0.375024	1.000000	0.654508	0.000000
#P-0.673971	0.285317	-0.417305	1.000000	0.654508	0.000000
#P-0.647003	0.285317	-0.458004	1.000000	0.654508	0.000000
#P-0.617581	0.285317	-0.496966	1.000000	0.654508	0.000000
#P-0.585816	0.285317	-0.534042	1.000000	0.654508	0.000000
#P-0.551829	0.285317	-0.569092	1.000000	0.654508	0.000000
#P-0.515748	0.285317	-0.601984	1.000000	0.654508	0.000000
#P-0.477712	0.285317	-0.632592	1.000000	0.654508	0.000000
#P-0.437863	0.285317	-0.660801	1.000000	0.654508	0.000000
#P-0.396353	0.285317	-0.686503	1.000000	0.654508	0.000000
#P-0.353339	0.285317	-0.709601	1.000000	0.654508	0.000000
#P-0.308985	0.285317	-0.730006	1.000000	0.654508	0.000000
#P-0.263459	0.285317	-0.747643	1.000000	0.654508	0.000000
#P-0.216934	0.285317	-0.762444	1.000000	0.654508	0.000000
#P-0.169586	0.285317	-0.774353	1.000000	0.654508	0.000000
#P-0.121594	0.285317	-0.783324	1.000000	0.654508	0.000000
#P-0.073142	0.285317	-0.789324	1.000000	0.654508	0.000000
#P-0.024411	0.285317	-0.792329	1.000000	0.654508	0.000000
#P0.024411	0.285317	-0.792329	1.000000	0.654508	0.000000
#P0.073142	0.285317	-0.789324	1.000000	0.654508	0.000000
#P0.121594	0.285317	-0.783324	1.000000	0.654508	0.000000
#P0.169586	0.285317	-0.774353	1.000000	0.654508	0.000000
#P0.216934	0.285317	-0.762444	1.000000	0.654508	0.000000
#P0.263459	0.285317	-0.747643	1.000000	0.654508	0.000000
#P0.308985	0.285317	-0.730006	1.000000	0.654508	0.000000
#P0.353339	0.285317	-0.709601	1.000000	0.654508	0.000000
#P0.396353	0.285317	-0.686503	1.000000	0.654508	0.000000
#P0.437863	0.285317	-0.660801	1.000000	0.654508	0.000000
#P0.477712	0.285317	-0.632592	1.000000	0.654508	0.000000
#P0.515748	0.285317	-0.601984	1.000000	0.654508	0.000000
#P0.551829	0.285317	-0.569092	1.000000	0.654508	0.000000
#P0.585816	0.285317	-0.534042	1.000000	0.654508	0.000000
#P0.617581	0.285317	-0.496966	1.000000	0.654508	0.000000
#P0.647003	0.285317	-0.458004	1.000000	0.654508	0.000000
#P0.673971	0.285317	-0.417305	1.000000	0.654508	0.000000
#P0.698383	0.285317	-0.375024	1.000000	0.654508	0.000000
#P0.720145	0.285317	-0.331319	1.000000	0.654508	0.000000
#P0.739175	0.285317	-0.286358	1.000000	0.654508	0.000000
#P0.755402	0.285317	-0.240311	1.000000	0.654508	0.000000
#P0.768763	0.285317	-0.193352	1.000000	0.654508	0.000000
#P0.779208	0.285317	-0.145659	1.000000	0.654508	0.000000
#P0.786697	0.285317	-0.097414	1.000000	0.654508	0.000000
#P0.791202	0.285317	-0.048800	1.000000	0.654508	0.000000
#P0.607295	0.285317	0.000000	1.000000	0.345492	0.000000
#P0.606143	0.285317	0.037386	1.000000	0.345492	0.000000
#P0.602692	0.285317	0.074629	1.000000	0.345492	0.000000
#P0.596955	0.285317	0.111590	1.000000	0.345492	0.000000
#P0.588953	0.285317	0.148128	1.000000	0.345492	0.000000
#P0.578717	0.285317	0.184103	1.000000	0.345492	0.000000
#P0.566286	0.285317	0.219380	1.000000	0.345492	0.000000
#P0.551706	0.285317	0.253825	1.000000	0.345492	0.000000
#P0.535034	0.285317	0.287307	1.000000	0.345492	0.000000
#P0.516333	0.285317	0.319700	1.000000	0.345492	0.000000
#P0.495672	0.285317	0.350879	1.000000	0.345492	0.000000
#P0.473132	0.285317	0.380728	1.000000	0.345492	0.000000
#P0.448796	0.285317	0.409132	1.000000	0.345492	0.000000
#P0.422759	0.285317	0.435984	1.000000	0.345492	0.000000
#P0.395117	0.285317	0.461183	1.000000	0.345492	0.000000
#P0.365977	0.285317	0.484632	1.000000	0.345492	0.000000
#P0.335448	0.285317	0.506242	1.000000	0.345492	0.000000
#P0.303647	0.285317	0.525933	1.000000	0.345492	0.000000
#P0.270695	0.285317	0.543628	1.000000	0.345492	0.000000
#P0.236715	0.285317	0.559261	1.000000	0.345492	0.000000
#P0.201837	0.285317	0.572773	1.000000	0.345492	0.000000
#P0.166194	0.285317	0.584112	1.000000	0.345492	0.000000
#P0.129920	0.285317	0.593235	1.000000	0.345492	0.000000
#P0.093154	0.285317	0.600108	1.000000	0.345492	0.000000
#P0.056034	0.285317	0.604704	1.000000	0.345492	0.000000
#P0.018702	0.285317	0.607007	1.000000	0.345492	0.000000
#P-0.018702	0.285317	0.607007	1.000000	0.345492	0.000000
#P-0.056034	0.285317	0.604704	1.000000	0.345492	0.000000
#P-0.093154	0.285317	0.600108	1.000000	0.345492	0.000000
#P-0.129920	0.285317	0.593235	1.000000	0.345492	0.000000
#P-0.166194	0.285317	0.584112	1.000000	0.345492	0.000000
#P-0.201837	0.285317	0.572773	1.000000	0.345492	0.000000
#P-0.236715	0.285317	0.559261	1.000000	0.345492	0.000000
#P-0.270695	0.285317	0.543628	1.000000	0.345492	0.000000
#P-0.303647	0.285317	0.525933	1.000000	0.345492	0.000000
#P-0.335448	0.285317	0.506242	1.000000	0.345492	0.000000
#P-0.365977	0.285317	0.484632	1.000000	0.345492	0.000000
#P-0.395117	0.285317	0.461183	1.000000	0.345492	0.000000
#P-0.422759	0.285317	0.435984	1.000000	0.345492	0.000000
#P-0.448796	0.285317	0.409132	1.000000	0.345492	0.000000
#P-0.473132	0.285317	0.380728	1.000000	0.345492	0.000000
#P-0.495672	0.285317	0.350879	1.000000	0.345492	0.000000
#P-0.516333	0.285317	0.319700	1.000000	0.345492	0.000000
#P-0.535034	0.285317	0.287307	1.000000	0.345492	0.000000
#P-0.551706	0.285317	0.253825	1.000000	0.345492	0.000000
#P-0.566286	0.285317	0.219380	1.000000	0.345492	0.000000
#P-0.578717	0.285317	0.184103	1.000000	0.345492	0.000000
#P-0.588953	0.285317	0.148128	1.000000	0.345492	0.000000
#P-0.596955	0.285317	0.111590	1.000000	0.345492	0.000000
#P-0.602692	0.285317	0.074629	1.000000	0.345492	0.000000
#P-0.606143	0.285317	0.037386	1.000000	0.345492	0.000000
#P-0.607295	0.285317	0.000000	1.000000	0.345492	0.000000
#P-0.606143	0.285317	-0.037386	1.000000	0.345492	0.000000
#P-0.602692	0.285317	-0.074629	1.000000	0.345492	0.000000
#P-0.596955	0.285317	-0.111590	1.000000	0.345492	0.000000
#P-0.588953	0.285317	-0.148128	1.000000	0.345492	0.000000
#P-0.578717	0.285317	-0.184103	1.000000	0.345492	0.000000
#P-0.566286	0.285317	-0.219380	1.000000	0.345492	0.000000
#P-0.551706	0.285317	-0.253825	1.000000	0.345492	0.000000
#P-0.535034	0.285317	-0.287307	1.000000	0.345492	0.000000
#P-0.516333	0.285317	-0.319700	1.000000	0.345492	0.000000
#P-0.495672	0.285317	-0.350879	1.000000	0.345492	0.000000
#P-0.473132	0.285317	-0.380728	1.000000	0.345492	0.000000
#P-0.448796	0.285317	-0.409132	1.000000	0.345492	0.000000
#P-0.422759	0.285317	-0.435984	1.000000	0.345492	0.000000
#P-0.395117	0.285317	-0.461183	1.000000	0.345492	0.000000
#P-0.365977	0.285317	-0.484632	1.000000	0.345492	0.000000
#P-0.335448	0.285317	-0.506242	1.000000	0.345492	0.000000
#P-0.303647	0.285317	-0.525933	1.000000	0.345492	0.000000
#P-0.270695	0.285317	-0.543628	1.000000	0.345492	0.000000
#P-0.236715	0.285317	-0.559261	1.000000	0.345492	0.000000
#P-0.201837	0.285317	-0.572773	1.000000	0.345492	0.000000
#P-0.166194	0.285317	-0.584112	1.000000	0.345492	0.000000
#P-0.129920	0.285317	-0.593235	1.000000	0.345492	0.000000
#P-0.093154	0.285317	-0.600108	1.000000	0.345492	0.000000
#P-0.056034	0.285317	-0.604704	1.000000	0.345492	0.000000
#P-0.018702	0.285317	-0.607007	1.000000	0.345492	0.000000
#P0.018702	0.285317	-0.607007	1.000000	0.345492	0.000000
#P0.056034	0.285317	-0.604704	1.000000	0.345492	0.000000
#P0.093154	0.285317	-0.600108	1.000000	0.345492	0.000000
#P0.129920	0.285317	-0.593235	1.000000	0.345492	0.000000
#P0.166194	0.285317	-0.584112	1.000000	0.345492	0.000000
#P0.201837	0.285317	-0.572773	1.000000	0.345492	0.000000
#P0.236715	0.285317	-0.559261	1.000000	0.345492	0.000000
#P0.270695	0.285317	-0.543628	1.000000	0.345492	0.000000
#P0.303647	0.285317	-0.525933	1.000000	0.345492	0.000000
#P0.335448	0.285317	-0.506242	1.000000	0.345492	0.000000
#P0.365977	0.285317	-0.484632	1.000000	0.345492	0.000000
#P0.395117	0.285317	-0.461183	1.000000	0.345492	0.000000
#P0.422759	0.285317	-0.435984	1.000000	0.345492	0.000000
#P0.448796	0.285317	-0.409132	1.000000	0.345492	0.000000
#P0.473132	0.285317	-0.380728	1.000000	0.345492	0.000000
#P0.495672	0.285317	-0.350879	1.000000	0.345492	0.000000
#P0.516333	0.285317	-0.319700	1.000000	0.345492	0.000000
#P0.535034	0.285317	-0.287307	1.000000	0.345492	0.000000
#P0.551706	0.285317	-0.253825	1.000000	0.345492	0.000000
#P0.566286	0.285317	-0.219380	1.000000	0.345492	0.000000
#P0.578717	0.285317	-0.184103	1.000000	0.345492	0.000000
#P0.588953	0.285317	-0.148128	1.000000	0.345492	0.000000
#P0.596955	0.285317	-0.111590	1.000000	0.345492	0.000000
#P0.602692	0.285317	-0.074629	1.000000	0.345492	0.000000
#P0.606143	0.285317	-0.037386	1.000000	0.345492	0.000000
#P0.457295	0.176336	0.000000	1.000000	0.095492	0.000000
#P0.456428	0.176336	0.028151	1.000000	0.095492	0.000000
#P0.453829	0.176336	0.056196	1.000000	0.095492	0.000000
#P0.449509	0.176336	0.084028	1.000000	0.095492	0.000000
#P0.443483	0.176336	0.111541	1.000000	0.095492	0.000000
#P0.435776	0.176336	0.138630	1.000000	0.095492	0.000000
#P0.426415	0.176336	0.165194	1.000000	0.095492	0.000000
#P0.415437	0.176336	0.191131	1.000000	0.095492	0.000000
#P0.402882	0.176336	0.216343	1.000000	0.095492	0.000000
#P0.388800	0.176336	0.240735	1.000000	0.095492	0.000000
#P0.373243	0.176336	0.264213	1.000000	0.095492	0.000000
#P0.356270	0.176336	0.286689	1.000000	0.095492	0.000000
#P0.337945	0.176336	0.308078	1.000000	0.095492	0.000000
#P0.318339	0.176336	0.328297	1.000000	0.095492	0.000000
#P0.297524	0.176336	0.347272	1.000000	0.095492	0.000000
#P0.275582	0.176336	0.364929	1.000000	0.095492	0.000000
#P0.252594	0.176336	0.381202	1.000000	0.095492	0.000000
#P0.228647	0.176336	0.396029	1.000000	0.095492	0.000000
#P0.203834	0.176336	0.409354	1.000000	0.095492	0.000000
#P0.178247	0.176336	0.421125	1.000000	0.095492	0.000000
#P0.151984	0.176336	0.431300	1.000000	0.095492	0.000000
#P0.125145	0.176336	0.439838	1.000000	0.095492	0.000000
#P0.097831	0.176336	0.446708	1.000000	0.095492	0.000000
#P0.070145	0.176336	0.451883	1.000000	0.095492	0.000000
#P0.042194	0.176336	0.455344	1.000000	0.095492	0.000000
#P0.014082	0.176336	0.457078	1.000000	0.095492	0.000000
#P-0.014082	0.176336	0.457078	1.000000	0.095492	0.000000
#P-0.042194	0.176336	0.455344	1.000000	0.095492	0.000000
#P-0.070145	0.176336	0.451883	1.000000	0.095492	0.000000
#P-0.097831	0.176336	0.446708	1.000000	0.095492	0.000000
#P-0.125145	0.176336	0.439838	1.000000	0.095492	0.000000
#P-0.151984	0.176336	0.431300	1.000000	0.095492	0.000000
#P-0.178247	0.176336	0.421125	1.000000	0.095492	0.000000
#P-0.203834	0.176336	0.409354	1.000000	0.095492	0.000000
#P-0.228647	0.176336	0.396029	1.000000	0.095492	0.000000
#P-0.252594	0.176336	0.381202	1.000000	0.095492	0.000000
#P-0.275582	0.176336	0.364929	1.000000	0.095492	0.000000
#P-0.297524	0.176336	0.347272	1.000000	0.095492	0.000000
#P-0.318339	0.176336	0.328297	1.000000	0.095492	0.000000
#P-0.337945	0.176336	0.308078	1.000000	0.095492	0.000000
#P-0.356270	0.176336	0.286689	1.000000	0.095492	0.000000
#P-0.373243	0.176336	0.264213	1.000000	0.095492	0.000000
#P-0.388800	0.176336	0.240735	1.000000	0.095492	0.000000
#P-0.402882	0.176336	0.216343	1.000000	0.095492	0.000000
#P-0.415437	0.176336	0.191131	1.000000	0.095492	0.000000
#P-0.426415	0.176336	0.165194	1.000000	0.095492	0.000000
#P-0.435776	0.176336	0.138630	1.000000	0.095492	0.000000
#P-0.443483	0.176336	0.111541	1.000000	0.095492	0.000000
#P-0.449509	0.176336	0.084028	1.000000	0.095492	0.000000
#P-0.453829	0.176336	0.056196	1.000000	0.095492	0.000000
#P-0.456428	0.176336	0.028151	1.000000	0.095492	0.000000
#P-0.457295	0.176336	0.000000	1.000000	0.095492	0.000000
#P-0.456428	0.176336	-0.028151	1.000000	0.095492	0.000000
#P-0.453829	0.176336	-0.056196	1.000000	0.095492	0.000000
#P-0.449509	0.176336	-0.084028	1.000000	0.095492	0.000000
#P-0.443483	0.176336	-0.111541	1.000000	0.095492	0.000000
#P-0.435776	0.176336	-0.138630	1.000000	0.095492	0.000000
#P-0.426415	0.176336	-0.165194	1.000000	0.095492	0.000000
#P-0.415437	0.176336	-0.191131	1.000000	0.095492	0.000000
#P-0.402882	0.176336	-0.216343	1.000000	0.095492	0.000000
#P-0.388800	0.176336	-0.240735	1.000000	0.095492	0.000000
#P-0.373243	0.176336	-0.264213	1.000000	0.095492	0.000000
#P-0.356270	0.176336	-0.286689	1.000000	0.095492	0.000000
#P-0.337945	0.176336	-0.308078	1.000000	0.095492	0.000000
#P-0.318339	0.176336	-0.328297	1.000000	0.095492	0.000000
#P-0.297524	0.176336	-0.347272	1.000000	0.095492	0.000000
#P-0.275582	0.176336	-0.364929	1.000000	0.095492	0.000000
#P-0.252594	0.176336	-0.381202	1.000000	0.095492	0.000000
#P-0.228647	0.176336	-0.396029	1.000000	0.095492	0.000000
#P-0.203834	0.176336	-0.409354	1.000000	0.095492	0.000000
#P-0.178247	0.176336	-0.421125	1.000000	0.095492	0.000000
#P-0.151984	0.176336	-0.431300	1.000000	0.095492	0.000000
#P-0.125145	0.176336	-0.439838	1.000000	0.095492	0.000000
#P-0.097831	0.176336	-0.446708	1.000000	0.095492	0.000000
#P-0.070145	0.176336	-0.451883	1.000000	0.095492	0.000000
#P-0.042194	0.176336	-0.455344	1.000000	0.095492	0.000000
#P-0.014082	0.176336	-0.457078	1.000000	0.095492	0.000000
#P0.014082	0.176336	-0.457078	1.000000	0.095492	0.000000
#P0.042194	0.176336	-0.455344	1.000000	0.095492	0.000000
#P0.070145	0.176336	-0.451883	1.000000	0.095492	0.000000
#P0.097831	0.176336	-0.446708	1.000000	0.095492	0.000000
#P0.125145	0.176336	-0.439838	1.000000	0.095492	0.000000
#P0.151984	0.176336	-0.431300	1.000000	0.095492	0.000000
#P0.178247	0.176336	-0.421125	1.000000	0.095492	0.000000
#P0.203834	0.176336	-0.409354	1.000000	0.095492	0.000000
#P0.228647	0.176336	-0.396029	1.000000	0.095492	0.000000
#P0.252594	0.176336	-0.381202	1.000000	0.095492	0.000000
#P0.275582	0.176336	-0.364929	1.000000	0.095492	0.000000
#P0.297524	0.176336	-0.347272	1.000000	0.095492	0.000000
#P0.318339	0.176336	-0.328297	1.000000	0.095492	0.000000
#P0.337945	0.176336	-0.308078	1.000000	0.095492	0.000000
#P0.356270	0.176336	-0.286689	1.000000	0.095492	0.000000
#P0.373243	0.176336	-0.264213	1.000000	0.095492	0.000000
#P0.388800	0.176336	-0.240735	1.000000	0.095492	0.000000
#P0.402882	0.176336	-0.216343	1.000000	0.095492	0.000000
#P0.415437	0.176336	-0.191131	1.000000	0.095492	0.000000
#P0.426415	0.176336	-0.165194	1.000000	0.095492	0.000000
#P0.435776	0.176336	-0.138630	1.000000	0.095492	0.000000
#P0.443483	0.176336	-0.111541	1.000000	0.095492	0.000000
#P0.449509	0.176336	-0.084028	1.000000	0.095492	0.000000
#P0.453829	0.176336	-0.056196	1.000000	0.095492	0.000000
#P0.456428	0.176336	-0.028151	1.000000	0.095492	0.000000
#P0.400000	0.000000	0.000000	1.000000	0.000000	0.000000
#P0.399241	0.000000	0.024624	1.000000	0.000000	0.000000
#P0.396968	0.000000	0.049155	1.000000	0.000000	0.000000
#P0.393189	0.000000	0.073500	1.000000	0.000000	0.000000
#P0.387919	0.000000	0.097565	1.000000	0.000000	0.000000
#P0.381177	0.000000	0.121261	1.000000	0.000000	0.000000
#P0.372989	0.000000	0.144497	1.000000	0.000000	0.000000
#P0.363386	0.000000	0.167184	1.000000	0.000000	0.000000
#P0.352405	0.000000	0.189237	1.000000	0.000000	0.000000
#P0.340087	0.000000	0.210573	1.000000	0.000000	0.000000
#P0.326479	0.000000	0.231110	1.000000	0.000000	0.000000
#P0.311632	0.000000	0.250770	1.000000	0.000000	0.000000
#P0.295604	0.000000	0.269478	1.000000	0.000000	0.000000
#P0.278454	0.000000	0.287165	1.000000	0.000000	0.000000
#P0.260247	0.000000	0.303762	1.000000	0.000000	0.000000
#P0.241054	0.000000	0.319207	1.000000	0.000000	0.000000
#P0.220946	0.000000	0.333441	1.000000	0.000000	0.000000
#P0.200000	0.000000	0.346410	1.000000	0.000000	0.000000
#P0.178295	0.000000	0.358065	1.000000	0.000000	0.000000
#P0.155914	0.000000	0.368362	1.000000	0.000000	0.000000
#P0.132942	0.000000	0.377262	1.000000	0.000000	0.000000
#P0.109465	0.000000	0.384730	1.000000	0.000000	0.000000
#P0.085573	0.000000	0.390739	1.000000	0.000000	0.000000
#P0.061357	0.000000	0.395266	1.000000	0.000000	0.000000
#P0.036907	0.000000	0.398294	1.000000	0.000000	0.000000
#P0.012318	0.000000	0.399810	1.000000	0.000000	0.000000
#P-0.012318	0.000000	0.399810	1.000000	0.000000	0.000000
#P-0.036907	0.000000	0.398294	1.000000	0.000000	0.000000
#P-0.061357	0.000000	0.395266	1.000000	0.000000	0.000000
#P-0.085573	0.000000	0.390739	1.000000	0.000000	0.000000
#P-0.109465	0.000000	0.384730	1.000000	0.000000	0.000000
#P-0.132942	0.000000	0.377262	1.000000	0.000000	0.000000
#P-0.155914	0.000000	0.368362	1.000000	0.000000	0.000000
#P-0.178295	0.000000	0.358065	1.000000	0.000000	0.000000
#P-0.200000	0.000000	0.346410	1.000000	0.000000	0.000000
#P-0.220946	0.000000	0.333441	1.000000	0.000000	0.000000
#P-0.241054	0.000000	0.319207	1.000000	0.000000	0.000000
#P-0.260247	0.000000	0.303762	1.000000	0.000000	0.000000
#P-0.278454	0.000000	0.287165	1.000000	0.000000	0.000000
#P-0.295604	0.000000	0.269478	1.000000	0.000000	0.000000
#P-0.311632	0.000000	0.250770	1.000000	0.000000	0.000000
#P-0.326479	0.000000	0.231110	1.000000	0.000000	0.000000
#P-0.340087	0.000000	0.210573	1.000000	0.000000	0.000000
#P-0.352405	0.000000	0.189237	1.000000	0.000000	0.000000
#P-0.363386	0.000000	0.167184	1.000000	0.000000	0.000000
#P-0.372989	0.000000	0.144497	1.000000	0.000000	0.000000
#P-0.381177	0.000000	0.121261	1.000000	0.000000	0.000000
#P-0.387919	0.000000	0.097565	1.000000	0.000000	0.000000
#P-0.393189	0.000000	0.073500	1.000000	0.000000	0.000000
#P-0.396968	0.000000	0.049155	1.000000	0.000000	0.000000
#P-0.399241	0.000000	0.024624	1.000000	0.000000	0.000000
#P-0.400000	0.000000	0.000000	1.000000	0.000000	0.000000
#P-0.399241	0.000000	-0.024624	1.000000	0.000000	0.000000
#P-0.396968	0.000000	-0.049155	1.000000	0.000000	0.000000
#P-0.393189	0.000000	-0.073500	1.000000	0.000000	0.000000
#P-0.387919	0.000000	-0.097565	1.000000	0.000000	0.000000
#P-0.381177	0.000000	-0.121261	1.000000	0.000000	0.000000
#P-0.372989	0.000000	-0.144497	1.000000	0.000000	0.000000
#P-0.363386	0.000000	-0.167184	1.000000	0.000000	0.000000
#P-0.352405	0.000000	-0.189237	1.000000	0.000000	0.000000
#P-0.340087	0.000000	-0.210573	1.000000	0.000000	0.000000
#P-0.326479	0.000000	-0.231110	1.000000	0.000000	0.000000
#P-0.311632	0.000000	-0.250770	1.000000	0.000000	0.000000
#P-0.295604	0.000000	-0.269478	1.000000	0.000000	0.000000
#P-0.278454	0.000000	-0.287165	1.000000	0.000000	0.000000
#P-0.260247	0.000000	-0.303762	1.000000	0.000000	0.000000
#P-0.241054	0.000000	-0.319207	1.000000	0.000000	0.000000
#P-0.220946	0.000000	-0.333441	1.000000	0.000000	0.000000
#P-0.200000	0.000000	-0.346410	1.000000	0.000000	0.000000
#P-0.178295	0.000000	-0.358065	1.000000	0.000000	0.000000
#P-0.155914	0.000000	-0.368362	1.000000	0.000000	0.000000
#P-0.132942	0.000000	-0.377262	1.000000	0.000000	0.000000
#P-0.109465	0.000000	-0.384730	1.000000	0.000000	0.000000
#P-0.085573	0.000000	-0.390739	1.000000	0.000000	0.000000
#P-0.061357	0.000000	-0.395266	1.000000	0.000000	0.000000
#P-0.036907	0.000000	-0.398294	1.000000	0.000000	0.000000
#P-0.012318	0.000000	-0.399810	1.000000	0.000000	0.000000
#P0.012318	0.000000	-0.399810	1.000000	0.000000	0.000000
#P0.036907	0.000000	-0.398294	1.000000	0.000000	0.000000
#P0.061357	0.000000	-0.395266	1.000000	0.000000	0.000000
#P0.085573	0.000000	-0.390739	1.000000	0.000000	0.000000
#P0.109465	0.000000	-0.384730	1.000000	0.000000	0.000000
#P0.132942	0.000000	-0.377262	1.000000	0.000000	0.000000
#P0.155914	0.000000	-0.368362	1.000000	0.000000	0.000000
#P0.178295	0.000000	-0.358065	1.000000	0.000000	0.000000
#P0.200000	0.000000	-0.346410	1.000000	0.000000	0.000000
#P0.220946	0.000000	-0.333441	1.000000	0.000000	0.000000
#P0.241054	0.000000	-0.319207	1.000000	0.000000	0.000000
#P0.260247	0.000000	-0.303762	1.000000	0.000000	0.000000
#P0.278454	0.000000	-0.287165	1.000000	0.000000	0.000000
#P0.295604	0.000000	-0.269478	1.000000	0.000000	0.000000
#P0.311632	0.000000	-0.250770	1.000000	0.000000	0.000000
#P0.326479	0.000000	-0.231110	1.000000	0.000000	0.000000
#P0.340087	0.000000	-0.210573	1.000000	0.000000	0.000000
#P0.352405	0.000000	-0.189237	1.000000	0.000000	0.000000
#P0.363386	0.000000	-0.167184	1.000000	0.000000	0.000000
#P0.372989	0.000000	-0.144497	1.000000	0.000000	0.000000
#P0.381177	0.000000	-0.121261	1.000000	0.000000	0.000000
#P0.387919	0.000000	-0.097565	1.000000	0.000000	0.000000
#P0.393189	0.000000	-0.073500	1.000000	0.000000	0.000000
#P0.396968	0.000000	-0.049155	1.000000	0.000000	0.000000
#P0.399241	0.000000	-0.024624	1.000000	0.000000	0.000000
#P0.457295	-0.176336	0.000000	1.000000	0.095492	0.000000
#P0.456428	-0.176336	0.028151	1.000000	0.095492	0.000000
#P0.453829	-0.176336	0.056196	1.000000	0.095492	0.000000
#P0.449509	-0.176336	0.084028	1.000000	0.095492	0.000000
#P0.443483	-0.176336	0.111541	1.000000	0.095492	0.000000
#P0.435776	-0.176336	0.138630	1.000000	0.095492	0.000000
#P0.426415	-0.176336	0.165194	1.000000	0.095492	0.000000
#P0.415437	-0.176336	0.191131	1.000000	0.095492	0.000000
#P0.402882	-0.176336	0.216343	1.000000	0.095492	0.000000
#P0.388800	-0.176336	0.240735	1.000000	0.095492	0.000000
#P0.373243	-0.176336	0.264213	1.000000	0.095492	0.000000
#P0.356270	-0.176336	0.286689	1.000000	0.095492	0.000000
#P0.337945	-0.176336	0.308078	1.000000	0.095492	0.000000
#P0.318339	-0.176336	0.328297	1.000000	0.095492	0.000000
#P0.297524	-0.176336	0.347272	1.000000	0.095492	0.000000
#P0.275582	-0.176336	0.364929	1.000000	0.095492	0.000000
#P0.252594	-0.176336	0.381202	1.000000	0.095492	0.000000
#P0.228647	-0.176336	0.396029	1.000000	0.095492	0.000000
#P0.203834	-0.176336	0.409354	1.000000	0.095492	0.000000
#P0.178247	-0.176336	0.421125	1.000000	0.095492	0.000000
#P0.151984	-0.176336	0.431300	1.000000	0.095492	0.000000
#P0.125145	-0.176336	0.439838	1.000000	0.095492	0.000000
#P0.097831	-0.176336	0.446708	1.000000	0.095492	0.000000
#P0.070145	-0.176336	0.451883	1.000000	0.095492	0.000000
#P0.042194	-0.176336	0.455344	1.000000	0.095492	0.000000
#P0.014082	-0.176336	0.457078	1.000000	0.095492	0.000000
#P-0.014082	-0.176336	0.457078	1.000000	0.095492	0.000000
#P-0.042194	-0.176336	0.455344	1.000000	0.095492	0.000000
#P-0.070145	-0.176336	0.451883	1.000000	0.095492	0.000000
#P-0.097831	-0.176336	0.446708	1.000000	0.095492	0.000000
#P-0.125145	-0.176336	0.439838	1.000000	0.095492	0.000000
#P-0.151984	-0.176336	0.431300	1.000000	0.095492	0.000000
#P-0.178247	-0.176336	0.421125	1.000000	0.095492	0.000000
#P-0.203834	-0.176336	0.409354	1.000000	0.095492	0.000000
#P-0.228647	-0.176336	0.396029	1.000000	0.095492	0.000000
#P-0.252594	-0.176336	0.381202	1.000000	0.095492	0.000000
#P-0.275582	-0.176336	0.364929	1.000000	0.095492	0.000000
#P-0.297524	-0.176336	0.347272	1.000000	0.095492	0.000000
#P-0.318339	-0.176336	0.328297	1.000000	0.095492	0.000000
#P-0.337945	-0.176336	0.308078	1.000000	0.095492	0.000000
#P-0.356270	-0.176336	0.286689	1.000000	0.095492	0.000000
#P-0.373243	-0.176336	0.264213	1.000000	0.095492	0.000000
#P-0.388800	-0.176336	0.240735	1.000000	0.095492	0.000000
#P-0.402882	-0.176336	0.216343	1.000000	0.095492	0.000000
#P-0.415437	-0.176336	0.191131	1.000000	0.095492	0.000000
#P-0.426415	-0.176336	0.165194	1.000000	0.095492	0.000000
#P-0.435776	-0.176336	0.138630	1.000000	0.095492	0.000000
#P-0.443483	-0.176336	0.111541	1.000000	0.095492	0.000000
#P-0.449509	-0.176336	0.084028	1.000000	0.095492	0.000000
#P-0.453829	-0.176336	0.056196	1.000000	0.095492	0.000000
#P-0.456428	-0.176336	0.028151	1.000000	0.095492	0.000000
#P-0.457295	-0.176336	0.000000	1.000000	0.095492	0.000000
#P-0.456428	-0.176336	-0.028151	1.000000	0.095492	0.000000
#P-0.453829	-0.176336	-0.056196	1.000000	0.095492	0.000000
#P-0.449509	-0.176336	-0.084028	1.000000	0.095492	0.000000
#P-0.443483	-0.176336	-0.111541	1.000000	0.095492	0.000000
#P-0.435776	-0.176336	-0.138630	1.000000	0.095492	0.000000
#P-0.426415	-0.176336	-0.165194	1.000000	0.095492	0.000000
#P-0.415437	-0.176336	-0.191131	1.000000	0.095492	0.000000
#P-0.402882	-0.176336	-0.216343	1.000000	0.095492	0.000000
#P-0.388800	-0.176336	-0.240735	1.000000	0.095492	0.000000
#P-0.373243	-0.176336	-0.264213	1.000000	0.095492	0.000000
#P-0.356270	-0.176336	-0.286689	1.000000	0.095492	0.000000
#P-0.337945	-0.176336	-0.308078	1.000000	0.095492	0.000000
#P-0.318339	-0.176336	-0.328297	1.000000	0.095492	0.000000
#P-0.297524	-0.176336	-0.347272	1.000000	0.095492	0.000000
#P-0.275582	-0.176336	-0.364929	1.000000	0.095492	0.000000
#P-0.252594	-0.176336	-0.381202	1.000000	0.095492	0.000000
#P-0.228647	-0.176336	-0.396029	1.000000	0.095492	0.000000
#P-0.203834	-0.176336	-0.409354	1.000000	0.095492	0.000000
#P-0.178247	-0.176336	-0.421125	1.000000	0.095492	0.000000
#P-0.151984	-0.176336	-0.431300	1.000000	0.095492	0.000000
#P-0.125145	-0.176336	-0.439838	1.000000	0.095492	0.000000
#P-0.097831	-0.176336	-0.446708	1.000000	0.095492	0.000000
#P-0.070145	-0.176336	-0.451883	1.000000	0.095492	0.000000
#P-0.042194	-0.176336	-0.455344	1.000000	0.095492	0.000000
#P-0.014082	-0.176336	-0.457078	1.000000	0.095492	0.000000
#P0.014082	-0.176336	-0.457078	1.000000	0.095492	0.000000
#P0.042194	-0.176336	-0.455344	1.000000	0.095492	0.000000
#P0.070145	-0.176336	-0.451883	1.000000	0.095492	0.000000
#P0.097831	-0.176336	-0.446708	1.000000	0.095492	0.000000
#P0.125145	-0.176336	-0.439838	1.000000	0.095492	0.000000
#P0.151984	-0.176336	-0.431300	1.000000	0.095492	0.000000
#P0.178247	-0.176336	-0.421125	1.000000	0.095492	0.000000
#P0.203834	-0.176336	-0.409354	1.000000	0.095492	0.000000
#P0.228647	-0.176336	-0.396029	1.000000	0.095492	0.000000
#P0.252594	-0.176336	-0.381202	1.000000	0.095492	0.000000
#P0.275582	-0.176336	-0.364929	1.000000	0.095492	0.000000
#P0.297524	-0.176336	-0.347272	1.000000	0.095492	0.000000
#P0.318339	-0.176336	-0.328297	1.000000	0.095492	0.000000
#P0.337945	-0.176336	-0.308078	1.000000	0.095492	0.000000
#P0.356270	-0.176336	-0.286689	1.000000	0.095492	0.000000
#P0.373243	-0.176336	-0.264213	1.000000	0.095492	0.000000
#P0.388800	-0.176336	-0.240735	1.000000	0.095492	0.000000
#P0.402882	-0.176336	-0.216343	1.000000	0.095492	0.000000
#P0.415437	-0.176336	-0.191131	1.000000	0.095492	0.000000
#P0.426415	-0.176336	-0.165194	1.000000	0.095492	0.000000
#P0.435776	-0.176336	-0.138630	1.000000	0.095492	0.000000
#P0.443483	-0.176336	-0.111541	1.000000	0.095492	0.000000
#P0.449509	-0.176336	-0.084028	1.000000	0.095492	0.000000
#P0.453829	-0.176336	-0.056196	1.000000	0.095492	0.000000
#P0.456428	-0.176336	-0.028151	1.000000	0.095492	0.000000
#P0.607295	-0.285317	0.000000	1.000000	0.345492	0.000000
#P0.606143	-0.285317	0.037386	1.000000	0.345492	0.000000
#P0.602692	-0.285317	0.074629	1.000000	0.345492	0.000000
#P0.596955	-0.285317	0.111590	1.000000	0.345492	0.000000
#P0.588953	-0.285317	0.148128	1.000000	0.345492	0.000000
#P0.578717	-0.285317	0.184103	1.000000	0.345492	0.000000
#P0.566286	-0.285317	0.219380	1.000000	0.345492	0.000000
#P0.551706	-0.285317	0.253825	1.000000	0.345492	0.000000
#P0.535034	-0.285317	0.287307	1.000000	0.345492	0.000000
#P0.516333	-0.285317	0.319700	1.000000	0.345492	0.000000
#P0.495672	-0.285317	0.350879	1.000000	0.345492	0.000000
#P0.473132	-0.285317	0.380728	1.000000	0.345492	0.000000
#P0.448796	-0.285317	0.409132	1.000000	0.345492	0.000000
#P0.422759	-0.285317	0.435984	1.000000	0.345492	0.000000
#P0.395117	-0.285317	0.461183	1.000000	0.345492	0.000000
#P0.365977	-0.285317	0.484632	1.000000	0.345492	0.000000
#P0.335448	-0.285317	0.506242	1.000000	0.345492	0.000000
#P0.303647	-0.285317	0.525933	1.000000	0.345492	0.000000
#P0.270695	-0.285317	0.543628	1.000000	0.345492	0.000000
#P0.236715	-0.285317	0.559261	1.000000	0.345492	0.000000
#P0.201837	-0.285317	0.572773	1.000000	0.345492	0.000000
#P0.166194	-0.285317	0.584112	1.000000	0.345492	0.000000
#P0.129920	-0.285317	0.593235	1.000000	0.345492	0.000000
#P0.093154	-0.285317	0.600108	1.000000	0.345492	0.000000
#P0.056034	-0.285317	0.604704	1.000000	0.345492	0.000000
#P0.018702	-0.285317	0.607007	1.000000	0.345492	0.000000
#P-0.018702	-0.285317	0.607007	1.000000	0.345492	0.000000
#P-0.056034	-0.285317	0.604704	1.000000	0.345492	0.000000
#P-0.093154	-0.285317	0.600108	1.000000	0.345492	0.000000
#P-0.129920	-0.285317	0.593235	1.000000	0.345492	0.000000
#P-0.166194	-0.285317	0.584112	1.000000	0.345492	0.000000
#P-0.201837	-0.285317	0.572773	1.000000	0.345492	0.000000
#P-0.236715	-0.285317	0.559261	1.000000	0.345492	0.000000
#P-0.270695	-0.285317	0.543628	1.000000	0.345492	0.000000
#P-0.303647	-0.285317	0.525933	1.000000	0.345492	0.000000
#P-0.335448	-0.285317	0.506242	1.000000	0.345492	0.000000
#P-0.365977	-0.285317	0.484632	1.000000	0.345492	0.000000
#P-0.395117	-0.285317	0.461183	1.000000	0.345492	0.000000
#P-0.422759	-0.285317	0.435984	1.000000	0.345492	0.000000
#P-0.448796	-0.285317	0.409132	1.000000	0.345492	0.000000
#P-0.473132	-0.285317	0.380728	1.000000	0.345492	0.000000
#P-0.495672	-0.285317	0.350879	1.000000	0.345492	0.000000
#P-0.516333	-0.285317	0.319700	1.000000	0.345492	0.000000
#P-0.535034	-0.285317	0.287307	1.000000	0.345492	0.000000
#P-0.551706	-0.285317	0.253825	1.000000	0.345492	0.000000
#P-0.566286	-0.285317	0.219380	1.000000	0.345492	0.000000
#P-0.578717	-0.285317	0.184103	1.000000	0.345492	0.000000
#P-0.588953	-0.285317	0.148128	1.000000	0.345492	0.000000
#P-0.596955	-0.285317	0.111590	1.000000	0.345492	0.000000
#P-0.602692	-0.285317	0.074629	1.000000	0.345492	0.000000
#P-0.606143	-0.285317	0.037386	1.000000	0.345492	0.000000
#P-0.607295	-0.285317	0.000000	1.000000	0.345492	0.000000
#P-0.606143	-0.285317	-0.037386	1.000000	0.345492	0.000000
#P-0.602692	-0.285317	-0.074629	1.000000	0.345492	0.000000
#P-0.596955	-0.285317	-0.111590	1.000000	0.345492	0.000000
#P-0.588953	-0.285317	-0.148128	1.000000	0.345492	0.000000
#P-0.578717	-0.285317	-0.184103	1.000000	0.345492	0.000000
#P-0.566286	-0.285317	-0.219380	1.000000	0.345492	0.000000
#P-0.551706	-0.285317	-0.253825	1.000000	0.345492	0.000000
#P-0.535034	-0.285317	-0.287307	1.000000	0.345492	0.000000
#P-0.516333	-0.285317	-0.319700	1.000000	0.345492	0.000000
#P-0.495672	-0.285317	-0.350879	1.000000	0.345492	0.000000
#P-0.473132	-0.285317	-0.380728	1.000000	0.345492	0.000000
#P-0.448796	-0.285317	-0.409132	1.000000	0.345492	0.000000
#P-0.422759	-0.285317	-0.435984	1.000000	0.345492	0.000000
#P-0.395117	-0.285317	-0.461183	1.000000	0.345492	0.000000
#P-0.365977	-0.285317	-0.484632	1.000000	0.345492	0.000000
#P-0.335448	-0.285317	-0.506242	1.000000	0.345492	0.000000
#P-0.303647	-0.285317	-0.525933	1.000000	0.345492	0.000000
#P-0.270695	-0.285317	-0.543628	1.000000	0.345492	0.000000
#P-0.236715	-0.285317	-0.559261	1.000000	0.345492	0.000000
#P-0.201837	-0.285317	-0.572773	1.000000	0.345492	0.000000
#P-0.166194	-0.285317	-0.584112	1.000000	0.345492	0.000000
#P-0.129920	-0.285317	-0.593235	1.000000	0.345492	0.000000
#P-0.093154	-0.285317	-0.600108	1.000000	0.345492	0.000000
#P-0.056034	-0.285317	-0.604704	1.000000	0.345492	0.000000
#P-0.018702	-0.285317	-0.607007	1.000000	0.345492	0.000000
#P0.018702	-0.285317	-0.607007	1.000000	0.345492	0.000000
#P0.056034	-0.285317	-0.604704	1.000000	0.345492	0.000000
#P0.093154	-0.285317	-0.600108	1.000000	0.345492	0.000000
#P0.129920	-0.285317	-0.593235	1.000000	0.345492	0.000000
#P0.166194	-0.285317	-0.584112	1.000000	0.345492	0.000000
#P0.201837	-0.285317	-0.572773	1.000000	0.345492	0.000000
#P0.236715	-0.285317	-0.559261	1.000000	0.345492	0.000000
#P0.270695	-0.285317	-0.543628	1.000000	0.345492	0.000000
#P0.303647	-0.285317	-0.525933	1.000000	0.345492	0.000000
#P0.335448	-0.285317	-0.506242	1.000000	0.345492	0.000000
#P0.365977	-0.285317	-0.484632	1.000000	0.345492	0.000000
#P0.395117	-0.285317	-0.461183	1.000000	0.345492	0.000000
#P0.422759	-0.285317	-0.435984	1.000000	0.345492	0.000000
#P0.448796	-0.285317	-0.409132	1.000000	0.345492	0.000000
#P0.473132	-0.285317	-0.380728	1.000000	0.345492	0.000000
#P0.495672	-0.285317	-0.350879	1.000000	0.345492	0.000000
#P0.516333	-0.285317	-0.319700	1.000000	0.345492	0.000000
#P0.535034	-0.285317	-0.287307	1.000000	0.345492	0.000000
#P0.551706	-0.285317	-0.253825	1.000000	0.345492	0.000000
#P0.566286	-0.285317	-0.219380	1.000000	0.345492	0.000000
#P0.578717	-0.285317	-0.184103	1.000000	0.345492	0.000000
#P0.588953	-0.285317	-0.148128	1.000000	0.345492	0.000000
#P0.596955	-0.285317	-0.111590	1.000000	0.345492	0.000000
#P0.602692	-0.285317	-0.074629	1.000000	0.345492	0.000000
#P0.606143	-0.285317	-0.037386	1.000000	0.345492	0.000000
#P0.792705	-0.285317	0.000000	1.000000	0.654508	0.000000
#P0.791202	-0.285317	0.048800	1.000000	0.654508	0.000000
#P0.786697	-0.285317	0.097414	1.000000	0.654508	0.000000
#P0.779208	-0.285317	0.145659	1.000000	0.654508	0.000000
#P0.768763	-0.285317	0.193352	1.000000	0.654508	0.000000
#P0.755402	-0.285317	0.240311	1.000000	0.654508	0.000000
#P0.739175	-0.285317	0.286358	1.000000	0.654508	0.000000
#P0.720145	-0.285317	0.331319	1.000000	0.654508	0.000000
#P0.698383	-0.285317	0.375024	1.000000	0.654508	0.000000
#P0.673971	-0.285317	0.417305	1.000000	0.654508	0.000000
#P0.647003	-0.285317	0.458004	1.000000	0.654508	0.000000
#P0.617581	-0.285317	0.496966	1.000000	0.654508	0.000000
#P0.585816	-0.285317	0.534042	1.000000	0.654508	0.000000
#P0.551829	-0.285317	0.569092	1.000000	0.654508	0.000000
#P0.515748	-0.285317	0.601984	1.000000	0.654508	0.000000
#P0.477712	-0.285317	0.632592	1.000000	0.654508	0.000000
#P0.437863	-0.285317	0.660801	1.000000	0.654508	0.000000
#P0.396353	-0.285317	0.686503	1.000000	0.654508	0.000000
#P0.353339	-0.285317	0.709601	1.000000	0.654508	0.000000
#P0.308985	-0.285317	0.730006	1.000000	0.654508	0.000000
#P0.263459	-0.285317	0.747643	1.000000	0.654508	0.000000
#P0.216934	-0.285317	0.762444	1.000000	0.654508	0.000000
#P0.169586	-0.285317	0.774353	1.000000	0.654508	0.000000
#P0.121594	-0.285317	0.783324	1.000000	0.654508	0.000000
#P0.073142	-0.285317	0.789324	1.000000	0.654508	0.000000
#P0.024411	-0.285317	0.792329	1.000000	0.654508	0.000000
#P-0.024411	-0.285317	0.792329	1.000000	0.654508	0.000000
#P-0.073142	-0.285317	0.789324	1.000000	0.654508	0.000000
#P-0.121594	-0.285317	0.783324	1.000000	0.654508	0.000000
#P-0.169586	-0.285317	0.774353	1.000000	0.654508	0.000000
#P-0.216934	-0.285317	0.762444	1.000000	0.654508	0.000000
#P-0.263459	-0.285317	0.747643	1.000000	0.654508	0.000000
#P-0.308985	-0.285317	0.730006	1.000000	0.654508	0.000000
#P-0.353339	-0.285317	0.709601	1.000000	0.654508	0.000000
#P-0.396353	-0.285317	0.686503	1.000000	0.654508	0.000000
#P-0.437863	-0.285317	0.660801	1.000000	0.654508	0.000000
#P-0.477712	-0.285317	0.632592	1.000000	0.654508	0.000000
#P-0.515748	-0.285317	0.601984	1.000000	0.654508	0.000000
#P-0.551829	-0.285317	0.569092	1.000000	0.654508	0.000000
#P-0.585816	-0.285317	0.534042	1.000000	0.654508	0.000000
#P-0.617581	-0.285317	0.496966	1.000000	0.654508	0.000000
#P-0.647003	-0.285317	0.458004	1.000000	0.654508	0.000000
#P-0.673971	-0.285317	0.417305	1.000000	0.654508	0.000000
#P-0.698383	-0.285317	0.375024	1.000000	0.654508	0.000000
#P-0.720145	-0.285317	0.331319	1.000000	0.654508	0.000000
#P-0.739175	-0.285317	0.286358	1.000000	0.654508	0.000000
#P-0.755402	-0.285317	0.240311	1.000000	0.654508	0.000000
#P-0.768763	-0.285317	0.193352	1.000000	0.654508	0.000000
#P-0.779208	-0.285317	0.145659	1.000000	0.654508	0.000000
#P-0.786697	-0.285317	0.097414	1.000000	0.654508	0.000000
#P-0.791202	-0.285317	0.048800	1.000000	0.654508	0.000000
#P-0.792705	-0.285317	0.000000	1.000000	0.654508	0.000000
#P-0.791202	-0.285317	-0.048800	1.000000	0.654508	0.000000
#P-0.786697	-0.285317	-0.097414	1.000000	0.654508	0.000000
#P-0.779208	-0.285317	-0.145659	1.000000	0.654508	0.000000
#P-0.768763	-0.285317	-0.193352	1.000000	0.654508	0.000000
#P-0.755402	-0.285317	-0.240311	1.000000	0.654508	0.000000
#P-0.739175	-0.285317	-0.286358	1.000000	0.654508	0.000000
#P-0.720145	-0.285317	-0.331319	1.000000	0.654508	0.000000
#P-0.698383	-0.285317	-0.375024	1.000000	0.654508	0.000000
#P-0.673971	-0.285317	-0.417305	1.000000	0.654508	0.000000
#P-0.647003	-0.285317	-0.458004	1.000000	0.654508	0.000000
#P-0.617581	-0.285317	-0.496966	1.000000	0.654508	0.000000
#P-0.585816	-0.285317	-0.534042	1.000000	0.654508	0.000000
#P-0.551829	-0.285317	-0.569092	1.000000	0.654508	0.000000
#P-0.515748	-0.285317	-0.601984	1.000000	0.654508	0.000000
#P-0.477712	-0.285317	-0.632592	1.000000	0.654508	0.000000
#P-0.437863	-0.285317	-0.660801	1.000000	0.654508	0.000000
#P-0.396353	-0.285317	-0.686503	1.000000	0.654508	0.000000
#P-0.353339	-0.285317	-0.709601	1.000000	0.654508	0.000000
#P-0.308985	-0.285317	-0.730006	1.000000	0.654508	0.000000
#P-0.263459	-0.285317	-0.747643	1.000000	0.654508	0.000000
#P-0.216934	-0.285317	-0.762444	1.000000	0.654508	0.000000
#P-0.169586	-0.285317	-0.774353	1.000000	0.654508	0.000000
#P-0.121594	-0.285317	-0.783324	1.000000	0.654508	0.000000
#P-0.073142	-0.285317	-0.789324	1.000000	0.654508	0.000000
#P-0.024411	-0.285317	-0.792329	1.000000	0.654508	0.000000
#P0.024411	-0.285317	-0.792329	1.000000	0.654508	0.000000
#P0.073142	-0.285317	-0.789324	1.000000	0.654508	0.000000
#P0.121594	-0.285317	-0.783324	1.000000	0.654508	0.000000
#P0.169586	-0.285317	-0.774353	1.000000	0.654508	0.000000
#P0.216934	-0.285317	-0.762444	1.000000	0.654508	0.000000
#P0.263459	-0.285317	-0.747643	1.000000	0.654508	0.000000
#P0.308985	-0.285317	-0.730006	1.000000	0.654508	0.000000
#P0.353339	-0.285317	-0.709601	1.000000	0.654508	0.000000
#P0.396353	-0.285317	-0.686503	1.000000	0.654508	0.000000
#P0.437863	-0.285317	-0.660801	1.000000	0.654508	0.000000
#P0.477712	-0.285317	-0.632592	1.000000	0.654508	0.000000
#P0.515748	-0.285317	-0.601984	1.000000	0.654508	0.000000
#P0.551829	-0.285317	-0.569092	1.000000	0.654508	0.000000
#P0.585816	-0.285317	-0.534042	1.000000	0.654508	0.000000
#P0.617581	-0.285317	-0.496966	1.000000	0.654508	0.000000
#P0.647003	-0.285317	-0.458004	1.000000	0.654508	0.000000
#P0.673971	-0.285317	-0.417305	1.000000	0.654508	0.000000
#P0.698383	-0.285317	-0.375024	1.000000	0.654508	0.000000
#P0.720145	-0.285317	-0.331319	1.000000	0.654508	0.000000
#P0.739175	-0.285317	-0.286358	1.000000	0.654508	0.000000
#P0.755402	-0.285317	-0.240311	1.000000	0.654508	0.000000
#P0.768763	-0.285317	-0.193352	1.000000	0.654508	0.000000
#P0.779208	-0.285317	-0.145659	1.000000	0.654508	0.000000
#P0.786697	-0.285317	-0.097414	1.000000	0.654508	0.000000
#P0.791202	-0.285317	-0.048800	1.000000	0.654508	0.000000
#P0.942705	-0.176336	0.000000	1.000000	0.904508	0.000000
#P0.940917	-0.176336	0.058034	1.000000	0.904508	0.000000
#P0.935560	-0.176336	0.115847	1.000000	0.904508	0.000000
#P0.926654	-0.176336	0.173222	1.000000	0.904508	0.000000
#P0.914233	-0.176336	0.229939	1.000000	0.904508	0.000000
#P0.898343	-0.176336	0.285784	1.000000	0.904508	0.000000
#P0.879046	-0.176336	0.340544	1.000000	0.904508	0.000000
#P0.856415	-0.176336	0.394013	1.000000	0.904508	0.000000
#P0.830535	-0.176336	0.445988	1.000000	0.904508	0.000000
#P0.801504	-0.176336	0.496270	1.000000	0.904508	0.000000
#P0.769433	-0.176336	0.544670	1.000000	0.904508	0.000000
#P0.734443	-0.176336	0.591004	1.000000	0.904508	0.000000
#P0.696667	-0.176336	0.635096	1.000000	0.904508	0.000000
#P0.656249	-0.176336	0.676779	1.000000	0.904508	0.000000
#P0.613341	-0.176336	0.715895	1.000000	0.904508	0.000000
#P0.568107	-0.176336	0.752295	1.000000	0.904508	0.000000
#P0.520717	-0.176336	0.785841	1.000000	0.904508	0.000000
#P0.471353	-0.176336	0.816407	1.000000	0.904508	0.000000
#P0.420200	-0.176336	0.843875	1.000000	0.904508	0.000000
#P0.367453	-0.176336	0.868142	1.000000	0.904508	0.000000
#P0.313313	-0.176336	0.889116	1.000000	0.904508	0.000000
#P0.257983	-0.176336	0.906718	1.000000	0.904508	0.000000
#P0.201676	-0.176336	0.920880	1.000000	0.904508	0.000000
#P0.144603	-0.176336	0.931549	1.000000	0.904508	0.000000
#P0.086982	-0.176336	0.938684	1.000000	0.904508	0.000000
#P0.029031	-0.176336	0.942258	1.000000	0.904508	0.000000
#P-0.029031	-0.176336	0.942258	1.000000	0.904508	0.000000
#P-0.086982	-0.176336	0.938684	1.000000	0.904508	0.000000
#P-0.144603	-0.176336	0.931549	1.000000	0.904508	0.000000
#P-0.201676	-0.176336	0.920880	1.000000	0.904508	0.000000
#P-0.257983	-0.176336	0.906718	1.000000	0.904508	0.000000
#P-0.313313	-0.176336	0.889116	1.000000	0.904508	0.000000
#P-0.367453	-0.176336	0.868142	1.000000	0.904508	0.000000
#P-0.420200	-0.176336	0.843875	1.000000	0.904508	0.000000
#P-0.471353	-0.176336	0.816407	1.000000	0.904508	0.000000
#P-0.520717	-0.176336	0.785841	1.000000	0.904508	0.000000
#P-0.568107	-0.176336	0.752295	1.000000	0.904508	0.000000
#P-0.613341	-0.176336	0.715895	1.000000	0.904508	0.000000
#P-0.656249	-0.176336	0.676779	1.000000	0.904508	0.000000
#P-0.696667	-0.176336	0.635096	1.000000	0.904508	0.000000
#P-0.734443	-0.176336	0.591004	1.000000	0.904508	0.000000
#P-0.769433	-0.176336	0.544670	1.000000	0.904508	0.000000
#P-0.801504	-0.176336	0.496270	1.000000	0.904508	0.000000
#P-0.830535	-0.176336	0.445988	1.000000	0.904508	0.000000
#P-0.856415	-0.176336	0.394013	1.000000	0.904508	0.000000
#P-0.879046	-0.176336	0.340544	1.000000	0.904508	0.000000
#P-0.898343	-0.176336	0.285784	1.000000	0.904508	0.000000
#P-0.914233	-0.176336	0.229939	1.000000	0.904508	0.000000
#P-0.926654	-0.176336	0.173222	1.000000	0.904508	0.000000
#P-0.935560	-0.176336	0.115847	1.000000	0.904508	0.000000
#P-0.940917	-0.176336	0.058034	1.000000	0.904508	0.000000
#P-0.942705	-0.176336	0.000000	1.000000	0.904508	0.000000
#P-0.940917	-0.176336	-0.058034	1.000000	0.904508	0.000000
#P-0.935560	-0.176336	-0.115847	1.000000	0.904508	0.000000
#P-0.926654	-0.176336	-0.173222	1.000000	0.904508	0.000000
#P-0.914233	-0.176336	-0.229939	1.000000	0.904508	0.000000
#P-0.898343	-0.176336	-0.285784	1.000000	0.904508	0.000000
#P-0.879046	-0.176336	-0.340544	1.000000	0.904508	0.000000
#P-0.856415	-0.176336	-0.394013	1.000000	0.904508	0.000000
#P-0.830535	-0.176336	-0.445988	1.000000	0.904508	0.000000
#P-0.801504	-0.176336	-0.496270	1.000000	0.904508	0.000000
#P-0.769433	-0.176336	-0.544670	1.000000	0.904508	0.000000
#P-0.734443	-0.176336	-0.591004	1.000000	0.904508	0.000000
#P-0.696667	-0.176336	-0.635096	1.000000	0.904508	0.000000
#P-0.656249	-0.176336	-0.676779	1.000000	0.904508	0.000000
#P-0.613341	-0.176336	-0.715895	1.000000	0.904508	0.000000
#P-0.568107	-0.176336	-0.752295	1.000000	0.904508	0.000000
#P-0.520717	-0.176336	-0.785841	1.000000	0.904508	0.000000
#P-0.471353	-0.176336	-0.816407	1.000000	0.904508	0.000000
#P-0.420200	-0.176336	-0.843875	1.000000	0.904508	0.000000
#P-0.367453	-0.176336	-0.868142	1.000000	0.904508	0.000000
#P-0.313313	-0.176336	-0.889116	1.000000	0.904508	0.000000
#P-0.257983	-0.176336	-0.906718	1.000000	0.904508	0.000000
#P-0.201676	-0.176336	-0.920880	1.000000	0.904508	0.000000
#P-0.144603	-0.176336	-0.931549	1.000000	0.904508	0.000000
#P-0.086982	-0.176336	-0.938684	1.000000	0.904508	0.000000
#P-0.029031	-0.176336	-0.942258	1.000000	0.904508	0.000000
#P0.029031	-0.176336	-0.942258	1.000000	0.904508	0.000000
#P0.086982	-0.176336	-0.938684	1.000000	0.904508	0.000000
#P0.144603	-0.176336	-0.931549	1.000000	0.904508	0.000000
#P0.201676	-0.176336	-0.920880	1.000000	0.904508	0.000000
#P0.257983	-0.176336	-0.906718	1.000000	0.904508	0.000000
#P0.313313	-0.176336	-0.889116	1.000000	0.904508	0.000000
#P0.367453	-0.176336	-0.868142	1.000000	0.904508	0.000000
#P0.420200	-0.176336	-0.843875	1.000000	0.904508	0.000000
#P0.471353	-0.176336	-0.816407	1.000000	0.904508	0.000000
#P0.520717	-0.176336	-0.785841	1.000000	0.904508	0.000000
#P0.568107	-0.176336	-0.752295	1.000000	0.904508	0.000000
#P0.613341	-0.176336	-0.715895	1.000000	0.904508	0.000000
#P0.656249	-0.176336	-0.676779	1.000000	0.904508	0.000000
#P0.696667	-0.176336	-0.635096	1.000000	0.904508	0.000000
#P0.734443	-0.176336	-0.591004	1.000000	0.904508	0.000000
#P0.769433	-0.176336	-0.544670	1.000000	0.904508	0.000000
#P0.801504	-0.176336	-0.496270	1.000000	0.904508	0.000000
#P0.830535	-0.176336	-0.445988	1.000000	0.904508	0.000000
#P0.856415	-0.176336	-0.394013	1.000000	0.904508	0.000000
#P0.879046	-0.176336	-0.340544	1.000000	0.904508	0.000000
#P0.898343	-0.176336	-0.285784	1.000000	0.904508	0.000000
#P0.914233	-0.176336	-0.229939	1.000000	0.904508	0.000000
#P0.926654	-0.176336	-0.173222	1.000000	0.904508	0.000000
#P0.935560	-0.176336	-0.115847	1.000000	0.904508	0.000000
#P0.940917	-0.176336	-0.058034	1.000000	0.904508	0.000000
