#N1024
#P1.000000	0.000000	0.000000	1.000000	0.000000	1.000000
#P0.990824	0.072964	0.018259	0.997067	0.000000	1.000000
#P0.963854	0.141546	0.035536	0.994135	0.000000	1.000000
#P0.920732	0.201628	0.050947	0.991202	0.000000	1.000000
#P0.864079	0.249601	0.063801	0.988270	0.000000	1.000000
#P0.797332	0.282584	0.073666	0.985337	0.000000	1.000000
#P0.724525	0.298597	0.080427	0.982405	0.000000	1.000000
#P0.650038	0.296679	0.084310	0.979472	0.000000	1.000000
#P0.578323	0.276943	0.085871	0.976540	0.000000	1.000000
#P0.513626	0.240576	0.085965	0.973607	0.000000	1.000000
#P0.459725	0.189761	0.085680	0.970674	0.000000	1.000000
#P0.419695	0.127550	0.086250	0.967742	0.000000	1.000000
#P0.395723	0.057680	0.088952	0.964809	0.000000	1.000000
#P0.388976	-0.015655	0.094997	0.961877	0.000000	1.000000
#P0.399540	-0.088049	0.105414	0.958944	0.000000	1.000000
#P0.426416	-0.155156	0.120951	0.956012	0.000000	1.000000
#P0.467600	-0.212945	0.141992	0.953079	0.000000	1.000000
#P0.520212	-0.257945	0.168497	0.950147	0.000000	1.000000
#P0.580685	-0.287456	0.199979	0.947214	0.000000	1.000000
#P0.644995	-0.299703	0.235507	0.944282	0.000000	1.000000
#P0.708918	-0.293951	0.273753	0.941349	0.000000	1.000000
#P0.768295	-0.270547	0.313067	0.938416	0.000000	1.000000
#P0.819287	-0.230895	0.351584	0.935484	0.000000	1.000000
#P0.858616	-0.177377	0.387347	0.932551	0.000000	1.000000
#P0.883758	-0.113207	0.418454	0.929619	0.000000	1.000000
#P0.893089	-0.042238	0.443197	0.926686	0.000000	1.000000
#P0.885974	0.031267	0.460201	0.923754	0.000000	1.000000
#P0.862789	0.102895	0.468542	0.920821	0.000000	1.000000
#P0.824881	0.168343	0.467839	0.917889	0.000000	1.000000
#P0.774469	0.223682	0.458309	0.914956	0.000000	1.000000
#P0.714484	0.265587	0.440785	0.912023	0.000000	1.000000
#P0.648377	0.291543	0.416687	0.909091	0.000000	1.000000
#P0.579890	0.299991	0.387954	0.906158	0.000000	1.000000
#P0.512816	0.290423	0.356931	0.903226	0.000000	1.000000
#P0.450761	0.263414	0.326230	0.900293	0.000000	1.000000
#P0.396921	0.220586	0.298560	0.897361	0.000000	1.000000
#P0.353890	0.164510	0.276548	0.894428	0.000000	1.000000
#P0.323516	0.098556	0.262555	0.891496	0.000000	1.000000
#P0.306800	0.026682	0.258508	0.888563	0.000000	1.000000
#P0.303854	-0.046794	0.265751	0.885630	0.000000	1.000000
#P0.313922	-0.117460	0.284934	0.882698	0.000000	1.000000
#P0.335449	-0.181071	0.315939	0.879765	0.000000	1.000000
#P0.366204	-0.233809	0.357865	0.876833	0.000000	1.000000
#P0.403443	-0.272506	0.409057	0.873900	0.000000	1.000000
#P0.444096	-0.294837	0.467189	0.870968	0.000000	1.000000
#P0.484975	-0.299462	0.529394	0.868035	0.000000	1.000000
#P0.522983	-0.286104	0.592437	0.865103	0.000000	1.000000
#P0.555304	-0.255563	0.652914	0.862170	0.000000	1.000000
#P0.579580	-0.209675	0.707466	0.859238	0.000000	1.000000
#P0.594042	-0.151195	0.753003	0.856305	0.000000	1.000000
#P0.597601	-0.083635	0.786909	0.853372	0.000000	1.000000
#P0.589899	-0.011053	0.807225	0.850440	0.000000	1.000000
#P0.571295	0.062193	0.812791	0.847507	0.000000	1.000000
#P0.542820	0.131705	0.803344	0.844575	0.000000	1.000000
#P0.506078	0.193306	0.779553	0.841642	0.000000	1.000000
#P0.463116	0.243299	0.743001	0.838710	0.000000	1.000000
#P0.416273	0.278681	0.696099	0.835777	0.000000	1.000000
#P0.368009	0.297327	0.641955	0.832845	0.000000	1.000000
#P0.320739	0.298117	0.584186	0.829912	0.000000	1.000000
#P0.276671	0.281004	0.526700	0.826979	0.000000	1.000000
#P0.237673	0.247016	0.473447	0.824047	0.000000	1.000000
#P0.205159	0.198193	0.428177	0.821114	0.000000	1.000000
#P0.180020	0.137468	0.394188	0.818182	0.000000	1.000000
#P0.162592	0.068487	0.374118	0.815249	0.000000	1.000000
#P0.152661	-0.004606	0.369761	0.812317	0.000000	1.000000
#P0.149514	-0.077423	0.381941	0.809384	0.000000	1.000000
#P0.152014	-0.145591	0.410450	0.806452	0.000000	1.000000
#P0.158709	-0.205015	0.454043	0.803519	0.000000	1.000000
#P0.167954	-0.252127	0.510502	0.800587	0.000000	1.000000
#P0.178047	-0.284098	0.576766	0.797654	0.000000	1.000000
#P0.187354	-0.299007	0.649116	0.794721	0.000000	1.000000
#P0.194428	-0.295960	0.723395	0.791789	0.000000	1.000000
#P0.198110	-0.275139	0.795271	0.788856	0.000000	1.000000
#P0.197597	-0.237796	0.860507	0.785924	0.000000	1.000000
#P0.192481	-0.186171	0.915224	0.782991	0.000000	1.000000
#P0.182761	-0.123366	0.956151	0.780059	0.000000	1.000000
#P0.168809	-0.053153	0.980833	0.777126	0.000000	1.000000
#P0.151324	0.020253	0.987792	0.774194	0.000000	1.000000
#P0.131246	0.092442	0.976623	0.771261	0.000000	1.000000
#P0.109661	0.159080	0.948028	0.768328	0.000000	1.000000
#P0.087701	0.216164	0.903776	0.765396	0.000000	1.000000
#P0.066433	0.260267	0.846599	0.762463	0.000000	1.000000
#P0.046766	0.288740	0.780020	0.759531	0.000000	1.000000
#P0.029375	0.299872	0.708142	0.756598	0.000000	1.000000
#P0.014637	0.292996	0.635387	0.753666	0.000000	1.000000
#P0.002608	0.268525	0.566224	0.750733	0.000000	1.000000
#P-0.006978	0.227927	0.504890	0.747801	0.000000	1.000000
#P-0.014681	0.173642	0.455124	0.744868	0.000000	1.000000
#P-0.021297	0.108928	0.419935	0.741935	0.000000	1.000000
#P-0.027781	0.037673	0.401415	0.739003	0.000000	1.000000
#P-0.035152	-0.035844	0.400610	0.736070	0.000000	1.000000
#P-0.044395	-0.107209	0.417456	0.733138	0.000000	1.000000
#P-0.056357	-0.172136	0.450789	0.730205	0.000000	1.000000
#P-0.071661	-0.226725	0.498416	0.727273	0.000000	1.000000
#P-0.090631	-0.267698	0.557261	0.724340	0.000000	1.000000
#P-0.113244	-0.292595	0.623557	0.721408	0.000000	1.000000
#P-0.139109	-0.299920	0.693087	0.718475	0.000000	1.000000
#P-0.167480	-0.289234	0.761445	0.715543	0.000000	1.000000
#P-0.197299	-0.261179	0.824317	0.712610	0.000000	1.000000
#P-0.227264	-0.217438	0.877746	0.709677	0.000000	1.000000
#P-0.255928	-0.160639	0.918374	0.706745	0.000000	1.000000
#P-0.281808	-0.094193	0.943648	0.703812	0.000000	1.000000
#P-0.303508	-0.022091	0.951974	0.700880	0.000000	1.000000
#P-0.319836	0.051338	0.942801	0.697947	0.000000	1.000000
#P-0.329919	0.121684	0.916649	0.695015	0.000000	1.000000
#P-0.333287	0.184723	0.875063	0.692082	0.000000	1.000000
#P-0.329943	0.236668	0.820505	0.689150	0.000000	1.000000
#P-0.320390	0.274400	0.756190	0.686217	0.000000	1.000000
#P-0.305623	0.295653	0.685873	0.683284	0.000000	1.000000
#P-0.287088	0.299151	0.613611	0.680352	0.000000	1.000000
#P-0.266601	0.284684	0.543503	0.677419	0.000000	1.000000
#P-0.246235	0.253121	0.479436	0.674487	0.000000	1.000000
#P-0.228185	0.206356	0.424843	0.671554	0.000000	1.000000
#P-0.214615	0.147199	0.382500	0.668622	0.000000	1.000000
#P-0.207502	0.079202	0.354360	0.665689	0.000000	1.000000
#P-0.208485	0.006449	0.341452	0.662757	0.000000	1.000000
#P-0.218733	-0.066692	0.343828	0.659824	0.000000	1.000000
#P-0.238838	-0.135828	0.360585	0.656891	0.000000	1.000000
#P-0.268746	-0.196806	0.389937	0.653959	0.000000	1.000000
#P-0.307730	-0.245966	0.429350	0.651026	0.000000	1.000000
#P-0.354409	-0.280354	0.475715	0.648094	0.000000	1.000000
#P-0.406814	-0.297906	0.525560	0.645161	0.000000	1.000000
#P-0.462492	-0.297567	0.575272	0.642229	0.000000	1.000000
#P-0.518656	-0.279358	0.621333	0.639296	0.000000	1.000000
#P-0.572359	-0.244373	0.660538	0.636364	0.000000	1.000000
#P-0.620681	-0.194712	0.690188	0.633431	0.000000	1.000000
#P-0.660926	-0.133358	0.708247	0.630499	0.000000	1.000000
#P-0.690812	-0.063995	0.713454	0.627566	0.000000	1.000000
#P-0.708633	0.009211	0.705376	0.624633	0.000000	1.000000
#P-0.713395	0.081864	0.684416	0.621701	0.000000	1.000000
#P-0.704902	0.149601	0.651755	0.618768	0.000000	1.000000
#P-0.683795	0.208353	0.609258	0.615836	0.000000	1.000000
#P-0.651537	0.254593	0.559327	0.612903	0.000000	1.000000
#P-0.610342	0.285544	0.504730	0.609971	0.000000	1.000000
#P-0.563052	0.299346	0.448413	0.607038	0.000000	1.000000
#P-0.512970	0.295172	0.393303	0.604106	0.000000	1.000000
#P-0.463658	0.273271	0.342117	0.601173	0.000000	1.000000
#P-0.418716	0.234959	0.297198	0.598240	0.000000	1.000000
#P-0.381545	0.182537	0.260378	0.595308	0.000000	1.000000
#P-0.355131	0.119153	0.232879	0.592375	0.000000	1.000000
#P-0.341835	0.048613	0.215260	0.589443	0.000000	1.000000
#P-0.343231	-0.024846	0.207408	0.586510	0.000000	1.000000
#P-0.359991	-0.096813	0.208578	0.583578	0.000000	1.000000
#P-0.391815	-0.162967	0.217475	0.580645	0.000000	1.000000
#P-0.437438	-0.219333	0.232360	0.577713	0.000000	1.000000
#P-0.494689	-0.262527	0.251196	0.574780	0.000000	1.000000
#P-0.560610	-0.289956	0.271796	0.571848	0.000000	1.000000
#P-0.631633	-0.299971	0.291981	0.568915	0.000000	1.000000
#P-0.703796	-0.291972	0.309731	0.565982	0.000000	1.000000
#P-0.772985	-0.266439	0.323314	0.563050	0.000000	1.000000
#P-0.835196	-0.224905	0.331390	0.560117	0.000000	1.000000
#P-0.886786	-0.169865	0.333083	0.557185	0.000000	1.000000
#P-0.924711	-0.104623	0.328017	0.554252	0.000000	1.000000
#P-0.946725	-0.033099	0.316312	0.551320	0.000000	1.000000
#P-0.951530	0.040413	0.298545	0.548387	0.000000	1.000000
#P-0.938874	0.111499	0.275678	0.545455	0.000000	1.000000
#P-0.909572	0.175888	0.248966	0.542522	0.000000	1.000000
#P-0.865470	0.229715	0.219837	0.539589	0.000000	1.000000
#P-0.809339	0.269746	0.189776	0.536657	0.000000	1.000000
#P-0.744705	0.293578	0.160205	0.533724	0.000000	1.000000
#P-0.675642	0.299779	0.132372	0.530792	0.000000	1.000000
#P-0.606510	0.287977	0.107264	0.527859	0.000000	1.000000
#P-0.541695	0.258881	0.085540	0.524927	0.000000	1.000000
#P-0.485324	0.214239	0.067499	0.521994	0.000000	1.000000
#P-0.441014	0.156730	0.053073	0.519062	0.000000	1.000000
#P-0.411635	0.089809	0.041859	0.516129	0.000000	1.000000
#P-0.399135	0.017495	0.033171	0.513196	0.000000	1.000000
#P-0.404406	-0.055870	0.026116	0.510264	0.000000	1.000000
#P-0.427234	-0.125880	0.019694	0.507331	0.000000	1.000000
#P-0.466302	-0.188330	0.012891	0.504399	0.000000	1.000000
#P-0.519274	-0.239470	0.004784	0.501466	0.000000	1.000000
#P-0.582940	-0.276229	-0.005371	0.498534	0.000000	1.000000
#P-0.653412	-0.296400	-0.018064	0.495601	0.000000	1.000000
#P-0.726370	-0.298770	-0.033483	0.492669	0.000000	1.000000
#P-0.797330	-0.283198	-0.051491	0.489736	0.000000	1.000000
#P-0.861924	-0.250618	-0.071631	0.486804	0.000000	1.000000
#P-0.916173	-0.202988	-0.093166	0.483871	0.000000	1.000000
#P-0.956731	-0.143168	-0.115136	0.480938	0.000000	1.000000
#P-0.981095	-0.074750	-0.136450	0.478006	0.000000	1.000000
#P-0.987755	-0.001843	-0.155979	0.475073	0.000000	1.000000
#P-0.976284	0.071175	-0.172661	0.472141	0.000000	1.000000
#P-0.947362	0.139919	-0.185608	0.469208	0.000000	1.000000
#P-0.902722	0.200259	-0.194199	0.466276	0.000000	1.000000
#P-0.845041	0.248574	-0.198148	0.463343	0.000000	1.000000
#P-0.777763	0.281960	-0.197558	0.460411	0.000000	1.000000
#P-0.704880	0.298414	-0.192938	0.457478	0.000000	1.000000
#P-0.630680	0.296946	-0.185184	0.454545	0.000000	1.000000
#P-0.559475	0.277646	-0.175536	0.451613	0.000000	1.000000
#P-0.495335	0.241672	-0.165497	0.448680	0.000000	1.000000
#P-0.441836	0.191185	-0.156730	0.445748	0.000000	1.000000
#P-0.401843	0.129216	-0.150935	0.442815	0.000000	1.000000
#P-0.377339	0.059487	-0.149721	0.439883	0.000000	1.000000
#P-0.369314	-0.013814	-0.154472	0.436950	0.000000	1.000000
#P-0.377717	-0.086286	-0.166228	0.434018	0.000000	1.000000
#P-0.401471	-0.153576	-0.185585	0.431085	0.000000	1.000000
#P-0.438556	-0.211643	-0.212621	0.428152	0.000000	1.000000
#P-0.486153	-0.257000	-0.246862	0.425220	0.000000	1.000000
#P-0.540827	-0.286923	-0.287279	0.422287	0.000000	1.000000
#P-0.598757	-0.299615	-0.332337	0.419355	0.000000	1.000000
#P-0.655979	-0.294314	-0.380074	0.416422	0.000000	1.000000
#P-0.708635	-0.271338	-0.428213	0.413490	0.000000	1.000000
#P-0.753216	-0.232067	-0.474315	0.410557	0.000000	1.000000
#P-0.786774	-0.178860	-0.515933	0.407625	0.000000	1.000000
#P-0.807093	-0.114911	-0.550785	0.404692	0.000000	1.000000
#P-0.812813	-0.044062	-0.576922	0.401760	0.000000	1.000000
#P-0.803498	0.029434	-0.592873	0.398827	0.000000	1.000000
#P-0.779643	0.101162	-0.597766	0.395894	0.000000	1.000000
#P-0.742617	0.166815	-0.591418	0.392962	0.000000	1.000000
#P-0.694559	0.222450	-0.574374	0.390029	0.000000	1.000000
#P-0.638222	0.264726	-0.547895	0.387097	0.000000	1.000000
#P-0.576783	0.291104	-0.513911	0.384164	0.000000	1.000000
#P-0.513633	0.300000	-0.474907	0.381232	0.000000	1.000000
#P-0.452154	0.290880	-0.433787	0.378299	0.000000	1.000000
#P-0.395507	0.264291	-0.393690	0.375367	0.000000	1.000000
#P-0.346438	0.221830	-0.357793	0.372434	0.000000	1.000000
#P-0.307115	0.166048	-0.329104	0.369501	0.000000	1.000000
#P-0.279012	0.100294	-0.310257	0.366569	0.000000	1.000000
#P-0.262834	0.028517	-0.303326	0.363636	0.000000	1.000000
#P-0.258502	-0.044973	-0.309677	0.360704	0.000000	1.000000
#P-0.265187	-0.115762	-0.329854	0.357771	0.000000	1.000000
#P-0.281385	-0.179599	-0.363519	0.354839	0.000000	1.000000
#P-0.305046	-0.232650	-0.409457	0.351906	0.000000	1.000000
#P-0.333727	-0.271730	-0.465621	0.348974	0.000000	1.000000
#P-0.364761	-0.294491	-0.529250	0.346041	0.000000	1.000000
#P-0.395449	-0.299567	-0.597026	0.343109	0.000000	1.000000
#P-0.423230	-0.286652	-0.665276	0.340176	0.000000	1.000000
#P-0.445847	-0.256523	-0.730196	0.337243	0.000000	1.000000
#P-0.461484	-0.210989	-0.788095	0.334311	0.000000	1.000000
#P-0.468861	-0.152784	-0.835631	0.331378	0.000000	1.000000
#P-0.467300	-0.085403	-0.870034	0.328446	0.000000	1.000000
#P-0.456735	-0.012894	-0.889291	0.325513	0.000000	1.000000
#P-0.437690	0.060390	-0.892291	0.322581	0.000000	1.000000
#P-0.411212	0.130047	-0.878908	0.319648	0.000000	1.000000
#P-0.378771	0.191894	-0.850030	0.316716	0.000000	1.000000
#P-0.342136	0.242217	-0.807516	0.313783	0.000000	1.000000
#P-0.303238	0.277994	-0.754095	0.310850	0.000000	1.000000
#P-0.264022	0.297076	-0.693205	0.307918	0.000000	1.000000
#P-0.226312	0.298318	-0.628788	0.304985	0.000000	1.000000
#P-0.191686	0.281644	-0.565044	0.302053	0.000000	1.000000
#P-0.161378	0.248057	-0.506173	0.299120	0.000000	1.000000
#P-0.136210	0.199573	-0.456107	0.296188	0.000000	1.000000
#P-0.116559	0.139103	-0.418261	0.293255	0.000000	1.000000
#P-0.102354	0.070280	-0.395313	0.290323	0.000000	1.000000
#P-0.093112	-0.002764	-0.389025	0.287390	0.000000	1.000000
#P-0.088008	-0.075642	-0.400128	0.284457	0.000000	1.000000
#P-0.085957	-0.143977	-0.428266	0.281525	0.000000	1.000000
#P-0.085721	-0.203666	-0.472006	0.278592	0.000000	1.000000
#P-0.086023	-0.251123	-0.528925	0.275660	0.000000	1.000000
#P-0.085656	-0.283500	-0.595753	0.272727	0.000000	1.000000
#P-0.083584	-0.298852	-0.668572	0.269795	0.000000	1.000000
#P-0.079022	-0.296256	-0.743059	0.266862	0.000000	1.000000
#P-0.071492	-0.275869	-0.814753	0.263930	0.000000	1.000000
#P-0.060856	-0.238914	-0.879335	0.260997	0.000000	1.000000
#P-0.047311	-0.187612	-0.932899	0.258065	0.000000	1.000000
#P-0.031359	-0.125043	-0.972192	0.255132	0.000000	1.000000
#P-0.013749	-0.054965	-0.994827	0.252199	0.000000	1.000000
#P0.004604	0.018414	-0.999424	0.249267	0.000000	1.000000
#P0.022707	0.090688	-0.985703	0.246334	0.000000	1.000000
#P0.039594	0.157515	-0.954501	0.243402	0.000000	1.000000
#P0.054422	0.214883	-0.907715	0.240469	0.000000	1.000000
#P0.066557	0.259346	-0.848190	0.237537	0.000000	1.000000
#P0.075644	0.288234	-0.779531	0.234604	0.000000	1.000000
#P0.081652	0.299813	-0.705886	0.231672	0.000000	1.000000
#P0.084889	0.293387	-0.631678	0.228739	0.000000	1.000000
#P0.085993	0.269341	-0.561333	0.225806	0.000000	1.000000
#P0.085883	0.229121	-0.499005	0.222874	0.000000	1.000000
#P0.085692	0.175141	-0.448315	0.219941	0.000000	1.000000
#P0.086676	0.110643	-0.412133	0.217009	0.000000	1.000000
#P0.090106	0.039500	-0.392399	0.214076	0.000000	1.000000
#P0.097157	-0.034014	-0.390015	0.211144	0.000000	1.000000
#P0.108797	-0.105486	-0.404791	0.208211	0.000000	1.000000
#P0.125689	-0.170623	-0.435470	0.205279	0.000000	1.000000
#P0.148117	-0.225514	-0.479811	0.202346	0.000000	1.000000
#P0.175930	-0.266861	-0.534745	0.199413	0.000000	1.000000
#P0.208527	-0.292183	-0.596566	0.196481	0.000000	1.000000
#P0.244873	-0.299957	-0.661178	0.193548	0.000000	1.000000
#P0.283552	-0.289718	-0.724346	0.190616	0.000000	1.000000
#P0.322847	-0.262080	-0.781968	0.187683	0.000000	1.000000
#P0.360859	-0.218703	-0.830326	0.184751	0.000000	1.000000
#P0.395631	-0.162192	-0.866312	0.181818	0.000000	1.000000
#P0.425296	-0.095941	-0.887616	0.178886	0.000000	1.000000
#P0.448218	-0.023928	-0.892855	0.175953	0.000000	1.000000
#P0.463123	0.049522	-0.881648	0.173021	0.000000	1.000000
#P0.469216	0.119998	-0.854620	0.170088	0.000000	1.000000
#P0.466262	0.183267	-0.813347	0.167155	0.000000	1.000000
#P0.454631	0.235531	-0.760243	0.164223	0.000000	1.000000
#P0.435309	0.273650	-0.698388	0.161290	0.000000	1.000000
#P0.409852	0.295335	-0.631330	0.158358	0.000000	1.000000
#P0.380314	0.299284	-0.562844	0.155425	0.000000	1.000000
#P0.349120	0.285260	-0.496699	0.152493	0.000000	1.000000
#P0.318923	0.254105	-0.436418	0.149560	0.000000	1.000000
#P0.292428	0.207689	-0.385064	0.146628	0.000000	1.000000
#P0.272214	0.148802	-0.345056	0.143695	0.000000	1.000000
#P0.260547	0.080978	-0.318037	0.140762	0.000000	1.000000
#P0.259222	0.008291	-0.304788	0.137830	0.000000	1.000000
#P0.269419	-0.064894	-0.305199	0.134897	0.000000	1.000000
#P0.291599	-0.134182	-0.318306	0.131965	0.000000	1.000000
#P0.325449	-0.195412	-0.342372	0.129032	0.000000	1.000000
#P0.369875	-0.244906	-0.375022	0.126100	0.000000	1.000000
#P0.423043	-0.279693	-0.413410	0.123167	0.000000	1.000000
#P0.482479	-0.297683	-0.454419	0.120235	0.000000	1.000000
#P0.545208	-0.297796	-0.494863	0.117302	0.000000	1.000000
#P0.607930	-0.280025	-0.531697	0.114370	0.000000	1.000000
#P0.667234	-0.245437	-0.562208	0.111437	0.000000	1.000000
#P0.719807	-0.196110	-0.584171	0.108504	0.000000	1.000000
#P0.762659	-0.135006	-0.595980	0.105572	0.000000	1.000000
#P0.793322	-0.065794	-0.596730	0.102639	0.000000	1.000000
#P0.810025	0.007370	-0.586241	0.099707	0.000000	1.000000
#P0.811827	0.080090	-0.565048	0.096774	0.000000	1.000000
#P0.798694	0.148001	-0.534336	0.093842	0.000000	1.000000
#P0.771531	0.207024	-0.495833	0.090909	0.000000	1.000000
#P0.732134	0.253614	-0.451674	0.087977	0.000000	1.000000
#P0.683107	0.284973	-0.404243	0.085044	0.000000	1.000000
#P0.627703	0.299219	-0.356007	0.082111	0.000000	1.000000
#P0.569633	0.295495	-0.309342	0.079179	0.000000	1.000000
#P0.512838	0.274026	-0.266383	0.076246	0.000000	1.000000
#P0.461243	0.236100	-0.228892	0.073314	0.000000	1.000000
#P0.418506	0.183996	-0.198160	0.070381	0.000000	1.000000
#P0.387780	0.120842	-0.174939	0.067449	0.000000	1.000000
#P0.371506	0.050430	-0.159426	0.064516	0.000000	1.000000
#P0.371245	-0.023010	-0.151276	0.061584	0.000000	1.000000
#P0.387569	-0.095068	-0.149662	0.058651	0.000000	1.000000
#P0.420005	-0.161416	-0.153356	0.055718	0.000000	1.000000
#P0.467058	-0.218072	-0.160848	0.052786	0.000000	1.000000
#P0.526284	-0.261631	-0.170464	0.049853	0.000000	1.000000
#P0.594440	-0.289478	-0.180508	0.046921	0.000000	1.000000
#P0.667673	-0.299940	-0.189383	0.043988	0.000000	1.000000
#P0.741758	-0.292390	-0.195705	0.041056	0.000000	1.000000
#P0.812362	-0.267281	-0.198398	0.038123	0.000000	1.000000
#P0.875312	-0.226120	-0.196756	0.035191	0.000000	1.000000
#P0.926860	-0.171380	-0.190475	0.032258	0.000000	1.000000
#P0.963920	-0.106348	-0.179647	0.029326	0.000000	1.000000
#P0.984269	-0.034930	-0.164736	0.026393	0.000000	1.000000
#P0.986690	0.038587	-0.146507	0.023460	0.000000	1.000000
#P0.971056	0.109786	-0.125946	0.020528	0.000000	1.000000
#P0.938342	0.174392	-0.104163	0.017595	0.000000	1.000000
#P0.890568	0.228525	-0.082280	0.014663	0.000000	1.000000
#P0.830683	0.268934	-0.061335	0.011730	0.000000	1.000000
#P0.762378	0.293193	-0.042185	0.008798	0.000000	1.000000
#P0.689859	0.299844	-0.025434	0.005865	0.000000	1.000000
#P0.617588	0.288488	-0.011381	0.002933	0.000000	1.000000
#P0.550000	0.259808	0.000000	0.000000	0.000000	1.000000
#P0.491232	0.215524	0.009052	0.000000	0.002933	1.000000
#P0.444861	0.158298	0.016401	0.000000	0.005865	1.000000
#P0.413682	0.091565	0.022891	0.000000	0.008798	1.000000
#P0.399536	0.019334	0.029500	0.000000	0.011730	1.000000
#P0.403194	-0.054059	0.037251	0.000000	0.014663	1.000000
#P0.424313	-0.124205	0.047102	0.000000	0.017595	1.000000
#P0.461462	-0.186893	0.059852	0.000000	0.020528	1.000000
#P0.512213	-0.238356	0.076055	0.000000	0.023460	1.000000
#P0.573296	-0.275505	0.095952	0.000000	0.026393	1.000000
#P0.640808	-0.296109	0.119428	0.000000	0.029326	1.000000
#P0.710458	-0.298931	0.146003	0.000000	0.032258	1.000000
#P0.777840	-0.283800	0.174846	0.000000	0.035191	1.000000
#P0.838703	-0.251626	0.204831	0.000000	0.038123	1.000000
#P0.889218	-0.204341	0.234610	0.000000	0.041056	1.000000
#P0.926211	-0.144784	0.262716	0.000000	0.043988	1.000000
#P0.947359	-0.076533	0.287676	0.000000	0.046921	1.000000
#P0.951319	-0.003685	0.308134	0.000000	0.049853	1.000000
#P0.937811	0.069384	0.322968	0.000000	0.052786	1.000000
#P0.907618	0.138286	0.331398	0.000000	0.055718	1.000000
#P0.862526	0.198884	0.333069	0.000000	0.058651	1.000000
#P0.805202	0.247538	0.328107	0.000000	0.061584	1.000000
#P0.739018	0.281326	0.317138	0.000000	0.064516	1.000000
#P0.667829	0.298219	0.301277	0.000000	0.067449	1.000000
#P0.595725	0.297203	0.282072	0.000000	0.070381	1.000000
#P0.526777	0.278339	0.261414	0.000000	0.073314	1.000000
#P0.464779	0.242759	0.241420	0.000000	0.076246	1.000000
#P0.413018	0.192601	0.224291	0.000000	0.079179	1.000000
#P0.374077	0.130876	0.212161	0.000000	0.082111	1.000000
#P0.349686	0.061292	0.206934	0.000000	0.085044	1.000000
#P0.340632	-0.011974	0.210145	0.000000	0.087977	1.000000
#P0.346724	-0.084520	0.222826	0.000000	0.090909	1.000000
#P0.366829	-0.151990	0.245413	0.000000	0.093842	1.000000
#P0.398960	-0.210333	0.277684	0.000000	0.096774	1.000000
#P0.440421	-0.256044	0.318746	0.000000	0.099707	1.000000
#P0.487991	-0.286379	0.367062	0.000000	0.102639	1.000000
#P0.538141	-0.299516	0.420531	0.000000	0.105572	1.000000
#P0.587261	-0.294665	0.476601	0.000000	0.108504	1.000000
#P0.631892	-0.272119	0.532429	0.000000	0.111437	1.000000
#P0.668938	-0.233231	0.585055	0.000000	0.114370	1.000000
#P0.695853	-0.180336	0.631597	0.000000	0.117302	1.000000
#P0.710785	-0.116611	0.669446	0.000000	0.120235	1.000000
#P0.712678	-0.045884	0.696450	0.000000	0.123167	1.000000
#P0.701311	0.027600	0.711070	0.000000	0.126100	1.000000
#P0.677286	0.099425	0.712504	0.000000	0.129032	1.000000
#P0.641967	0.165280	0.700765	0.000000	0.131965	1.000000
#P0.597369	0.221209	0.676702	0.000000	0.134897	1.000000
#P0.546001	0.263854	0.641975	0.000000	0.137830	1.000000
#P0.490696	0.290653	0.598969	0.000000	0.140762	1.000000
#P0.434412	0.299997	0.550657	0.000000	0.143695	1.000000
#P0.380039	0.291325	0.500428	0.000000	0.146628	1.000000
#P0.330218	0.265158	0.451875	0.000000	0.149560	1.000000
#P0.287175	0.223067	0.408569	0.000000	0.152493	1.000000
#P0.252596	0.167580	0.373829	0.000000	0.155425	1.000000
#P0.227541	0.102029	0.350501	0.000000	0.158358	1.000000
#P0.212400	0.030350	0.340764	0.000000	0.161290	1.000000
#P0.206896	-0.043150	0.345976	0.000000	0.164223	1.000000
#P0.210140	-0.114060	0.366568	0.000000	0.167155	1.000000
#P0.220711	-0.178120	0.401997	0.000000	0.170088	1.000000
#P0.236783	-0.231482	0.450764	0.000000	0.173021	1.000000
#P0.256267	-0.270944	0.510487	0.000000	0.175953	1.000000
#P0.276964	-0.294134	0.578037	0.000000	0.178886	1.000000
#P0.296720	-0.299660	0.649727	0.000000	0.181818	1.000000
#P0.313577	-0.287191	0.721532	0.000000	0.184751	1.000000
#P0.325892	-0.257474	0.789343	0.000000	0.187683	1.000000
#P0.332435	-0.212295	0.849220	0.000000	0.190616	1.000000
#P0.332453	-0.154367	0.897651	0.000000	0.193548	1.000000
#P0.325698	-0.087168	0.931774	0.000000	0.196481	1.000000
#P0.312407	-0.014735	0.949567	0.000000	0.199413	1.000000
#P0.293261	0.058584	0.949989	0.000000	0.202346	1.000000
#P0.269307	0.128384	0.933054	0.000000	0.205279	1.000000
#P0.241852	0.190474	0.899840	0.000000	0.208211	1.000000
#P0.212351	0.241125	0.852439	0.000000	0.211144	1.000000
#P0.182285	0.277296	0.793826	0.000000	0.214076	1.000000
#P0.153040	0.296814	0.727687	0.000000	0.217009	1.000000
#P0.125808	0.298507	0.658192	0.000000	0.219941	1.000000
#P0.101498	0.282274	0.589734	0.000000	0.222874	1.000000
#P0.080681	0.249088	0.526659	0.000000	0.225806	1.000000
#P0.063564	0.200944	0.472990	0.000000	0.228739	1.000000
#P0.049991	0.140733	0.432176	0.000000	0.231672	1.000000
#P0.039482	0.072070	0.406874	0.000000	0.234604	1.000000
#P0.031292	-0.000921	0.398776	0.000000	0.237537	1.000000
#P0.024492	-0.073857	0.408500	0.000000	0.240469	1.000000
#P0.018067	-0.142358	0.435553	0.000000	0.243402	1.000000
#P0.011019	-0.202309	0.478353	0.000000	0.246334	1.000000
#P0.002461	-0.250111	0.534330	0.000000	0.249267	1.000000
#P-0.008293	-0.282892	0.600083	0.000000	0.252199	1.000000
#P-0.021663	-0.298685	0.671592	0.000000	0.255132	1.000000
#P-0.037755	-0.296540	0.744472	0.000000	0.258065	1.000000
#P-0.056351	-0.276587	0.814239	0.000000	0.260997	1.000000
#P-0.076919	-0.240024	0.876599	0.000000	0.263930	1.000000
#P-0.098659	-0.189047	0.927709	0.000000	0.266862	1.000000
#P-0.120571	-0.126716	0.964417	0.000000	0.269795	1.000000
#P-0.141543	-0.056775	0.984455	0.000000	0.272727	1.000000
#P-0.160454	0.016575	0.986579	0.000000	0.275660	1.000000
#P-0.176277	0.088929	0.970639	0.000000	0.278592	1.000000
#P-0.188182	0.155944	0.937586	0.000000	0.281525	1.000000
#P-0.195624	0.213593	0.889402	0.000000	0.284457	1.000000
#P-0.198413	0.258415	0.828973	0.000000	0.287390	1.000000
#P-0.196753	0.287718	0.759903	0.000000	0.290323	1.000000
#P-0.191250	0.299742	0.686284	0.000000	0.293255	1.000000
#P-0.182895	0.293766	0.612433	0.000000	0.296188	1.000000
#P-0.173000	0.270148	0.542628	0.000000	0.299120	1.000000
#P-0.163119	0.230306	0.480837	0.000000	0.302053	1.000000
#P-0.154937	0.176634	0.430478	0.000000	0.304985	1.000000
#P-0.150143	0.112354	0.394209	0.000000	0.307918	1.000000
#P-0.150302	0.041326	0.373772	0.000000	0.310850	1.000000
#P-0.156723	-0.032183	0.369900	0.000000	0.313783	1.000000
#P-0.170343	-0.103759	0.382280	0.000000	0.316716	1.000000
#P-0.191633	-0.169105	0.409590	0.000000	0.319648	1.000000
#P-0.220537	-0.224295	0.449595	0.000000	0.322581	1.000000
#P-0.256439	-0.266015	0.499302	0.000000	0.325513	1.000000
#P-0.298179	-0.291759	0.555159	0.000000	0.328446	1.000000
#P-0.344105	-0.299983	0.613283	0.000000	0.331378	1.000000
#P-0.392164	-0.290191	0.669715	0.000000	0.334311	1.000000
#P-0.440026	-0.262972	0.720663	0.000000	0.337243	1.000000
#P-0.485233	-0.219960	0.762739	0.000000	0.340176	1.000000
#P-0.525363	-0.163739	0.793163	0.000000	0.343109	1.000000
#P-0.558203	-0.097685	0.809924	0.000000	0.346041	1.000000
#P-0.581910	-0.025764	0.811890	0.000000	0.348974	1.000000
#P-0.595152	0.047704	0.798858	0.000000	0.351906	1.000000
#P-0.597224	0.118307	0.771550	0.000000	0.354839	1.000000
#P-0.588123	0.181805	0.731538	0.000000	0.357771	1.000000
#P-0.568574	0.234385	0.681132	0.000000	0.360704	1.000000
#P-0.540014	0.272890	0.623210	0.000000	0.363636	1.000000
#P-0.504523	0.295006	0.561022	0.000000	0.366569	1.000000
#P-0.464705	0.299406	0.497978	0.000000	0.369501	1.000000
#P-0.423542	0.285825	0.437424	0.000000	0.372434	1.000000
#P-0.384200	0.255079	0.382434	0.000000	0.375367	1.000000
#P-0.349835	0.209015	0.335624	0.000000	0.378299	1.000000
#P-0.323378	0.150399	0.298997	0.000000	0.381232	1.000000
#P-0.307341	0.082750	0.273839	0.000000	0.384164	1.000000
#P-0.303633	0.010132	0.260660	0.000000	0.387097	1.000000
#P-0.313423	-0.063094	0.259189	0.000000	0.390029	1.000000
#P-0.337038	-0.132532	0.268416	0.000000	0.392962	1.000000
#P-0.373920	-0.194010	0.286691	0.000000	0.395894	1.000000
#P-0.422636	-0.243837	0.311848	0.000000	0.398827	1.000000
#P-0.480950	-0.279021	0.341371	0.000000	0.401760	1.000000
#P-0.545944	-0.297448	0.372569	0.000000	0.404692	1.000000
#P-0.614193	-0.298013	0.402761	0.000000	0.407625	1.000000
#P-0.681966	-0.280680	0.429447	0.000000	0.410557	1.000000
#P-0.745467	-0.246492	0.450470	0.000000	0.413490	1.000000
#P-0.801070	-0.197501	0.464139	0.000000	0.416422	1.000000
#P-0.845556	-0.136648	0.469322	0.000000	0.419355	1.000000
#P-0.876328	-0.067590	0.465492	0.000000	0.422287	1.000000
#P-0.891588	0.005527	0.452736	0.000000	0.425220	1.000000
#P-0.890464	0.078313	0.431716	0.000000	0.428152	1.000000
#P-0.873085	0.146395	0.403595	0.000000	0.431085	1.000000
#P-0.840587	0.205686	0.369931	0.000000	0.434018	1.000000
#P-0.795059	0.252625	0.332547	0.000000	0.436950	1.000000
#P-0.739425	0.284392	0.293390	0.000000	0.439883	1.000000
#P-0.677270	0.299081	0.254387	0.000000	0.442815	1.000000
#P-0.612623	0.295808	0.217312	0.000000	0.445748	1.000000
#P-0.549710	0.274771	0.183664	0.000000	0.448680	1.000000
#P-0.492687	0.237233	0.154582	0.000000	0.451613	1.000000
#P-0.445381	0.185448	0.130776	0.000000	0.454545	1.000000
#P-0.411042	0.122526	0.112509	0.000000	0.457478	1.000000
#P-0.392132	0.052246	0.099605	0.000000	0.460411	1.000000
#P-0.390165	-0.021172	0.091487	0.000000	0.463343	1.000000
#P-0.405604	-0.093318	0.087256	0.000000	0.466276	1.000000
#P-0.437817	-0.159860	0.085778	0.000000	0.469208	1.000000
#P-0.485115	-0.216802	0.085795	0.000000	0.472141	1.000000
#P-0.544847	-0.260724	0.086038	0.000000	0.475073	1.000000
#P-0.613560	-0.288988	0.085334	0.000000	0.478006	1.000000
#P-0.687212	-0.299898	0.082701	0.000000	0.480938	1.000000
#P-0.761417	-0.292797	0.077429	0.000000	0.483871	1.000000
#P-0.831727	-0.268113	0.069122	0.000000	0.486804	1.000000
#P-0.893899	-0.227327	0.057728	0.000000	0.489736	1.000000
#P-0.944169	-0.172890	0.043523	0.000000	0.492669	1.000000
#P-0.979485	-0.108069	0.027079	0.000000	0.495601	1.000000
#P-0.997697	-0.036759	0.009192	0.000000	0.498534	1.000000
#P-0.997697	0.036759	-0.009192	0.000000	0.501466	1.000000
#P-0.979485	0.108069	-0.027079	0.000000	0.504399	1.000000
#P-0.944169	0.172890	-0.043523	0.000000	0.507331	1.000000
#P-0.893899	0.227327	-0.057728	0.000000	0.510264	1.000000
#P-0.831727	0.268113	-0.069122	0.000000	0.513196	1.000000
#P-0.761417	0.292797	-0.077429	0.000000	0.516129	1.000000
#P-0.687212	0.299898	-0.082701	0.000000	0.519062	1.000000
#P-0.613560	0.288988	-0.085334	0.000000	0.521994	1.000000
#P-0.544847	0.260724	-0.086038	0.000000	0.524927	1.000000
#P-0.485115	0.216802	-0.085795	0.000000	0.527859	1.000000
#P-0.437817	0.159860	-0.085778	0.000000	0.530792	1.000000
#P-0.405604	0.093318	-0.087256	0.000000	0.533724	1.000000
#P-0.390165	0.021172	-0.091487	0.000000	0.536657	1.000000
#P-0.392132	-0.052246	-0.099605	0.000000	0.539589	1.000000
#P-0.411042	-0.122526	-0.112509	0.000000	0.542522	1.000000
#P-0.445381	-0.185448	-0.130776	0.000000	0.545455	1.000000
#P-0.492687	-0.237233	-0.154582	0.000000	0.548387	1.000000
#P-0.549710	-0.274771	-0.183664	0.000000	0.551320	1.000000
#P-0.612623	-0.295808	-0.217312	0.000000	0.554252	1.000000
#P-0.677270	-0.299081	-0.254387	0.000000	0.557185	1.000000
#P-0.739425	-0.284392	-0.293390	0.000000	0.560117	1.000000
#P-0.795059	-0.252625	-0.332547	0.000000	0.563050	1.000000
#P-0.840587	-0.205686	-0.369931	0.000000	0.565982	1.000000
#P-0.873085	-0.146395	-0.403595	0.000000	0.568915	1.000000
#P-0.890464	-0.078313	-0.431716	0.000000	0.571848	1.000000
#P-0.891588	-0.005527	-0.452736	0.000000	0.574780	1.000000
#P-0.876328	0.067590	-0.465492	0.000000	0.577713	1.000000
#P-0.845556	0.136648	-0.469322	0.000000	0.580645	1.000000
#P-0.801070	0.197501	-0.464139	0.000000	0.583578	1.000000
#P-0.745467	0.246492	-0.450470	0.000000	0.586510	1.000000
#P-0.681966	0.280680	-0.429447	0.000000	0.589443	1.000000
#P-0.614193	0.298013	-0.402761	0.000000	0.592375	1.000000
#P-0.545944	0.297448	-0.372569	0.000000	0.595308	1.000000
#P-0.480950	0.279021	-0.341371	0.000000	0.598240	1.000000
#P-0.422636	0.243837	-0.311848	0.000000	0.601173	1.000000
#P-0.373920	0.194010	-0.286691	0.000000	0.604106	1.000000
#P-0.337038	0.132532	-0.268416	0.000000	0.607038	1.000000
#P-0.313423	0.063094	-0.259189	0.000000	0.609971	1.000000
#P-0.303633	-0.010132	-0.260660	0.000000	0.612903	1.000000
#P-0.307341	-0.082750	-0.273839	0.000000	0.615836	1.000000
#P-0.323378	-0.150399	-0.298997	0.000000	0.618768	1.000000
#P-0.349835	-0.209015	-0.335624	0.000000	0.621701	1.000000
#P-0.384200	-0.255079	-0.382434	0.000000	0.624633	1.000000
#P-0.423542	-0.285825	-0.437424	0.000000	0.627566	1.000000
#P-0.464705	-0.299406	-0.497978	0.000000	0.630499	1.000000
#P-0.504523	-0.295006	-0.561022	0.000000	0.633431	1.000000
#P-0.540014	-0.272890	-0.623210	0.000000	0.636364	1.000000
#P-0.568574	-0.234385	-0.681132	0.000000	0.639296	1.000000
#P-0.588123	-0.181805	-0.731538	0.000000	0.642229	1.000000
#P-0.597224	-0.118307	-0.771550	0.000000	0.645161	1.000000
#P-0.595152	-0.047704	-0.798858	0.000000	0.648094	1.000000
#P-0.581910	0.025764	-0.811890	0.000000	0.651026	1.000000
#P-0.558203	0.097685	-0.809924	0.000000	0.653959	1.000000
#P-0.525363	0.163739	-0.793163	0.000000	0.656891	1.000000
#P-0.485233	0.219960	-0.762739	0.000000	0.659824	1.000000
#P-0.440026	0.262972	-0.720663	0.000000	0.662757	1.000000
#P-0.392164	0.290191	-0.669715	0.000000	0.665689	1.000000
#P-0.344105	0.299983	-0.613283	0.000000	0.668622	1.000000
#P-0.298179	0.291759	-0.555159	0.000000	0.671554	1.000000
#P-0.256439	0.266015	-0.499302	0.000000	0.674487	1.000000
#P-0.220537	0.224295	-0.449595	0.000000	0.677419	1.000000
#P-0.191633	0.169105	-0.409590	0.000000	0.680352	1.000000
#P-0.170343	0.103759	-0.382280	0.000000	0.683284	1.000000
#P-0.156723	0.032183	-0.369900	0.000000	0.686217	1.000000
#P-0.150302	-0.041326	-0.373772	0.000000	0.689150	1.000000
#P-0.150143	-0.112354	-0.394209	0.000000	0.692082	1.000000
#P-0.154937	-0.176634	-0.430478	0.000000	0.695015	1.000000
#P-0.163119	-0.230306	-0.480837	0.000000	0.697947	1.000000
#P-0.173000	-0.270148	-0.542628	0.000000	0.700880	1.000000
#P-0.182895	-0.293766	-0.612433	0.000000	0.703812	1.000000
#P-0.191250	-0.299742	-0.686284	0.000000	0.706745	1.000000
#P-0.196753	-0.287718	-0.759903	0.000000	0.709677	1.000000
#P-0.198413	-0.258415	-0.828973	0.000000	0.712610	1.000000
#P-0.195624	-0.213593	-0.889402	0.000000	0.715543	1.000000
#P-0.188182	-0.155944	-0.937586	0.000000	0.718475	1.000000
#P-0.176277	-0.088929	-0.970639	0.000000	0.721408	1.000000
#P-0.160454	-0.016575	-0.986579	0.000000	0.724340	1.000000
#P-0.141543	0.056775	-0.984455	0.000000	0.727273	1.000000
#P-0.120571	0.126716	-0.964417	0.000000	0.730205	1.000000
#P-0.098659	0.189047	-0.927709	0.000000	0.733138	1.000000
#P-0.076919	0.240024	-0.876599	0.000000	0.736070	1.000000
#P-0.056351	0.276587	-0.814239	0.000000	0.739003	1.000000
#P-0.037755	0.296540	-0.744472	0.000000	0.741935	1.000000
#P-0.021663	0.298685	-0.671592	0.000000	0.744868	1.000000
#P-0.008293	0.282892	-0.600083	0.000000	0.747801	1.000000
#P0.002461	0.250111	-0.534330	0.000000	0.750733	1.000000
#P0.011019	0.202309	-0.478353	0.000000	0.753666	1.000000
#P0.018067	0.142358	-0.435553	0.000000	0.756598	1.000000
#P0.024492	0.073857	-0.408500	0.000000	0.759531	1.000000
#P0.031292	0.000921	-0.398776	0.000000	0.762463	1.000000
#P0.039482	-0.072070	-0.406874	0.000000	0.765396	1.000000
#P0.049991	-0.140733	-0.432176	0.000000	0.768328	1.000000
#P0.063564	-0.200944	-0.472990	0.000000	0.771261	1.000000
#P0.080681	-0.249088	-0.526659	0.000000	0.774194	1.000000
#P0.101498	-0.282274	-0.589734	0.000000	0.777126	1.000000
#P0.125808	-0.298507	-0.658192	0.000000	0.780059	1.000000
#P0.153040	-0.296814	-0.727687	0.000000	0.782991	1.000000
#P0.182285	-0.277296	-0.793826	0.000000	0.785924	1.000000
#P0.212351	-0.241125	-0.852439	0.000000	0.788856	1.000000
#P0.241852	-0.190474	-0.899840	0.000000	0.791789	1.000000
#P0.269307	-0.128384	-0.933054	0.000000	0.794721	1.000000
#P0.293261	-0.058584	-0.949989	0.000000	0.797654	1.000000
#P0.312407	0.014735	-0.949567	0.000000	0.800587	1.000000
#P0.325698	0.087168	-0.931774	0.000000	0.803519	1.000000
#P0.332453	0.154367	-0.897651	0.000000	0.806452	1.000000
#P0.332435	0.212295	-0.849220	0.000000	0.809384	1.000000
#P0.325892	0.257474	-0.789343	0.000000	0.812317	1.000000
#P0.313577	0.287191	-0.721532	0.000000	0.815249	1.000000
#P0.296720	0.299660	-0.649727	0.000000	0.818182	1.000000
#P0.276964	0.294134	-0.578037	0.000000	0.821114	1.000000
#P0.256267	0.270944	-0.510487	0.000000	0.824047	1.000000
#P0.236783	0.231482	-0.450764	0.000000	0.826979	1.000000
#P0.220711	0.178120	-0.401997	0.000000	0.829912	1.000000
#P0.210140	0.114060	-0.366568	0.000000	0.832845	1.000000
#P0.206896	0.043150	-0.345976	0.000000	0.835777	1.000000
#P0.212400	-0.030350	-0.340764	0.000000	0.838710	1.000000
#P0.227541	-0.102029	-0.350501	0.000000	0.841642	1.000000
#P0.252596	-0.167580	-0.373829	0.000000	0.844575	1.000000
#P0.287175	-0.223067	-0.408569	0.000000	0.847507	1.000000
#P0.330218	-0.265158	-0.451875	0.000000	0.850440	1.000000
#P0.380039	-0.291325	-0.500428	0.000000	0.853372	1.000000
#P0.434412	-0.299997	-0.550657	0.000000	0.856305	1.000000
#P0.490696	-0.290653	-0.598969	0.000000	0.859238	1.000000
#P0.546001	-0.263854	-0.641975	0.000000	0.862170	1.000000
#P0.597369	-0.221209	-0.676702	0.000000	0.865103	1.000000
#P0.641967	-0.165280	-0.700765	0.000000	0.868035	1.000000
#P0.677286	-0.099425	-0.712504	0.000000	0.870968	1.000000
#P0.701311	-0.027600	-0.711070	0.000000	0.873900	1.000000
#P0.712678	0.045884	-0.696450	0.000000	0.876833	1.000000
#P0.710785	0.116611	-0.669446	0.000000	0.879765	1.000000
#P0.695853	0.180336	-0.631597	0.000000	0.882698	1.000000
#P0.668938	0.233231	-0.585055	0.000000	0.885630	1.000000
#P0.631892	0.272119	-0.532429	0.000000	0.888563	1.000000
#P0.587261	0.294665	-0.476601	0.000000	0.891496	1.000000
#P0.538141	0.299516	-0.420531	0.000000	0.894428	1.000000
#P0.487991	0.286379	-0.367062	0.000000	0.897361	1.000000
#P0.440421	0.256044	-0.318746	0.000000	0.900293	1.000000
#P0.398960	0.210333	-0.277684	0.000000	0.903226	1.000000
#P0.366829	0.151990	-0.245413	0.000000	0.906158	1.000000
#P0.346724	0.084520	-0.222826	0.000000	0.909091	1.000000
#P0.340632	0.011974	-0.210145	0.000000	0.912023	1.000000
#P0.349686	-0.061292	-0.206934	0.000000	0.914956	1.000000
#P0.374077	-0.130876	-0.212161	0.000000	0.917889	1.000000
#P0.413018	-0.192601	-0.224291	0.000000	0.920821	1.000000
#P0.464779	-0.242759	-0.241420	0.000000	0.923754	1.000000
#P0.526777	-0.278339	-0.261414	0.000000	0.926686	1.000000
#P0.595725	-0.297203	-0.282072	0.000000	0.929619	1.000000
#P0.667829	-0.298219	-0.301277	0.000000	0.932551	1.000000
#P0.739018	-0.281326	-0.317138	0.000000	0.935484	1.000000
#P0.805202	-0.247538	-0.328107	0.000000	0.938416	1.000000
#P0.862526	-0.198884	-0.333069	0.000000	0.941349	1.000000
#P0.907618	-0.138286	-0.331398	0.000000	0.944282	1.000000
#P0.937811	-0.069384	-0.322968	0.000000	0.947214	1.000000
#P0.951319	0.003685	-0.308134	0.000000	0.950147	1.000000
#P0.947359	0.076533	-0.287676	0.000000	0.953079	1.000000
#P0.926211	0.144784	-0.262716	0.000000	0.956012	1.000000
#P0.889218	0.204341	-0.234610	0.000000	0.958944	1.000000
#P0.838703	0.251626	-0.204831	0.000000	0.961877	1.000000
#P0.777840	0.283800	-0.174846	0.000000	0.964809	1.000000
#P0.710458	0.298931	-0.146003	0.000000	0.967742	1.000000
#P0.640808	0.296109	-0.119428	0.000000	0.970674	1.000000
#P0.573296	0.275505	-0.095952	0.000000	0.973607	1.000000
#P0.512213	0.238356	-0.076055	0.000000	0.976540	1.000000
#P0.461462	0.186893	-0.059852	0.000000	0.979472	1.000000
#P0.424313	0.124205	-0.047102	0.000000	0.982405	1.000000
#P0.403194	0.054059	-0.037251	0.000000	0.985337	1.000000
#P0.399536	-0.019334	-0.029500	0.000000	0.988270	1.000000
#P0.413682	-0.091565	-0.022891	0.000000	0.991202	1.000000
#P0.444861	-0.158298	-0.016401	0.000000	0.994135	1.000000
#P0.491232	-0.215524	-0.009052	0.000000	0.997067	1.000000
#P0.550000	-0.259808	0.000000	0.000000	1.000000	1.000000
#P0.617588	-0.288488	0.011381	0.000000	1.000000	0.997067
#P0.689859	-0.299844	0.025434	0.000000	1.000000	0.994135
#P0.762378	-0.293193	0.042185	0.000000	1.000000	0.991202
#P0.830683	-0.268934	0.061335	0.000000	1.000000	0.988270
#P0.890568	-0.228525	0.082280	0.000000	1.000000	0.985337
#P0.938342	-0.174392	0.104163	0.000000	1.000000	0.982405
#P0.971056	-0.109786	0.125946	0.000000	1.000000	0.979472
#P0.986690	-0.038587	0.146507	0.000000	1.000000	0.976540
#P0.984269	0.034930	0.164736	0.000000	1.000000	0.973607
#P0.963920	0.106348	0.179647	0.000000	1.000000	0.970674
#P0.926860	0.171380	0.190475	0.000000	1.000000	0.967742
#P0.875312	0.226120	0.196756	0.000000	1.000000	0.964809
#P0.812362	0.267281	0.198398	0.000000	1.000000	0.961877
#P0.741758	0.292390	0.195705	0.000000	1.000000	0.958944
#P0.667673	0.299940	0.189383	0.000000	1.000000	0.956012
#P0.594440	0.289478	0.180508	0.000000	1.000000	0.953079
#P0.526284	0.261631	0.170464	0.000000	1.000000	0.950147
#P0.467058	0.218072	0.160848	0.000000	1.000000	0.947214
#P0.420005	0.161416	0.153356	0.000000	1.000000	0.944282
#P0.387569	0.095068	0.149662	0.000000	1.000000	0.941349
#P0.371245	0.023010	0.151276	0.000000	1.000000	0.938416
#P0.371506	-0.050430	0.159426	0.000000	1.000000	0.935484
#P0.387780	-0.120842	0.174939	0.000000	1.000000	0.932551
#P0.418506	-0.183996	0.198160	0.000000	1.000000	0.929619
#P0.461243	-0.236100	0.228892	0.000000	1.000000	0.926686
#P0.512838	-0.274026	0.266383	0.000000	1.000000	0.923754
#P0.569633	-0.295495	0.309342	0.000000	1.000000	0.920821
#P0.627703	-0.299219	0.356007	0.000000	1.000000	0.917889
#P0.683107	-0.284973	0.404243	0.000000	1.000000	0.914956
#P0.732134	-0.253614	0.451674	0.000000	1.000000	0.912023
#P0.771531	-0.207024	0.495833	0.000000	1.000000	0.909091
#P0.798694	-0.148001	0.534336	0.000000	1.000000	0.906158
#P0.811827	-0.080090	0.565048	0.000000	1.000000	0.903226
#P0.810025	-0.007370	0.586241	0.000000	1.000000	0.900293
#P0.793322	0.065794	0.596730	0.000000	1.000000	0.897361
#P0.762659	0.135006	0.595980	0.000000	1.000000	0.894428
#P0.719807	0.196110	0.584171	0.000000	1.000000	0.891496
#P0.667234	0.245437	0.562208	0.000000	1.000000	0.888563
#P0.607930	0.280025	0.531697	0.000000	1.000000	0.885630
#P0.545208	0.297796	0.494863	0.000000	1.000000	0.882698
#P0.482479	0.297683	0.454419	0.000000	1.000000	0.879765
#P0.423043	0.279693	0.413410	0.000000	1.000000	0.876833
#P0.369875	0.244906	0.375022	0.000000	1.000000	0.873900
#P0.325449	0.195412	0.342372	0.000000	1.000000	0.870968
#P0.291599	0.134182	0.318306	0.000000	1.000000	0.868035
#P0.269419	0.064894	0.305199	0.000000	1.000000	0.865103
#P0.259222	-0.008291	0.304788	0.000000	1.000000	0.862170
#P0.260547	-0.080978	0.318037	0.000000	1.000000	0.859238
#P0.272214	-0.148802	0.345056	0.000000	1.000000	0.856305
#P0.292428	-0.207689	0.385064	0.000000	1.000000	0.853372
#P0.318923	-0.254105	0.436418	0.000000	1.000000	0.850440
#P0.349120	-0.285260	0.496699	0.000000	1.000000	0.847507
#P0.380314	-0.299284	0.562844	0.000000	1.000000	0.844575
#P0.409852	-0.295335	0.631330	0.000000	1.000000	0.841642
#P0.435309	-0.273650	0.698388	0.000000	1.000000	0.838710
#P0.454631	-0.235531	0.760243	0.000000	1.000000	0.835777
#P0.466262	-0.183267	0.813347	0.000000	1.000000	0.832845
#P0.469216	-0.119998	0.854620	0.000000	1.000000	0.829912
#P0.463123	-0.049522	0.881648	0.000000	1.000000	0.826979
#P0.448218	0.023928	0.892855	0.000000	1.000000	0.824047
#P0.425296	0.095941	0.887616	0.000000	1.000000	0.821114
#P0.395631	0.162192	0.866312	0.000000	1.000000	0.818182
#P0.360859	0.218703	0.830326	0.000000	1.000000	0.815249
#P0.322847	0.262080	0.781968	0.000000	1.000000	0.812317
#P0.283552	0.289718	0.724346	0.000000	1.000000	0.809384
#P0.244873	0.299957	0.661178	0.000000	1.000000	0.806452
#P0.208527	0.292183	0.596566	0.000000	1.000000	0.803519
#P0.175930	0.266861	0.534745	0.000000	1.000000	0.800587
#P0.148117	0.225514	0.479811	0.000000	1.000000	0.797654
#P0.125689	0.170623	0.435470	0.000000	1.000000	0.794721
#P0.108797	0.105486	0.404791	0.000000	1.000000	0.791789
#P0.097157	0.034014	0.390015	0.000000	1.000000	0.788856
#P0.090106	-0.039500	0.392399	0.000000	1.000000	0.785924
#P0.086676	-0.110643	0.412133	0.000000	1.000000	0.782991
#P0.085692	-0.175141	0.448315	0.000000	1.000000	0.780059
#P0.085883	-0.229121	0.499005	0.000000	1.000000	0.777126
#P0.085993	-0.269341	0.561333	0.000000	1.000000	0.774194
#P0.084889	-0.293387	0.631678	0.000000	1.000000	0.771261
#P0.081652	-0.299813	0.705886	0.000000	1.000000	0.768328
#P0.075644	-0.288234	0.779531	0.000000	1.000000	0.765396
#P0.066557	-0.259346	0.848190	0.000000	1.000000	0.762463
#P0.054422	-0.214883	0.907715	0.000000	1.000000	0.759531
#P0.039594	-0.157515	0.954501	0.000000	1.000000	0.756598
#P0.022707	-0.090688	0.985703	0.000000	1.000000	0.753666
#P0.004604	-0.018414	0.999424	0.000000	1.000000	0.750733
#P-0.013749	0.054965	0.994827	0.000000	1.000000	0.747801
#P-0.031359	0.125043	0.972192	0.000000	1.000000	0.744868
#P-0.047311	0.187612	0.932899	0.000000	1.000000	0.741935
#P-0.060856	0.238914	0.879335	0.000000	1.000000	0.739003
#P-0.071492	0.275869	0.814753	0.000000	1.000000	0.736070
#P-0.079022	0.296256	0.743059	0.000000	1.000000	0.733138
#P-0.083584	0.298852	0.668572	0.000000	1.000000	0.730205
#P-0.085656	0.283500	0.595753	0.000000	1.000000	0.727273
#P-0.086023	0.251123	0.528925	0.000000	1.000000	0.724340
#P-0.085721	0.203666	0.472006	0.000000	1.000000	0.721408
#P-0.085957	0.143977	0.428266	0.000000	1.000000	0.718475
#P-0.088008	0.075642	0.400128	0.000000	1.000000	0.715543
#P-0.093112	0.002764	0.389025	0.000000	1.000000	0.712610
#P-0.102354	-0.070280	0.395313	0.000000	1.000000	0.709677
#P-0.116559	-0.139103	0.418261	0.000000	1.000000	0.706745
#P-0.136210	-0.199573	0.456107	0.000000	1.000000	0.703812
#P-0.161378	-0.248057	0.506173	0.000000	1.000000	0.700880
#P-0.191686	-0.281644	0.565044	0.000000	1.000000	0.697947
#P-0.226312	-0.298318	0.628788	0.000000	1.000000	0.695015
#P-0.264022	-0.297076	0.693205	0.000000	1.000000	0.692082
#P-0.303238	-0.277994	0.754095	0.000000	1.000000	0.689150
#P-0.342136	-0.242217	0.807516	0.000000	1.000000	0.686217
#P-0.378771	-0.191894	0.850030	0.000000	1.000000	0.683284
#P-0.411212	-0.130047	0.878908	0.000000	1.000000	0.680352
#P-0.437690	-0.060390	0.892291	0.000000	1.000000	0.677419
#P-0.456735	0.012894	0.889291	0.000000	1.000000	0.674487
#P-0.467300	0.085403	0.870034	0.000000	1.000000	0.671554
#P-0.468861	0.152784	0.835631	0.000000	1.000000	0.668622
#P-0.461484	0.210989	0.788095	0.000000	1.000000	0.665689
#P-0.445847	0.256523	0.730196	0.000000	1.000000	0.662757
#P-0.423230	0.286652	0.665276	0.000000	1.000000	0.659824
#P-0.395449	0.299567	0.597026	0.000000	1.000000	0.656891
#P-0.364761	0.294491	0.529250	0.000000	1.000000	0.653959
#P-0.333727	0.271730	0.465621	0.000000	1.000000	0.651026
#P-0.305046	0.232650	0.409457	0.000000	1.000000	0.648094
#P-0.281385	0.179599	0.363519	0.000000	1.000000	0.645161
#P-0.265187	0.115762	0.329854	0.000000	1.000000	0.642229
#P-0.258502	0.044973	0.309677	0.000000	1.000000	0.639296
#P-0.262834	-0.028517	0.303326	0.000000	1.000000	0.636364
#P-0.279012	-0.100294	0.310257	0.000000	1.000000	0.633431
#P-0.307115	-0.166048	0.329104	0.000000	1.000000	0.630499
#P-0.346438	-0.221830	0.357793	0.000000	1.000000	0.627566
#P-0.395507	-0.264291	0.393690	0.000000	1.000000	0.624633
#P-0.452154	-0.290880	0.433787	0.000000	1.000000	0.621701
#P-0.513633	-0.300000	0.474907	0.000000	1.000000	0.618768
#P-0.576783	-0.291104	0.513911	0.000000	1.000000	0.615836
#P-0.638222	-0.264726	0.547895	0.000000	1.000000	0.612903
#P-0.694559	-0.222450	0.574374	0.000000	1.000000	0.609971
#P-0.742617	-0.166815	0.591418	0.000000	1.000000	0.607038
#P-0.779643	-0.101162	0.597766	0.000000	1.000000	0.604106
#P-0.803498	-0.029434	0.592873	0.000000	1.000000	0.601173
#P-0.812813	0.044062	0.576922	0.000000	1.000000	0.598240
#P-0.807093	0.114911	0.550785	0.000000	1.000000	0.595308
#P-0.786774	0.178860	0.515933	0.000000	1.000000	0.592375
#P-0.753216	0.232067	0.474315	0.000000	1.000000	0.589443
#P-0.708635	0.271338	0.428213	0.000000	1.000000	0.586510
#P-0.655979	0.294314	0.380074	0.000000	1.000000	0.583578
#P-0.598757	0.299615	0.332337	0.000000	1.000000	0.580645
#P-0.540827	0.286923	0.287279	0.000000	1.000000	0.577713
#P-0.486153	0.257000	0.246862	0.000000	1.000000	0.574780
#P-0.438556	0.211643	0.212621	0.000000	1.000000	0.571848
#P-0.401471	0.153576	0.185585	0.000000	1.000000	0.568915
#P-0.377717	0.086286	0.166228	0.000000	1.000000	0.565982
#P-0.369314	0.013814	0.154472	0.000000	1.000000	0.563050
#P-0.377339	-0.059487	0.149721	0.000000	1.000000	0.560117
#P-0.401843	-0.129216	0.150935	0.000000	1.000000	0.557185
#P-0.441836	-0.191185	0.156730	0.000000	1.000000	0.554252
#P-0.495335	-0.241672	0.165497	0.000000	1.000000	0.551320
#P-0.559475	-0.277646	0.175536	0.000000	1.000000	0.548387
#P-0.630680	-0.296946	0.185184	0.000000	1.000000	0.545455
#P-0.704880	-0.298414	0.192938	0.000000	1.000000	0.542522
#P-0.777763	-0.281960	0.197558	0.000000	1.000000	0.539589
#P-0.845041	-0.248574	0.198148	0.000000	1.000000	0.536657
#P-0.902722	-0.200259	0.194199	0.000000	1.000000	0.533724
#P-0.947362	-0.139919	0.185608	0.000000	1.000000	0.530792
#P-0.976284	-0.071175	0.172661	0.000000	1.000000	0.527859
#P-0.987755	0.001843	0.155979	0.000000	1.000000	0.524927
#P-0.981095	0.074750	0.136450	0.000000	1.000000	0.521994
#P-0.956731	0.143168	0.115136	0.000000	1.000000	0.519062
#P-0.916173	0.202988	0.093166	0.000000	1.000000	0.516129
#P-0.861924	0.250618	0.071631	0.000000	1.000000	0.513196
#P-0.797330	0.283198	0.051491	0.000000	1.000000	0.510264
#P-0.726370	0.298770	0.033483	0.000000	1.000000	0.507331
#P-0.653412	0.296400	0.018064	0.000000	1.000000	0.504399
#P-0.582940	0.276229	0.005371	0.000000	1.000000	0.501466
#P-0.519274	0.239470	-0.004784	0.000000	1.000000	0.498534
#P-0.466302	0.188330	-0.012891	0.000000	1.000000	0.495601
#P-0.427234	0.125880	-0.019694	0.000000	1.000000	0.492669
#P-0.404406	0.055870	-0.026116	0.000000	1.000000	0.489736
#P-0.399135	-0.017495	-0.033171	0.000000	1.000000	0.486804
#P-0.411635	-0.089809	-0.041859	0.000000	1.000000	0.483871
#P-0.441014	-0.156730	-0.053073	0.000000	1.000000	0.480938
#P-0.485324	-0.214239	-0.067499	0.000000	1.000000	0.478006
#P-0.541695	-0.258881	-0.085540	0.000000	1.000000	0.475073
#P-0.606510	-0.287977	-0.107264	0.000000	1.000000	0.472141
#P-0.675642	-0.299779	-0.132372	0.000000	1.000000	0.469208
#P-0.744705	-0.293578	-0.160205	0.000000	1.000000	0.466276
#P-0.809339	-0.269746	-0.189776	0.000000	1.000000	0.463343
#P-0.865470	-0.229715	-0.219837	0.000000	1.000000	0.460411
#P-0.909572	-0.175888	-0.248966	0.000000	1.000000	0.457478
#P-0.938874	-0.111499	-0.275678	0.000000	1.000000	0.454545
#P-0.951530	-0.040413	-0.298545	0.000000	1.000000	0.451613
#P-0.946725	0.033099	-0.316312	0.000000	1.000000	0.448680
#P-0.924711	0.104623	-0.328017	0.000000	1.000000	0.445748
#P-0.886786	0.169865	-0.333083	0.000000	1.000000	0.442815
#P-0.835196	0.224905	-0.331390	0.000000	1.000000	0.439883
#P-0.772985	0.266439	-0.323314	0.000000	1.000000	0.436950
#P-0.703796	0.291972	-0.309731	0.000000	1.000000	0.434018
#P-0.631633	0.299971	-0.291981	0.000000	1.000000	0.431085
#P-0.560610	0.289956	-0.271796	0.000000	1.000000	0.428152
#P-0.494689	0.262527	-0.251196	0.000000	1.000000	0.425220
#P-0.437438	0.219333	-0.232360	0.000000	1.000000	0.422287
#P-0.391815	0.162967	-0.217475	0.000000	1.000000	0.419355
#P-0.359991	0.096813	-0.208578	0.000000	1.000000	0.416422
#P-0.343231	0.024846	-0.207408	0.000000	1.000000	0.413490
#P-0.341835	-0.048613	-0.215260	0.000000	1.000000	0.410557
#P-0.355131	-0.119153	-0.232879	0.000000	1.000000	0.407625
#P-0.381545	-0.182537	-0.260378	0.000000	1.000000	0.404692
#P-0.418716	-0.234959	-0.297198	0.000000	1.000000	0.401760
#P-0.463658	-0.273271	-0.342117	0.000000	1.000000	0.398827
#P-0.512970	-0.295172	-0.393303	0.000000	1.000000	0.395894
#P-0.563052	-0.299346	-0.448413	0.000000	1.000000	0.392962
#P-0.610342	-0.285544	-0.504730	0.000000	1.000000	0.390029
#P-0.651537	-0.254593	-0.559327	0.000000	1.000000	0.387097
#P-0.683795	-0.208353	-0.609258	0.000000	1.000000	0.384164
#P-0.704902	-0.149601	-0.651755	0.000000	1.000000	0.381232
#P-0.713395	-0.081864	-0.684416	0.000000	1.000000	0.378299
#P-0.708633	-0.009211	-0.705376	0.000000	1.000000	0.375367
#P-0.690812	0.063995	-0.713454	0.000000	1.000000	0.372434
#P-0.660926	0.133358	-0.708247	0.000000	1.000000	0.369501
#P-0.620681	0.194712	-0.690188	0.000000	1.000000	0.366569
#P-0.572359	0.244373	-0.660538	0.000000	1.000000	0.363636
#P-0.518656	0.279358	-0.621333	0.000000	1.000000	0.360704
#P-0.462492	0.297567	-0.575272	0.000000	1.000000	0.357771
#P-0.406814	0.297906	-0.525560	0.000000	1.000000	0.354839
#P-0.354409	0.280354	-0.475715	0.000000	1.000000	0.351906
#P-0.307730	0.245966	-0.429350	0.000000	1.000000	0.348974
#P-0.268746	0.196806	-0.389937	0.000000	1.000000	0.346041
#P-0.238838	0.135828	-0.360585	0.000000	1.000000	0.343109
#P-0.218733	0.066692	-0.343828	0.000000	1.000000	0.340176
#P-0.208485	-0.006449	-0.341452	0.000000	1.000000	0.337243
#P-0.207502	-0.079202	-0.354360	0.000000	1.000000	0.334311
#P-0.214615	-0.147199	-0.382500	0.000000	1.000000	0.331378
#P-0.228185	-0.206356	-0.424843	0.000000	1.000000	0.328446
#P-0.246235	-0.253121	-0.479436	0.000000	1.000000	0.325513
#P-0.266601	-0.284684	-0.543503	0.000000	1.000000	0.322581
#P-0.287088	-0.299151	-0.613611	0.000000	1.000000	0.319648
#P-0.305623	-0.295653	-0.685873	0.000000	1.000000	0.316716
#P-0.320390	-0.274400	-0.756190	0.000000	1.000000	0.313783
#P-0.329943	-0.236668	-0.820505	0.000000	1.000000	0.310850
#P-0.333287	-0.184723	-0.875063	0.000000	1.000000	0.307918
#P-0.329919	-0.121684	-0.916649	0.000000	1.000000	0.304985
#P-0.319836	-0.051338	-0.942801	0.000000	1.000000	0.302053
#P-0.303508	0.022091	-0.951974	0.000000	1.000000	0.299120
#P-0.281808	0.094193	-0.943648	0.000000	1.000000	0.296188
#P-0.255928	0.160639	-0.918374	0.000000	1.000000	0.293255
#P-0.227264	0.217438	-0.877746	0.000000	1.000000	0.290323
#P-0.197299	0.261179	-0.824317	0.000000	1.000000	0.287390
#P-0.167480	0.289234	-0.761445	0.000000	1.000000	0.284457
#P-0.139109	0.299920	-0.693087	0.000000	1.000000	0.281525
#P-0.113244	0.292595	-0.623557	0.000000	1.000000	0.278592
#P-0.090631	0.267698	-0.557261	0.000000	1.000000	0.275660
#P-0.071661	0.226725	-0.498416	0.000000	1.000000	0.272727
#P-0.056357	0.172136	-0.450789	0.000000	1.000000	0.269795
#P-0.044395	0.107209	-0.417456	0.000000	1.000000	0.266862
#P-0.035152	0.035844	-0.400610	0.000000	1.000000	0.263930
#P-0.027781	-0.037673	-0.401415	0.000000	1.000000	0.260997
#P-0.021297	-0.108928	-0.419935	0.000000	1.000000	0.258065
#P-0.014681	-0.173642	-0.455124	0.000000	1.000000	0.255132
#P-0.006978	-0.227927	-0.504890	0.000000	1.000000	0.252199
#P0.002608	-0.268525	-0.566224	0.000000	1.000000	0.249267
#P0.014637	-0.292996	-0.635387	0.000000	1.000000	0.246334
#P0.029375	-0.299872	-0.708142	0.000000	1.000000	0.243402
#P0.046766	-0.288740	-0.780020	0.000000	1.000000	0.240469
#P0.066433	-0.260267	-0.846599	0.000000	1.000000	0.237537
#P0.087701	-0.216164	-0.903776	0.000000	1.000000	0.234604
#P0.109661	-0.159080	-0.948028	0.000000	1.000000	0.231672
#P0.131246	-0.092442	-0.976623	0.000000	1.000000	0.228739
#P0.151324	-0.020253	-0.987792	0.000000	1.000000	0.225806
#P0.168809	0.053153	-0.980833	0.000000	1.000000	0.222874
#P0.182761	0.123366	-0.956151	0.000000	1.000000	0.219941
#P0.192481	0.186171	-0.915224	0.000000	1.000000	0.217009
#P0.197597	0.237796	-0.860507	0.000000	1.000000	0.214076
#P0.198110	0.275139	-0.795271	0.000000	1.000000	0.211144
#P0.194428	0.295960	-0.723395	0.000000	1.000000	0.208211
#P0.187354	0.299007	-0.649116	0.000000	1.000000	0.205279
#P0.178047	0.284098	-0.576766	0.000000	1.000000	0.202346
#P0.167954	0.252127	-0.510502	0.000000	1.000000	0.199413
#P0.158709	0.205015	-0.454043	0.000000	1.000000	0.196481
#P0.152014	0.145591	-0.410450	0.000000	1.000000	0.193548
#P0.149514	0.077423	-0.381941	0.000000	1.000000	0.190616
#P0.152661	0.004606	-0.369761	0.000000	1.000000	0.187683
#P0.162592	-0.068487	-0.374118	0.000000	1.000000	0.184751
#P0.180020	-0.137468	-0.394188	0.000000	1.000000	0.181818
#P0.205159	-0.198193	-0.428177	0.000000	1.000000	0.178886
#P0.237673	-0.247016	-0.473447	0.000000	1.000000	0.175953
#P0.276671	-0.281004	-0.526700	0.000000	1.000000	0.173021
#P0.320739	-0.298117	-0.584186	0.000000	1.000000	0.170088
#P0.368009	-0.297327	-0.641955	0.000000	1.000000	0.167155
#P0.416273	-0.278681	-0.696099	0.000000	1.000000	0.164223
#P0.463116	-0.243299	-0.743001	0.000000	1.000000	0.161290
#P0.506078	-0.193306	-0.779553	0.000000	1.000000	0.158358
#P0.542820	-0.131705	-0.803344	0.000000	1.000000	0.155425
#P0.571295	-0.062193	-0.812791	0.000000	1.000000	0.152493
#P0.589899	0.011053	-0.807225	0.000000	1.000000	0.149560
#P0.597601	0.083635	-0.786909	0.000000	1.000000	0.146628
#P0.594042	0.151195	-0.753003	0.000000	1.000000	0.143695
#P0.579580	0.209675	-0.707466	0.000000	1.000000	0.140762
#P0.555304	0.255563	-0.652914	0.000000	1.000000	0.137830
#P0.522983	0.286104	-0.592437	0.000000	1.000000	0.134897
#P0.484975	0.299462	-0.529394	0.000000	1.000000	0.131965
#P0.444096	0.294837	-0.467189	0.000000	1.000000	0.129032
#P0.403443	0.272506	-0.409057	0.000000	1.000000	0.126100
#P0.366204	0.233809	-0.357865	0.000000	1.000000	0.123167
#P0.335449	0.181071	-0.315939	0.000000	1.000000	0.120235
#P0.313922	0.117460	-0.284934	0.000000	1.000000	0.117302
#P0.303854	0.046794	-0.265751	0.000000	1.000000	0.114370
#P0.306800	-0.026682	-0.258508	0.000000	1.000000	0.111437
#P0.323516	-0.098556	-0.262555	0.000000	1.000000	0.108504
#P0.353890	-0.164510	-0.276548	0.000000	1.000000	0.105572
#P0.396921	-0.220586	-0.298560	0.000000	1.000000	0.102639
#P0.450761	-0.263414	-0.326230	0.000000	1.000000	0.099707
#P0.512816	-0.290423	-0.356931	0.000000	1.000000	0.096774
#P0.579890	-0.299991	-0.387954	0.000000	1.000000	0.093842
#P0.648377	-0.291543	-0.416687	0.000000	1.000000	0.090909
#P0.714484	-0.265587	-0.440785	0.000000	1.000000	0.087977
#P0.774469	-0.223682	-0.458309	0.000000	1.000000	0.085044
#P0.824881	-0.168343	-0.467839	0.000000	1.000000	0.082111
#P0.862789	-0.102895	-0.468542	0.000000	1.000000	0.079179
#P0.885974	-0.031267	-0.460201	0.000000	1.000000	0.076246
#P0.893089	0.042238	-0.443197	0.000000	1.000000	0.073314
#P0.883758	0.113207	-0.418454	0.000000	1.000000	0.070381
#P0.858616	0.177377	-0.387347	0.000000	1.000000	0.067449
#P0.819287	0.230895	-0.351584	0.000000	1.000000	0.064516
#P0.768295	0.270547	-0.313067	0.000000	1.000000	0.061584
#P0.708918	0.293951	-0.273753	0.000000	1.000000	0.058651
#P0.644995	0.299703	-0.235507	0.000000	1.000000	0.055718
#P0.580685	0.287456	-0.199979	0.000000	1.000000	0.052786
#P0.520212	0.257945	-0.168497	0.000000	1.000000	0.049853
#P0.467600	0.212945	-0.141992	0.000000	1.000000	0.046921
#P0.426416	0.155156	-0.120951	0.000000	1.000000	0.043988
#P0.399540	0.088049	-0.105414	0.000000	1.000000	0.041056
#P0.388976	0.015655	-0.094997	0.000000	1.000000	0.038123
#P0.395723	-0.057680	-0.088952	0.000000	1.000000	0.035191
#P0.419695	-0.127550	-0.086250	0.000000	1.000000	0.032258
#P0.459725	-0.189761	-0.085680	0.000000	1.000000	0.029326
#P0.513626	-0.240576	-0.085965	0.000000	1.000000	0.026393
#P0.578323	-0.276943	-0.085871	0.000000	1.000000	0.023460
#P0.650038	-0.296679	-0.084310	0.000000	1.000000	0.020528
#P0.724525	-0.298597	-0.080427	0.000000	1.000000	0.017595
#P0.797332	-0.282584	-0.073666	0.000000	1.000000	0.014663
#P0.864079	-0.249601	-0.063801	0.000000	1.000000	0.011730
#P0.920732	-0.201628	-0.050947	0.000000	1.000000	0.008798
#P0.963854	-0.141546	-0.035536	0.000000	1.000000	0.005865
#P0.990824	-0.072964	-0.018259	0.000000	1.000000	0.002933
#P1.000000	0.000000	0.000000	0.000000	1.000000	0.000000
