#N1024
#P0.980785	0.000000	0.195090	1.000000	1.000000	1.000000
#P0.974762	0.060390	0.193892	1.000000	1.000000	1.000000
#P0.956940	0.118307	0.190347	1.000000	1.000000	1.000000
#P0.928048	0.171380	0.184600	1.000000	1.000000	1.000000
#P0.889268	0.217438	0.176886	1.000000	1.000000	1.000000
#P0.842190	0.254593	0.167522	1.000000	1.000000	1.000000
#P0.788739	0.281326	0.156890	1.000000	1.000000	1.000000
#P0.731105	0.296540	0.145426	1.000000	1.000000	1.000000
#P0.671647	0.299615	0.133599	1.000000	1.000000	1.000000
#P0.612799	0.290423	0.121893	1.000000	1.000000	1.000000
#P0.556970	0.269341	0.110788	1.000000	1.000000	1.000000
#P0.506446	0.237233	0.100738	1.000000	1.000000	1.000000
#P0.463296	0.195412	0.092155	1.000000	1.000000	1.000000
#P0.429286	0.145591	0.085390	1.000000	1.000000	1.000000
#P0.405808	0.089809	0.080720	1.000000	1.000000	1.000000
#P0.393824	0.030350	0.078336	1.000000	1.000000	1.000000
#P0.393824	-0.030350	0.078336	1.000000	1.000000	1.000000
#P0.405808	-0.089809	0.080720	1.000000	1.000000	1.000000
#P0.429286	-0.145591	0.085390	1.000000	1.000000	1.000000
#P0.463296	-0.195412	0.092155	1.000000	1.000000	1.000000
#P0.506446	-0.237233	0.100738	1.000000	1.000000	1.000000
#P0.556970	-0.269341	0.110788	1.000000	1.000000	1.000000
#P0.612799	-0.290423	0.121893	1.000000	1.000000	1.000000
#P0.671647	-0.299615	0.133599	1.000000	1.000000	1.000000
#P0.731105	-0.296540	0.145426	1.000000	1.000000	1.000000
#P0.788739	-0.281326	0.156890	1.000000	1.000000	1.000000
#P0.842190	-0.254593	0.167522	1.000000	1.000000	1.000000
#P0.889268	-0.217438	0.176886	1.000000	1.000000	1.000000
#P0.928048	-0.171380	0.184600	1.000000	1.000000	1.000000
#P0.956940	-0.118307	0.190347	1.000000	1.000000	1.000000
#P0.974762	-0.060390	0.193892	1.000000	1.000000	1.000000
#P0.980785	0.000000	0.195090	1.000000	1.000000	1.000000
#P0.923880	0.000000	0.382683	1.000000	1.000000	1.000000
#P0.918206	0.060390	0.380333	1.000000	1.000000	1.000000
#P0.901418	0.118307	0.373379	1.000000	1.000000	1.000000
#P0.874202	0.171380	0.362106	1.000000	1.000000	1.000000
#P0.837672	0.217438	0.346975	1.000000	1.000000	1.000000
#P0.793325	0.254593	0.328606	1.000000	1.000000	1.000000
#P0.742976	0.281326	0.307751	1.000000	1.000000	1.000000
#P0.688686	0.296540	0.285263	1.000000	1.000000	1.000000
#P0.632678	0.299615	0.262064	1.000000	1.000000	1.000000
#P0.577244	0.290423	0.239102	1.000000	1.000000	1.000000
#P0.524654	0.269341	0.217319	1.000000	1.000000	1.000000
#P0.477062	0.237233	0.197606	1.000000	1.000000	1.000000
#P0.436415	0.195412	0.180769	1.000000	1.000000	1.000000
#P0.404378	0.145591	0.167499	1.000000	1.000000	1.000000
#P0.382263	0.089809	0.158338	1.000000	1.000000	1.000000
#P0.370974	0.030350	0.153662	1.000000	1.000000	1.000000
#P0.370974	-0.030350	0.153662	1.000000	1.000000	1.000000
#P0.382263	-0.089809	0.158338	1.000000	1.000000	1.000000
#P0.404378	-0.145591	0.167499	1.000000	1.000000	1.000000
#P0.436415	-0.195412	0.180769	1.000000	1.000000	1.000000
#P0.477062	-0.237233	0.197606	1.000000	1.000000	1.000000
#P0.524654	-0.269341	0.217319	1.000000	1.000000	1.000000
#P0.577244	-0.290423	0.239102	1.000000	1.000000	1.000000
#P0.632678	-0.299615	0.262064	1.000000	1.000000	1.000000
#P0.688686	-0.296540	0.285263	1.000000	1.000000	1.000000
#P0.742976	-0.281326	0.307751	1.000000	1.000000	1.000000
#P0.793325	-0.254593	0.328606	1.000000	1.000000	1.000000
#P0.837672	-0.217438	0.346975	1.000000	1.000000	1.000000
#P0.874202	-0.171380	0.362106	1.000000	1.000000	1.000000
#P0.901418	-0.118307	0.373379	1.000000	1.000000	1.000000
#P0.918206	-0.060390	0.380333	1.000000	1.000000	1.000000
#P0.923880	0.000000	0.382683	1.000000	1.000000	1.000000
#P0.831470	0.000000	0.555570	1.000000	1.000000	1.000000
#P0.826364	0.060390	0.552158	1.000000	1.000000	1.000000
#P0.811254	0.118307	0.542063	1.000000	1.000000	1.000000
#P0.786761	0.171380	0.525697	1.000000	1.000000	1.000000
#P0.753885	0.217438	0.503730	1.000000	1.000000	1.000000
#P0.713974	0.254593	0.477062	1.000000	1.000000	1.000000
#P0.668661	0.281326	0.446785	1.000000	1.000000	1.000000
#P0.619801	0.296540	0.414138	1.000000	1.000000	1.000000
#P0.569395	0.299615	0.380457	1.000000	1.000000	1.000000
#P0.519506	0.290423	0.347123	1.000000	1.000000	1.000000
#P0.472176	0.269341	0.315498	1.000000	1.000000	1.000000
#P0.429344	0.237233	0.286879	1.000000	1.000000	1.000000
#P0.392763	0.195412	0.262436	1.000000	1.000000	1.000000
#P0.363931	0.145591	0.243171	1.000000	1.000000	1.000000
#P0.344027	0.089809	0.229872	1.000000	1.000000	1.000000
#P0.333868	0.030350	0.223083	1.000000	1.000000	1.000000
#P0.333868	-0.030350	0.223083	1.000000	1.000000	1.000000
#P0.344027	-0.089809	0.229872	1.000000	1.000000	1.000000
#P0.363931	-0.145591	0.243171	1.000000	1.000000	1.000000
#P0.392763	-0.195412	0.262436	1.000000	1.000000	1.000000
#P0.429344	-0.237233	0.286879	1.000000	1.000000	1.000000
#P0.472176	-0.269341	0.315498	1.000000	1.000000	1.000000
#P0.519506	-0.290423	0.347123	1.000000	1.000000	1.000000
#P0.569395	-0.299615	0.380457	1.000000	1.000000	1.000000
#P0.619801	-0.296540	0.414138	1.000000	1.000000	1.000000
#P0.668661	-0.281326	0.446785	1.000000	1.000000	1.000000
#P0.713974	-0.254593	0.477062	1.000000	1.000000	1.000000
#P0.753885	-0.217438	0.503730	1.000000	1.000000	1.000000
#P0.786761	-0.171380	0.525697	1.000000	1.000000	1.000000
#P0.811254	-0.118307	0.542063	1.000000	1.000000	1.000000
#P0.826364	-0.060390	0.552158	1.000000	1.000000	1.000000
#P0.831470	0.000000	0.555570	1.000000	1.000000	1.000000
#P0.707107	0.000000	0.707107	1.000000	1.000000	1.000000
#P0.702764	0.060390	0.702764	1.000000	1.000000	1.000000
#P0.689915	0.118307	0.689915	1.000000	1.000000	1.000000
#P0.669085	0.171380	0.669085	1.000000	1.000000	1.000000
#P0.641127	0.217438	0.641127	1.000000	1.000000	1.000000
#P0.607185	0.254593	0.607185	1.000000	1.000000	1.000000
#P0.568649	0.281326	0.568649	1.000000	1.000000	1.000000
#P0.527097	0.296540	0.527097	1.000000	1.000000	1.000000
#P0.484230	0.299615	0.484230	1.000000	1.000000	1.000000
#P0.441803	0.290423	0.441803	1.000000	1.000000	1.000000
#P0.401553	0.269341	0.401553	1.000000	1.000000	1.000000
#P0.365127	0.237233	0.365127	1.000000	1.000000	1.000000
#P0.334018	0.195412	0.334018	1.000000	1.000000	1.000000
#P0.309498	0.145591	0.309498	1.000000	1.000000	1.000000
#P0.292571	0.089809	0.292571	1.000000	1.000000	1.000000
#P0.283931	0.030350	0.283931	1.000000	1.000000	1.000000
#P0.283931	-0.030350	0.283931	1.000000	1.000000	1.000000
#P0.292571	-0.089809	0.292571	1.000000	1.000000	1.000000
#P0.309498	-0.145591	0.309498	1.000000	1.000000	1.000000
#P0.334018	-0.195412	0.334018	1.000000	1.000000	1.000000
#P0.365127	-0.237233	0.365127	1.000000	1.000000	1.000000
#P0.401553	-0.269341	0.401553	1.000000	1.000000	1.000000
#P0.441803	-0.290423	0.441803	1.000000	1.000000	1.000000
#P0.484230	-0.299615	0.484230	1.000000	1.000000	1.000000
#P0.527097	-0.296540	0.527097	1.000000	1.000000	1.000000
#P0.568649	-0.281326	0.568649	1.000000	1.000000	1.000000
#P0.607185	-0.254593	0.607185	1.000000	1.000000	1.000000
#P0.641127	-0.217438	0.641127	1.000000	1.000000	1.000000
#P0.669085	-0.171380	0.669085	1.000000	1.000000	1.000000
#P0.689915	-0.118307	0.689915	1.000000	1.000000	1.000000
#P0.702764	-0.060390	0.702764	1.000000	1.000000	1.000000
#P0.707107	0.000000	0.707107	1.000000	1.000000	1.000000
#P0.555570	0.000000	0.831470	1.000000	1.000000	1.000000
#P0.552158	0.060390	0.826364	1.000000	1.000000	1.000000
#P0.542063	0.118307	0.811254	1.000000	1.000000	1.000000
#P0.525697	0.171380	0.786761	1.000000	1.000000	1.000000
#P0.503730	0.217438	0.753885	1.000000	1.000000	1.000000
#P0.477062	0.254593	0.713974	1.000000	1.000000	1.000000
#P0.446785	0.281326	0.668661	1.000000	1.000000	1.000000
#P0.414138	0.296540	0.619801	1.000000	1.000000	1.000000
#P0.380457	0.299615	0.569395	1.000000	1.000000	1.000000
#P0.347123	0.290423	0.519506	1.000000	1.000000	1.000000
#P0.315498	0.269341	0.472176	1.000000	1.000000	1.000000
#P0.286879	0.237233	0.429344	1.000000	1.000000	1.000000
#P0.262436	0.195412	0.392763	1.000000	1.000000	1.000000
#P0.243171	0.145591	0.363931	1.000000	1.000000	1.000000
#P0.229872	0.089809	0.344027	1.000000	1.000000	1.000000
#P0.223083	0.030350	0.333868	1.000000	1.000000	1.000000
#P0.223083	-0.030350	0.333868	1.000000	1.000000	1.000000
#P0.229872	-0.089809	0.344027	1.000000	1.000000	1.000000
#P0.243171	-0.145591	0.363931	1.000000	1.000000	1.000000
#P0.262436	-0.195412	0.392763	1.000000	1.000000	1.000000
#P0.286879	-0.237233	0.429344	1.000000	1.000000	1.000000
#P0.315498	-0.269341	0.472176	1.000000	1.000000	1.000000
#P0.347123	-0.290423	0.519506	1.000000	1.000000	1.000000
#P0.380457	-0.299615	0.569395	1.000000	1.000000	1.000000
#P0.414138	-0.296540	0.619801	1.000000	1.000000	1.000000
#P0.446785	-0.281326	0.668661	1.000000	1.000000	1.000000
#P0.477062	-0.254593	0.713974	1.000000	1.000000	1.000000
#P0.503730	-0.217438	0.753885	1.000000	1.000000	1.000000
#P0.525697	-0.171380	0.786761	1.000000	1.000000	1.000000
#P0.542063	-0.118307	0.811254	1.000000	1.000000	1.000000
#P0.552158	-0.060390	0.826364	1.000000	1.000000	1.000000
#P0.555570	0.000000	0.831470	1.000000	1.000000	1.000000
#P0.382683	0.000000	0.923880	1.000000	1.000000	1.000000
#P0.380333	0.060390	0.918206	1.000000	1.000000	1.000000
#P0.373379	0.118307	0.901418	1.000000	1.000000	1.000000
#P0.362106	0.171380	0.874202	1.000000	1.000000	1.000000
#P0.346975	0.217438	0.837672	1.000000	1.000000	1.000000
#P0.328606	0.254593	0.793325	1.000000	1.000000	1.000000
#P0.307751	0.281326	0.742976	1.000000	1.000000	1.000000
#P0.285263	0.296540	0.688686	1.000000	1.000000	1.000000
#P0.262064	0.299615	0.632678	1.000000	1.000000	1.000000
#P0.239102	0.290423	0.577244	1.000000	1.000000	1.000000
#P0.217319	0.269341	0.524654	1.000000	1.000000	1.000000
#P0.197606	0.237233	0.477062	1.000000	1.000000	1.000000
#P0.180769	0.195412	0.436415	1.000000	1.000000	1.000000
#P0.167499	0.145591	0.404378	1.000000	1.000000	1.000000
#P0.158338	0.089809	0.382263	1.000000	1.000000	1.000000
#P0.153662	0.030350	0.370974	1.000000	1.000000	1.000000
#P0.153662	-0.030350	0.370974	1.000000	1.000000	1.000000
#P0.158338	-0.089809	0.382263	1.000000	1.000000	1.000000
#P0.167499	-0.145591	0.404378	1.000000	1.000000	1.000000
#P0.180769	-0.195412	0.436415	1.000000	1.000000	1.000000
#P0.197606	-0.237233	0.477062	1.000000	1.000000	1.000000
#P0.217319	-0.269341	0.524654	1.000000	1.000000	1.000000
#P0.239102	-0.290423	0.577244	1.000000	1.000000	1.000000
#P0.262064	-0.299615	0.632678	1.000000	1.000000	1.000000
#P0.285263	-0.296540	0.688686	1.000000	1.000000	1.000000
#P0.307751	-0.281326	0.742976	1.000000	1.000000	1.000000
#P0.328606	-0.254593	0.793325	1.000000	1.000000	1.000000
#P0.346975	-0.217438	0.837672	1.000000	1.000000	1.000000
#P0.362106	-0.171380	0.874202	1.000000	1.000000	1.000000
#P0.373379	-0.118307	0.901418	1.000000	1.000000	1.000000
#P0.380333	-0.060390	0.918206	1.000000	1.000000	1.000000
#P0.382683	0.000000	0.923880	1.000000	1.000000	1.000000
#P0.195090	0.000000	0.980785	1.000000	1.000000	1.000000
#P0.193892	0.060390	0.974762	1.000000	1.000000	1.000000
#P0.190347	0.118307	0.956940	1.000000	1.000000	1.000000
#P0.184600	0.171380	0.928048	1.000000	1.000000	1.000000
#P0.176886	0.217438	0.889268	1.000000	1.000000	1.000000
#P0.167522	0.254593	0.842190	1.000000	1.000000	1.000000
#P0.156890	0.281326	0.788739	1.000000	1.000000	1.000000
#P0.145426	0.296540	0.731105	1.000000	1.000000	1.000000
#P0.133599	0.299615	0.671647	1.000000	1.000000	1.000000
#P0.121893	0.290423	0.612799	1.000000	1.000000	1.000000
#P0.110788	0.269341	0.556970	1.000000	1.000000	1.000000
#P0.100738	0.237233	0.506446	1.000000	1.000000	1.000000
#P0.092155	0.195412	0.463296	1.000000	1.000000	1.000000
#P0.085390	0.145591	0.429286	1.000000	1.000000	1.000000
#P0.080720	0.089809	0.405808	1.000000	1.000000	1.000000
#P0.078336	0.030350	0.393824	1.000000	1.000000	1.000000
#P0.078336	-0.030350	0.393824	1.000000	1.000000	1.000000
#P0.080720	-0.089809	0.405808	1.000000	1.000000	1.000000
#P0.085390	-0.145591	0.429286	1.000000	1.000000	1.000000
#P0.092155	-0.195412	0.463296	1.000000	1.000000	1.000000
#P0.100738	-0.237233	0.506446	1.000000	1.000000	1.000000
#P0.110788	-0.269341	0.556970	1.000000	1.000000	1.000000
#P0.121893	-0.290423	0.612799	1.000000	1.000000	1.000000
#P0.133599	-0.299615	0.671647	1.000000	1.000000	1.000000
#P0.145426	-0.296540	0.731105	1.000000	1.000000	1.000000
#P0.156890	-0.281326	0.788739	1.000000	1.000000	1.000000
#P0.167522	-0.254593	0.842190	1.000000	1.000000	1.000000
#P0.176886	-0.217438	0.889268	1.000000	1.000000	1.000000
#P0.184600	-0.171380	0.928048	1.000000	1.000000	1.000000
#P0.190347	-0.118307	0.956940	1.000000	1.000000	1.000000
#P0.193892	-0.060390	0.974762	1.000000	1.000000	1.000000
#P0.195090	0.000000	0.980785	1.000000	1.000000	1.000000
#P0.000000	0.000000	1.000000	1.000000	1.000000	1.000000
#P0.000000	0.060390	0.993859	1.000000	1.000000	1.000000
#P0.000000	0.118307	0.975687	1.000000	1.000000	1.000000
#P0.000000	0.171380	0.946229	1.000000	1.000000	1.000000
#P0.000000	0.217438	0.906690	1.000000	1.000000	1.000000
#P0.000000	0.254593	0.858689	1.000000	1.000000	1.000000
#P0.000000	0.281326	0.804192	1.000000	1.000000	1.000000
#P0.000000	0.296540	0.745428	1.000000	1.000000	1.000000
#P0.000000	0.299615	0.684805	1.000000	1.000000	1.000000
#P0.000000	0.290423	0.624804	1.000000	1.000000	1.000000
#P0.000000	0.269341	0.567882	1.000000	1.000000	1.000000
#P0.000000	0.237233	0.516368	1.000000	1.000000	1.000000
#P0.000000	0.195412	0.472373	1.000000	1.000000	1.000000
#P0.000000	0.145591	0.437696	1.000000	1.000000	1.000000
#P0.000000	0.089809	0.413758	1.000000	1.000000	1.000000
#P0.000000	0.030350	0.401539	1.000000	1.000000	1.000000
#P0.000000	-0.030350	0.401539	1.000000	1.000000	1.000000
#P0.000000	-0.089809	0.413758	1.000000	1.000000	1.000000
#P0.000000	-0.145591	0.437696	1.000000	1.000000	1.000000
#P0.000000	-0.195412	0.472373	1.000000	1.000000	1.000000
#P0.000000	-0.237233	0.516368	1.000000	1.000000	1.000000
#P0.000000	-0.269341	0.567882	1.000000	1.000000	1.000000
#P0.000000	-0.290423	0.624804	1.000000	1.000000	1.000000
#P0.000000	-0.299615	0.684805	1.000000	1.000000	1.000000
#P0.000000	-0.296540	0.745428	1.000000	1.000000	1.000000
#P0.000000	-0.281326	0.804192	1.000000	1.000000	1.000000
#P0.000000	-0.254593	0.858689	1.000000	1.000000	1.000000
#P0.000000	-0.217438	0.906690	1.000000	1.000000	1.000000
#P0.000000	-0.171380	0.946229	1.000000	1.000000	1.000000
#P0.000000	-0.118307	0.975687	1.000000	1.000000	1.000000
#P0.000000	-0.060390	0.993859	1.000000	1.000000	1.000000
#P0.000000	0.000000	1.000000	1.000000	1.000000	1.000000
#P-0.195090	0.000000	0.980785	1.000000	1.000000	1.000000
#P-0.193892	0.060390	0.974762	1.000000	1.000000	1.000000
#P-0.190347	0.118307	0.956940	1.000000	1.000000	1.000000
#P-0.184600	0.171380	0.928048	1.000000	1.000000	1.000000
#P-0.176886	0.217438	0.889268	1.000000	1.000000	1.000000
#P-0.167522	0.254593	0.842190	1.000000	1.000000	1.000000
#P-0.156890	0.281326	0.788739	1.000000	1.000000	1.000000
#P-0.145426	0.296540	0.731105	1.000000	1.000000	1.000000
#P-0.133599	0.299615	0.671647	1.000000	1.000000	1.000000
#P-0.121893	0.290423	0.612799	1.000000	1.000000	1.000000
#P-0.110788	0.269341	0.556970	1.000000	1.000000	1.000000
#P-0.100738	0.237233	0.506446	1.000000	1.000000	1.000000
#P-0.092155	0.195412	0.463296	1.000000	1.000000	1.000000
#P-0.085390	0.145591	0.429286	1.000000	1.000000	1.000000
#P-0.080720	0.089809	0.405808	1.000000	1.000000	1.000000
#P-0.078336	0.030350	0.393824	1.000000	1.000000	1.000000
#P-0.078336	-0.030350	0.393824	1.000000	1.000000	1.000000
#P-0.080720	-0.089809	0.405808	1.000000	1.000000	1.000000
#P-0.085390	-0.145591	0.429286	1.000000	1.000000	1.000000
#P-0.092155	-0.195412	0.463296	1.000000	1.000000	1.000000
#P-0.100738	-0.237233	0.506446	1.000000	1.000000	1.000000
#P-0.110788	-0.269341	0.556970	1.000000	1.000000	1.000000
#P-0.121893	-0.290423	0.612799	1.000000	1.000000	1.000000
#P-0.133599	-0.299615	0.671647	1.000000	1.000000	1.000000
#P-0.145426	-0.296540	0.731105	1.000000	1.000000	1.000000
#P-0.156890	-0.281326	0.788739	1.000000	1.000000	1.000000
#P-0.167522	-0.254593	0.842190	1.000000	1.000000	1.000000
#P-0.176886	-0.217438	0.889268	1.000000	1.000000	1.000000
#P-0.184600	-0.171380	0.928048	1.000000	1.000000	1.000000
#P-0.190347	-0.118307	0.956940	1.000000	1.000000	1.000000
#P-0.193892	-0.060390	0.974762	1.000000	1.000000	1.000000
#P-0.195090	0.000000	0.980785	1.000000	1.000000	1.000000
#P-0.382683	0.000000	0.923880	1.000000	1.000000	1.000000
#P-0.380333	0.060390	0.918206	1.000000	1.000000	1.000000
#P-0.373379	0.118307	0.901418	1.000000	1.000000	1.000000
#P-0.362106	0.171380	0.874202	1.000000	1.000000	1.000000
#P-0.346975	0.217438	0.837672	1.000000	1.000000	1.000000
#P-0.328606	0.254593	0.793325	1.000000	1.000000	1.000000
#P-0.307751	0.281326	0.742976	1.000000	1.000000	1.000000
#P-0.285263	0.296540	0.688686	1.000000	1.000000	1.000000
#P-0.262064	0.299615	0.632678	1.000000	1.000000	1.000000
#P-0.239102	0.290423	0.577244	1.000000	1.000000	1.000000
#P-0.217319	0.269341	0.524654	1.000000	1.000000	1.000000
#P-0.197606	0.237233	0.477062	1.000000	1.000000	1.000000
#P-0.180769	0.195412	0.436415	1.000000	1.000000	1.000000
#P-0.167499	0.145591	0.404378	1.000000	1.000000	1.000000
#P-0.158338	0.089809	0.382263	1.000000	1.000000	1.000000
#P-0.153662	0.030350	0.370974	1.000000	1.000000	1.000000
#P-0.153662	-0.030350	0.370974	1.000000	1.000000	1.000000
#P-0.158338	-0.089809	0.382263	1.000000	1.000000	1.000000
#P-0.167499	-0.145591	0.404378	1.000000	1.000000	1.000000
#P-0.180769	-0.195412	0.436415	1.000000	1.000000	1.000000
#P-0.197606	-0.237233	0.477062	1.000000	1.000000	1.000000
#P-0.217319	-0.269341	0.524654	1.000000	1.000000	1.000000
#P-0.239102	-0.290423	0.577244	1.000000	1.000000	1.000000
#P-0.262064	-0.299615	0.632678	1.000000	1.000000	1.000000
#P-0.285263	-0.296540	0.688686	1.000000	1.000000	1.000000
#P-0.307751	-0.281326	0.742976	1.000000	1.000000	1.000000
#P-0.328606	-0.254593	0.793325	1.000000	1.000000	1.000000
#P-0.346975	-0.217438	0.837672	1.000000	1.000000	1.000000
#P-0.362106	-0.171380	0.874202	1.000000	1.000000	1.000000
#P-0.373379	-0.118307	0.901418	1.000000	1.000000	1.000000
#P-0.380333	-0.060390	0.918206	1.000000	1.000000	1.000000
#P-0.382683	0.000000	0.923880	1.000000	1.000000	1.000000
#P-0.555570	0.000000	0.831470	1.000000	1.000000	1.000000
#P-0.552158	0.060390	0.826364	1.000000	1.000000	1.000000
#P-0.542063	0.118307	0.811254	1.000000	1.000000	1.000000
#P-0.525697	0.171380	0.786761	1.000000	1.000000	1.000000
#P-0.503730	0.217438	0.753885	1.000000	1.000000	1.000000
#P-0.477062	0.254593	0.713974	1.000000	1.000000	1.000000
#P-0.446785	0.281326	0.668661	1.000000	1.000000	1.000000
#P-0.414138	0.296540	0.619801	1.000000	1.000000	1.000000
#P-0.380457	0.299615	0.569395	1.000000	1.000000	1.000000
#P-0.347123	0.290423	0.519506	1.000000	1.000000	1.000000
#P-0.315498	0.269341	0.472176	1.000000	1.000000	1.000000
#P-0.286879	0.237233	0.429344	1.000000	1.000000	1.000000
#P-0.262436	0.195412	0.392763	1.000000	1.000000	1.000000
#P-0.243171	0.145591	0.363931	1.000000	1.000000	1.000000
#P-0.229872	0.089809	0.344027	1.000000	1.000000	1.000000
#P-0.223083	0.030350	0.333868	1.000000	1.000000	1.000000
#P-0.223083	-0.030350	0.333868	1.000000	1.000000	1.000000
#P-0.229872	-0.089809	0.344027	1.000000	1.000000	1.000000
#P-0.243171	-0.145591	0.363931	1.000000	1.000000	1.000000
#P-0.262436	-0.195412	0.392763	1.000000	1.000000	1.000000
#P-0.286879	-0.237233	0.429344	1.000000	1.000000	1.000000
#P-0.315498	-0.269341	0.472176	1.000000	1.000000	1.000000
#P-0.347123	-0.290423	0.519506	1.000000	1.000000	1.000000
#P-0.380457	-0.299615	0.569395	1.000000	1.000000	1.000000
#P-0.414138	-0.296540	0.619801	1.000000	1.000000	1.000000
#P-0.446785	-0.281326	0.668661	1.000000	1.000000	1.000000
#P-0.477062	-0.254593	0.713974	1.000000	1.000000	1.000000
#P-0.503730	-0.217438	0.753885	1.000000	1.000000	1.000000
#P-0.525697	-0.171380	0.786761	1.000000	1.000000	1.000000
#P-0.542063	-0.118307	0.811254	1.000000	1.000000	1.000000
#P-0.552158	-0.060390	0.826364	1.000000	1.000000	1.000000
#P-0.555570	0.000000	0.831470	1.000000	1.000000	1.000000
#P-0.707107	0.000000	0.707107	1.000000	1.000000	1.000000
#P-0.702764	0.060390	0.702764	1.000000	1.000000	1.000000
#P-0.689915	0.118307	0.689915	1.000000	1.000000	1.000000
#P-0.669085	0.171380	0.669085	1.000000	1.000000	1.000000
#P-0.641127	0.217438	0.641127	1.000000	1.000000	1.000000
#P-0.607185	0.254593	0.607185	1.000000	1.000000	1.000000
#P-0.568649	0.281326	0.568649	1.000000	1.000000	1.000000
#P-0.527097	0.296540	0.527097	1.000000	1.000000	1.000000
#P-0.484230	0.299615	0.484230	1.000000	1.000000	1.000000
#P-0.441803	0.290423	0.441803	1.000000	1.000000	1.000000
#P-0.401553	0.269341	0.401553	1.000000	1.000000	1.000000
#P-0.365127	0.237233	0.365127	1.000000	1.000000	1.000000
#P-0.334018	0.195412	0.334018	1.000000	1.000000	1.000000
#P-0.309498	0.145591	0.309498	1.000000	1.000000	1.000000
#P-0.292571	0.089809	0.292571	1.000000	1.000000	1.000000
#P-0.283931	0.030350	0.283931	1.000000	1.000000	1.000000
#P-0.283931	-0.030350	0.283931	1.000000	1.000000	1.000000
#P-0.292571	-0.089809	0.292571	1.000000	1.000000	1.000000
#P-0.309498	-0.145591	0.309498	1.000000	1.000000	1.000000
#P-0.334018	-0.195412	0.334018	1.000000	1.000000	1.000000
#P-0.365127	-0.237233	0.365127	1.000000	1.000000	1.000000
#P-0.401553	-0.269341	0.401553	1.000000	1.000000	1.000000
#P-0.441803	-0.290423	0.441803	1.000000	1.000000	1.000000
#P-0.484230	-0.299615	0.484230	1.000000	1.000000	1.000000
#P-0.527097	-0.296540	0.527097	1.000000	1.000000	1.000000
#P-0.568649	-0.281326	0.568649	1.000000	1.000000	1.000000
#P-0.607185	-0.254593	0.607185	1.000000	1.000000	1.000000
#P-0.641127	-0.217438	0.641127	1.000000	1.000000	1.000000
#P-0.669085	-0.171380	0.669085	1.000000	1.000000	1.000000
#P-0.689915	-0.118307	0.689915	1.000000	1.000000	1.000000
#P-0.702764	-0.060390	0.702764	1.000000	1.000000	1.000000
#P-0.707107	0.000000	0.707107	1.000000	1.000000	1.000000
#P-0.831470	0.000000	0.555570	1.000000	1.000000	1.000000
#P-0.826364	0.060390	0.552158	1.000000	1.000000	1.000000
#P-0.811254	0.118307	0.542063	1.000000	1.000000	1.000000
#P-0.786761	0.171380	0.525697	1.000000	1.000000	1.000000
#P-0.753885	0.217438	0.503730	1.000000	1.000000	1.000000
#P-0.713974	0.254593	0.477062	1.000000	1.000000	1.000000
#P-0.668661	0.281326	0.446785	1.000000	1.000000	1.000000
#P-0.619801	0.296540	0.414138	1.000000	1.000000	1.000000
#P-0.569395	0.299615	0.380457	1.000000	1.000000	1.000000
#P-0.519506	0.290423	0.347123	1.000000	1.000000	1.000000
#P-0.472176	0.269341	0.315498	1.000000	1.000000	1.000000
#P-0.429344	0.237233	0.286879	1.000000	1.000000	1.000000
#P-0.392763	0.195412	0.262436	1.000000	1.000000	1.000000
#P-0.363931	0.145591	0.243171	1.000000	1.000000	1.000000
#P-0.344027	0.089809	0.229872	1.000000	1.000000	1.000000
#P-0.333868	0.030350	0.223083	1.000000	1.000000	1.000000
#P-0.333868	-0.030350	0.223083	1.000000	1.000000	1.000000
#P-0.344027	-0.089809	0.229872	1.000000	1.000000	1.000000
#P-0.363931	-0.145591	0.243171	1.000000	1.000000	1.000000
#P-0.392763	-0.195412	0.262436	1.000000	1.000000	1.000000
#P-0.429344	-0.237233	0.286879	1.000000	1.000000	1.000000
#P-0.472176	-0.269341	0.315498	1.000000	1.000000	1.000000
#P-0.519506	-0.290423	0.347123	1.000000	1.000000	1.000000
#P-0.569395	-0.299615	0.380457	1.000000	1.000000	1.000000
#P-0.619801	-0.296540	0.414138	1.000000	1.000000	1.000000
#P-0.668661	-0.281326	0.446785	1.000000	1.000000	1.000000
#P-0.713974	-0.254593	0.477062	1.000000	1.000000	1.000000
#P-0.753885	-0.217438	0.503730	1.000000	1.000000	1.000000
#P-0.786761	-0.171380	0.525697	1.000000	1.000000	1.000000
#P-0.811254	-0.118307	0.542063	1.000000	1.000000	1.000000
#P-0.826364	-0.060390	0.552158	1.000000	1.000000	1.000000
#P-0.831470	0.000000	0.555570	1.000000	1.000000	1.000000
#P-0.923880	0.000000	0.382683	1.000000	1.000000	1.000000
#P-0.918206	0.060390	0.380333	1.000000	1.000000	1.000000
#P-0.901418	0.118307	0.373379	1.000000	1.000000	1.000000
#P-0.874202	0.171380	0.362106	1.000000	1.000000	1.000000
#P-0.837672	0.217438	0.346975	1.000000	1.000000	1.000000
#P-0.793325	0.254593	0.328606	1.000000	1.000000	1.000000
#P-0.742976	0.281326	0.307751	1.000000	1.000000	1.000000
#P-0.688686	0.296540	0.285263	1.000000	1.000000	1.000000
#P-0.632678	0.299615	0.262064	1.000000	1.000000	1.000000
#P-0.577244	0.290423	0.239102	1.000000	1.000000	1.000000
#P-0.524654	0.269341	0.217319	1.000000	1.000000	1.000000
#P-0.477062	0.237233	0.197606	1.000000	1.000000	1.000000
#P-0.436415	0.195412	0.180769	1.000000	1.000000	1.000000
#P-0.404378	0.145591	0.167499	1.000000	1.000000	1.000000
#P-0.382263	0.089809	0.158338	1.000000	1.000000	1.000000
#P-0.370974	0.030350	0.153662	1.000000	1.000000	1.000000
#P-0.370974	-0.030350	0.153662	1.000000	1.000000	1.000000
#P-0.382263	-0.089809	0.158338	1.000000	1.000000	1.000000
#P-0.404378	-0.145591	0.167499	1.000000	1.000000	1.000000
#P-0.436415	-0.195412	0.180769	1.000000	1.000000	1.000000
#P-0.477062	-0.237233	0.197606	1.000000	1.000000	1.000000
#P-0.524654	-0.269341	0.217319	1.000000	1.000000	1.000000
#P-0.577244	-0.290423	0.239102	1.000000	1.000000	1.000000
#P-0.632678	-0.299615	0.262064	1.000000	1.000000	1.000000
#P-0.688686	-0.296540	0.285263	1.000000	1.000000	1.000000
#P-0.742976	-0.281326	0.307751	1.000000	1.000000	1.000000
#P-0.793325	-0.254593	0.328606	1.000000	1.000000	1.000000
#P-0.837672	-0.217438	0.346975	1.000000	1.000000	1.000000
#P-0.874202	-0.171380	0.362106	1.000000	1.000000	1.000000
#P-0.901418	-0.118307	0.373379	1.000000	1.000000	1.000000
#P-0.918206	-0.060390	0.380333	1.000000	1.000000	1.000000
#P-0.923880	0.000000	0.382683	1.000000	1.000000	1.000000
#P-0.980785	0.000000	0.195090	1.000000	1.000000	1.000000
#P-0.974762	0.060390	0.193892	1.000000	1.000000	1.000000
#P-0.956940	0.118307	0.190347	1.000000	1.000000	1.000000
#P-0.928048	0.171380	0.184600	1.000000	1.000000	1.000000
#P-0.889268	0.217438	0.176886	1.000000	1.000000	1.000000
#P-0.842190	0.254593	0.167522	1.000000	1.000000	1.000000
#P-0.788739	0.281326	0.156890	1.000000	1.000000	1.000000
#P-0.731105	0.296540	0.145426	1.000000	1.000000	1.000000
#P-0.671647	0.299615	0.133599	1.000000	1.000000	1.000000
#P-0.612799	0.290423	0.121893	1.000000	1.000000	1.000000
#P-0.556970	0.269341	0.110788	1.000000	1.000000	1.000000
#P-0.506446	0.237233	0.100738	1.000000	1.000000	1.000000
#P-0.463296	0.195412	0.092155	1.000000	1.000000	1.000000
#P-0.429286	0.145591	0.085390	1.000000	1.000000	1.000000
#P-0.405808	0.089809	0.080720	1.000000	1.000000	1.000000
#P-0.393824	0.030350	0.078336	1.000000	1.000000	1.000000
#P-0.393824	-0.030350	0.078336	1.000000	1.000000	1.000000
#P-0.405808	-0.089809	0.080720	1.000000	1.000000	1.000000
#P-0.429286	-0.145591	0.085390	1.000000	1.000000	1.000000
#P-0.463296	-0.195412	0.092155	1.000000	1.000000	1.000000
#P-0.506446	-0.237233	0.100738	1.000000	1.000000	1.000000
#P-0.556970	-0.269341	0.110788	1.000000	1.000000	1.000000
#P-0.612799	-0.290423	0.121893	1.000000	1.000000	1.000000
#P-0.671647	-0.299615	0.133599	1.000000	1.000000	1.000000
#P-0.731105	-0.296540	0.145426	1.000000	1.000000	1.000000
#P-0.788739	-0.281326	0.156890	1.000000	1.000000	1.000000
#P-0.842190	-0.254593	0.167522	1.000000	1.000000	1.000000
#P-0.889268	-0.217438	0.176886	1.000000	1.000000	1.000000
#P-0.928048	-0.171380	0.184600	1.000000	1.000000	1.000000
#P-0.956940	-0.118307	0.190347	1.000000	1.000000	1.000000
#P-0.974762	-0.060390	0.193892	1.000000	1.000000	1.000000
#P-0.980785	0.000000	0.195090	1.000000	1.000000	1.000000
#P-1.000000	0.000000	0.000000	1.000000	1.000000	1.000000
#P-0.993859	0.060390	0.000000	1.000000	1.000000	1.000000
#P-0.975687	0.118307	0.000000	1.000000	1.000000	1.000000
#P-0.946229	0.171380	0.000000	1.000000	1.000000	1.000000
#P-0.906690	0.217438	0.000000	1.000000	1.000000	1.000000
#P-0.858689	0.254593	0.000000	1.000000	1.000000	1.000000
#P-0.804192	0.281326	0.000000	1.000000	1.000000	1.000000
#P-0.745428	0.296540	0.000000	1.000000	1.000000	1.000000
#P-0.684805	0.299615	0.000000	1.000000	1.000000	1.000000
#P-0.624804	0.290423	0.000000	1.000000	1.000000	1.000000
#P-0.567882	0.269341	0.000000	1.000000	1.000000	1.000000
#P-0.516368	0.237233	0.000000	1.000000	1.000000	1.000000
#P-0.472373	0.195412	0.000000	1.000000	1.000000	1.000000
#P-0.437696	0.145591	0.000000	1.000000	1.000000	1.000000
#P-0.413758	0.089809	0.000000	1.000000	1.000000	1.000000
#P-0.401539	0.030350	0.000000	1.000000	1.000000	1.000000
#P-0.401539	-0.030350	0.000000	1.000000	1.000000	1.000000
#P-0.413758	-0.089809	0.000000	1.000000	1.000000	1.000000
#P-0.437696	-0.145591	0.000000	1.000000	1.000000	1.000000
#P-0.472373	-0.195412	0.000000	1.000000	1.000000	1.000000
#P-0.516368	-0.237233	0.000000	1.000000	1.000000	1.000000
#P-0.567882	-0.269341	0.000000	1.000000	1.000000	1.000000
#P-0.624804	-0.290423	0.000000	1.000000	1.000000	1.000000
#P-0.684805	-0.299615	0.000000	1.000000	1.000000	1.000000
#P-0.745428	-0.296540	0.000000	1.000000	1.000000	1.000000
#P-0.804192	-0.281326	0.000000	1.000000	1.000000	1.000000
#P-0.858689	-0.254593	0.000000	1.000000	1.000000	1.000000
#P-0.906690	-0.217438	0.000000	1.000000	1.000000	1.000000
#P-0.946229	-0.171380	0.000000	1.000000	1.000000	1.000000
#P-0.975687	-0.118307	0.000000	1.000000	1.000000	1.000000
#P-0.993859	-0.060390	0.000000	1.000000	1.000000	1.000000
#P-1.000000	0.000000	0.000000	1.000000	1.000000	1.000000
#P-0.980785	0.000000	-0.195090	1.000000	1.000000	1.000000
#P-0.974762	0.060390	-0.193892	1.000000	1.000000	1.000000
#P-0.956940	0.118307	-0.190347	1.000000	1.000000	1.000000
#P-0.928048	0.171380	-0.184600	1.000000	1.000000	1.000000
#P-0.889268	0.217438	-0.176886	1.000000	1.000000	1.000000
#P-0.842190	0.254593	-0.167522	1.000000	1.000000	1.000000
#P-0.788739	0.281326	-0.156890	1.000000	1.000000	1.000000
#P-0.731105	0.296540	-0.145426	1.000000	1.000000	1.000000
#P-0.671647	0.299615	-0.133599	1.000000	1.000000	1.000000
#P-0.612799	0.290423	-0.121893	1.000000	1.000000	1.000000
#P-0.556970	0.269341	-0.110788	1.000000	1.000000	1.000000
#P-0.506446	0.237233	-0.100738	1.000000	1.000000	1.000000
#P-0.463296	0.195412	-0.092155	1.000000	1.000000	1.000000
#P-0.429286	0.145591	-0.085390	1.000000	1.000000	1.000000
#P-0.405808	0.089809	-0.080720	1.000000	1.000000	1.000000
#P-0.393824	0.030350	-0.078336	1.000000	1.000000	1.000000
#P-0.393824	-0.030350	-0.078336	1.000000	1.000000	1.000000
#P-0.405808	-0.089809	-0.080720	1.000000	1.000000	1.000000
#P-0.429286	-0.145591	-0.085390	1.000000	1.000000	1.000000
#P-0.463296	-0.195412	-0.092155	1.000000	1.000000	1.000000
#P-0.506446	-0.237233	-0.100738	1.000000	1.000000	1.000000
#P-0.556970	-0.269341	-0.110788	1.000000	1.000000	1.000000
#P-0.612799	-0.290423	-0.121893	1.000000	1.000000	1.000000
#P-0.671647	-0.299615	-0.133599	1.000000	1.000000	1.000000
#P-0.731105	-0.296540	-0.145426	1.000000	1.000000	1.000000
#P-0.788739	-0.281326	-0.156890	1.000000	1.000000	1.000000
#P-0.842190	-0.254593	-0.167522	1.000000	1.000000	1.000000
#P-0.889268	-0.217438	-0.176886	1.000000	1.000000	1.000000
#P-0.928048	-0.171380	-0.184600	1.000000	1.000000	1.000000
#P-0.956940	-0.118307	-0.190347	1.000000	1.000000	1.000000
#P-0.974762	-0.060390	-0.193892	1.000000	1.000000	1.000000
#P-0.980785	0.000000	-0.195090	1.000000	1.000000	1.000000
#P-0.923880	0.000000	-0.382683	1.000000	1.000000	1.000000
#P-0.918206	0.060390	-0.380333	1.000000	1.000000	1.000000
#P-0.901418	0.118307	-0.373379	1.000000	1.000000	1.000000
#P-0.874202	0.171380	-0.362106	1.000000	1.000000	1.000000
#P-0.837672	0.217438	-0.346975	1.000000	1.000000	1.000000
#P-0.793325	0.254593	-0.328606	1.000000	1.000000	1.000000
#P-0.742976	0.281326	-0.307751	1.000000	1.000000	1.000000
#P-0.688686	0.296540	-0.285263	1.000000	1.000000	1.000000
#P-0.632678	0.299615	-0.262064	1.000000	1.000000	1.000000
#P-0.577244	0.290423	-0.239102	1.000000	1.000000	1.000000
#P-0.524654	0.269341	-0.217319	1.000000	1.000000	1.000000
#P-0.477062	0.237233	-0.197606	1.000000	1.000000	1.000000
#P-0.436415	0.195412	-0.180769	1.000000	1.000000	1.000000
#P-0.404378	0.145591	-0.167499	1.000000	1.000000	1.000000
#P-0.382263	0.089809	-0.158338	1.000000	1.000000	1.000000
#P-0.370974	0.030350	-0.153662	1.000000	1.000000	1.000000
#P-0.370974	-0.030350	-0.153662	1.000000	1.000000	1.000000
#P-0.382263	-0.089809	-0.158338	1.000000	1.000000	1.000000
#P-0.404378	-0.145591	-0.167499	1.000000	1.000000	1.000000
#P-0.436415	-0.195412	-0.180769	1.000000	1.000000	1.000000
#P-0.477062	-0.237233	-0.197606	1.000000	1.000000	1.000000
#P-0.524654	-0.269341	-0.217319	1.000000	1.000000	1.000000
#P-0.577244	-0.290423	-0.239102	1.000000	1.000000	1.000000
#P-0.632678	-0.299615	-0.262064	1.000000	1.000000	1.000000
#P-0.688686	-0.296540	-0.285263	1.000000	1.000000	1.000000
#P-0.742976	-0.281326	-0.307751	1.000000	1.000000	1.000000
#P-0.793325	-0.254593	-0.328606	1.000000	1.000000	1.000000
#P-0.837672	-0.217438	-0.346975	1.000000	1.000000	1.000000
#P-0.874202	-0.171380	-0.362106	1.000000	1.000000	1.000000
#P-0.901418	-0.118307	-0.373379	1.000000	1.000000	1.000000
#P-0.918206	-0.060390	-0.380333	1.000000	1.000000	1.000000
#P-0.923880	0.000000	-0.382683	1.000000	1.000000	1.000000
#P-0.831470	0.000000	-0.555570	1.000000	1.000000	1.000000
#P-0.826364	0.060390	-0.552158	1.000000	1.000000	1.000000
#P-0.811254	0.118307	-0.542063	1.000000	1.000000	1.000000
#P-0.786761	0.171380	-0.525697	1.000000	1.000000	1.000000
#P-0.753885	0.217438	-0.503730	1.000000	1.000000	1.000000
#P-0.713974	0.254593	-0.477062	1.000000	1.000000	1.000000
#P-0.668661	0.281326	-0.446785	1.000000	1.000000	1.000000
#P-0.619801	0.296540	-0.414138	1.000000	1.000000	1.000000
#P-0.569395	0.299615	-0.380457	1.000000	1.000000	1.000000
#P-0.519506	0.290423	-0.347123	1.000000	1.000000	1.000000
#P-0.472176	0.269341	-0.315498	1.000000	1.000000	1.000000
#P-0.429344	0.237233	-0.286879	1.000000	1.000000	1.000000
#P-0.392763	0.195412	-0.262436	1.000000	1.000000	1.000000
#P-0.363931	0.145591	-0.243171	1.000000	1.000000	1.000000
#P-0.344027	0.089809	-0.229872	1.000000	1.000000	1.000000
#P-0.333868	0.030350	-0.223083	1.000000	1.000000	1.000000
#P-0.333868	-0.030350	-0.223083	1.000000	1.000000	1.000000
#P-0.344027	-0.089809	-0.229872	1.000000	1.000000	1.000000
#P-0.363931	-0.145591	-0.243171	1.000000	1.000000	1.000000
#P-0.392763	-0.195412	-0.262436	1.000000	1.000000	1.000000
#P-0.429344	-0.237233	-0.286879	1.000000	1.000000	1.000000
#P-0.472176	-0.269341	-0.315498	1.000000	1.000000	1.000000
#P-0.519506	-0.290423	-0.347123	1.000000	1.000000	1.000000
#P-0.569395	-0.299615	-0.380457	1.000000	1.000000	1.000000
#P-0.619801	-0.296540	-0.414138	1.000000	1.000000	1.000000
#P-0.668661	-0.281326	-0.446785	1.000000	1.000000	1.000000
#P-0.713974	-0.254593	-0.477062	1.000000	1.000000	1.000000
#P-0.753885	-0.217438	-0.503730	1.000000	1.000000	1.000000
#P-0.786761	-0.171380	-0.525697	1.000000	1.000000	1.000000
#P-0.811254	-0.118307	-0.542063	1.000000	1.000000	1.000000
#P-0.826364	-0.060390	-0.552158	1.000000	1.000000	1.000000
#P-0.831470	0.000000	-0.555570	1.000000	1.000000	1.000000
#P-0.707107	0.000000	-0.707107	1.000000	1.000000	1.000000
#P-0.702764	0.060390	-0.702764	1.000000	1.000000	1.000000
#P-0.689915	0.118307	-0.689915	1.000000	1.000000	1.000000
#P-0.669085	0.171380	-0.669085	1.000000	1.000000	1.000000
#P-0.641127	0.217438	-0.641127	1.000000	1.000000	1.000000
#P-0.607185	0.254593	-0.607185	1.000000	1.000000	1.000000
#P-0.568649	0.281326	-0.568649	1.000000	1.000000	1.000000
#P-0.527097	0.296540	-0.527097	1.000000	1.000000	1.000000
#P-0.484230	0.299615	-0.484230	1.000000	1.000000	1.000000
#P-0.441803	0.290423	-0.441803	1.000000	1.000000	1.000000
#P-0.401553	0.269341	-0.401553	1.000000	1.000000	1.000000
#P-0.365127	0.237233	-0.365127	1.000000	1.000000	1.000000
#P-0.334018	0.195412	-0.334018	1.000000	1.000000	1.000000
#P-0.309498	0.145591	-0.309498	1.000000	1.000000	1.000000
#P-0.292571	0.089809	-0.292571	1.000000	1.000000	1.000000
#P-0.283931	0.030350	-0.283931	1.000000	1.000000	1.000000
#P-0.283931	-0.030350	-0.283931	1.000000	1.000000	1.000000
#P-0.292571	-0.089809	-0.292571	1.000000	1.000000	1.000000
#P-0.309498	-0.145591	-0.309498	1.000000	1.000000	1.000000
#P-0.334018	-0.195412	-0.334018	1.000000	1.000000	1.000000
#P-0.365127	-0.237233	-0.365127	1.000000	1.000000	1.000000
#P-0.401553	-0.269341	-0.401553	1.000000	1.000000	1.000000
#P-0.441803	-0.290423	-0.441803	1.000000	1.000000	1.000000
#P-0.484230	-0.299615	-0.484230	1.000000	1.000000	1.000000
#P-0.527097	-0.296540	-0.527097	1.000000	1.000000	1.000000
#P-0.568649	-0.281326	-0.568649	1.000000	1.000000	1.000000
#P-0.607185	-0.254593	-0.607185	1.000000	1.000000	1.000000
#P-0.641127	-0.217438	-0.641127	1.000000	1.000000	1.000000
#P-0.669085	-0.171380	-0.669085	1.000000	1.000000	1.000000
#P-0.689915	-0.118307	-0.689915	1.000000	1.000000	1.000000
#P-0.702764	-0.060390	-0.702764	1.000000	1.000000	1.000000
#P-0.707107	0.000000	-0.707107	1.000000	1.000000	1.000000
#P-0.555570	0.000000	-0.831470	1.000000	1.000000	1.000000
#P-0.552158	0.060390	-0.826364	1.000000	1.000000	1.000000
#P-0.542063	0.118307	-0.811254	1.000000	1.000000	1.000000
#P-0.525697	0.171380	-0.786761	1.000000	1.000000	1.000000
#P-0.503730	0.217438	-0.753885	1.000000	1.000000	1.000000
#P-0.477062	0.254593	-0.713974	1.000000	1.000000	1.000000
#P-0.446785	0.281326	-0.668661	1.000000	1.000000	1.000000
#P-0.414138	0.296540	-0.619801	1.000000	1.000000	1.000000
#P-0.380457	0.299615	-0.569395	1.000000	1.000000	1.000000
#P-0.347123	0.290423	-0.519506	1.000000	1.000000	1.000000
#P-0.315498	0.269341	-0.472176	1.000000	1.000000	1.000000
#P-0.286879	0.237233	-0.429344	1.000000	1.000000	1.000000
#P-0.262436	0.195412	-0.392763	1.000000	1.000000	1.000000
#P-0.243171	0.145591	-0.363931	1.000000	1.000000	1.000000
#P-0.229872	0.089809	-0.344027	1.000000	1.000000	1.000000
#P-0.223083	0.030350	-0.333868	1.000000	1.000000	1.000000
#P-0.223083	-0.030350	-0.333868	1.000000	1.000000	1.000000
#P-0.229872	-0.089809	-0.344027	1.000000	1.000000	1.000000
#P-0.243171	-0.145591	-0.363931	1.000000	1.000000	1.000000
#P-0.262436	-0.195412	-0.392763	1.000000	1.000000	1.000000
#P-0.286879	-0.237233	-0.429344	1.000000	1.000000	1.000000
#P-0.315498	-0.269341	-0.472176	1.000000	1.000000	1.000000
#P-0.347123	-0.290423	-0.519506	1.000000	1.000000	1.000000
#P-0.380457	-0.299615	-0.569395	1.000000	1.000000	1.000000
#P-0.414138	-0.296540	-0.619801	1.000000	1.000000	1.000000
#P-0.446785	-0.281326	-0.668661	1.000000	1.000000	1.000000
#P-0.477062	-0.254593	-0.713974	1.000000	1.000000	1.000000
#P-0.503730	-0.217438	-0.753885	1.000000	1.000000	1.000000
#P-0.525697	-0.171380	-0.786761	1.000000	1.000000	1.000000
#P-0.542063	-0.118307	-0.811254	1.000000	1.000000	1.000000
#P-0.552158	-0.060390	-0.826364	1.000000	1.000000	1.000000
#P-0.555570	0.000000	-0.831470	1.000000	1.000000	1.000000
#P-0.382683	0.000000	-0.923880	1.000000	1.000000	1.000000
#P-0.380333	0.060390	-0.918206	1.000000	1.000000	1.000000
#P-0.373379	0.118307	-0.901418	1.000000	1.000000	1.000000
#P-0.362106	0.171380	-0.874202	1.000000	1.000000	1.000000
#P-0.346975	0.217438	-0.837672	1.000000	1.000000	1.000000
#P-0.328606	0.254593	-0.793325	1.000000	1.000000	1.000000
#P-0.307751	0.281326	-0.742976	1.000000	1.000000	1.000000
#P-0.285263	0.296540	-0.688686	1.000000	1.000000	1.000000
#P-0.262064	0.299615	-0.632678	1.000000	1.000000	1.000000
#P-0.239102	0.290423	-0.577244	1.000000	1.000000	1.000000
#P-0.217319	0.269341	-0.524654	1.000000	1.000000	1.000000
#P-0.197606	0.237233	-0.477062	1.000000	1.000000	1.000000
#P-0.180769	0.195412	-0.436415	1.000000	1.000000	1.000000
#P-0.167499	0.145591	-0.404378	1.000000	1.000000	1.000000
#P-0.158338	0.089809	-0.382263	1.000000	1.000000	1.000000
#P-0.153662	0.030350	-0.370974	1.000000	1.000000	1.000000
#P-0.153662	-0.030350	-0.370974	1.000000	1.000000	1.000000
#P-0.158338	-0.089809	-0.382263	1.000000	1.000000	1.000000
#P-0.167499	-0.145591	-0.404378	1.000000	1.000000	1.000000
#P-0.180769	-0.195412	-0.436415	1.000000	1.000000	1.000000
#P-0.197606	-0.237233	-0.477062	1.000000	1.000000	1.000000
#P-0.217319	-0.269341	-0.524654	1.000000	1.000000	1.000000
#P-0.239102	-0.290423	-0.577244	1.000000	1.000000	1.000000
#P-0.262064	-0.299615	-0.632678	1.000000	1.000000	1.000000
#P-0.285263	-0.296540	-0.688686	1.000000	1.000000	1.000000
#P-0.307751	-0.281326	-0.742976	1.000000	1.000000	1.000000
#P-0.328606	-0.254593	-0.793325	1.000000	1.000000	1.000000
#P-0.346975	-0.217438	-0.837672	1.000000	1.000000	1.000000
#P-0.362106	-0.171380	-0.874202	1.000000	1.000000	1.000000
#P-0.373379	-0.118307	-0.901418	1.000000	1.000000	1.000000
#P-0.380333	-0.060390	-0.918206	1.000000	1.000000	1.000000
#P-0.382683	0.000000	-0.923880	1.000000	1.000000	1.000000
#P-0.195090	0.000000	-0.980785	1.000000	1.000000	1.000000
#P-0.193892	0.060390	-0.974762	1.000000	1.000000	1.000000
#P-0.190347	0.118307	-0.956940	1.000000	1.000000	1.000000
#P-0.184600	0.171380	-0.928048	1.000000	1.000000	1.000000
#P-0.176886	0.217438	-0.889268	1.000000	1.000000	1.000000
#P-0.167522	0.254593	-0.842190	1.000000	1.000000	1.000000
#P-0.156890	0.281326	-0.788739	1.000000	1.000000	1.000000
#P-0.145426	0.296540	-0.731105	1.000000	1.000000	1.000000
#P-0.133599	0.299615	-0.671647	1.000000	1.000000	1.000000
#P-0.121893	0.290423	-0.612799	1.000000	1.000000	1.000000
#P-0.110788	0.269341	-0.556970	1.000000	1.000000	1.000000
#P-0.100738	0.237233	-0.506446	1.000000	1.000000	1.000000
#P-0.092155	0.195412	-0.463296	1.000000	1.000000	1.000000
#P-0.085390	0.145591	-0.429286	1.000000	1.000000	1.000000
#P-0.080720	0.089809	-0.405808	1.000000	1.000000	1.000000
#P-0.078336	0.030350	-0.393824	1.000000	1.000000	1.000000
#P-0.078336	-0.030350	-0.393824	1.000000	1.000000	1.000000
#P-0.080720	-0.089809	-0.405808	1.000000	1.000000	1.000000
#P-0.085390	-0.145591	-0.429286	1.000000	1.000000	1.000000
#P-0.092155	-0.195412	-0.463296	1.000000	1.000000	1.000000
#P-0.100738	-0.237233	-0.506446	1.000000	1.000000	1.000000
#P-0.110788	-0.269341	-0.556970	1.000000	1.000000	1.000000
#P-0.121893	-0.290423	-0.612799	1.000000	1.000000	1.000000
#P-0.133599	-0.299615	-0.671647	1.000000	1.000000	1.000000
#P-0.145426	-0.296540	-0.731105	1.000000	1.000000	1.000000
#P-0.156890	-0.281326	-0.788739	1.000000	1.000000	1.000000
#P-0.167522	-0.254593	-0.842190	1.000000	1.000000	1.000000
#P-0.176886	-0.217438	-0.889268	1.000000	1.000000	1.000000
#P-0.184600	-0.171380	-0.928048	1.000000	1.000000	1.000000
#P-0.190347	-0.118307	-0.956940	1.000000	1.000000	1.000000
#P-0.193892	-0.060390	-0.974762	1.000000	1.000000	1.000000
#P-0.195090	0.000000	-0.980785	1.000000	1.000000	1.000000
#P0.000000	0.000000	-1.000000	1.000000	1.000000	1.000000
#P0.000000	0.060390	-0.993859	1.000000	1.000000	1.000000
#P0.000000	0.118307	-0.975687	1.000000	1.000000	1.000000
#P0.000000	0.171380	-0.946229	1.000000	1.000000	1.000000
#P0.000000	0.217438	-0.906690	1.000000	1.000000	1.000000
#P0.000000	0.254593	-0.858689	1.000000	1.000000	1.000000
#P0.000000	0.281326	-0.804192	1.000000	1.000000	1.000000
#P0.000000	0.296540	-0.745428	1.000000	1.000000	1.000000
#P0.000000	0.299615	-0.684805	1.000000	1.000000	1.000000
#P0.000000	0.290423	-0.624804	1.000000	1.000000	1.000000
#P0.000000	0.269341	-0.567882	1.000000	1.000000	1.000000
#P0.000000	0.237233	-0.516368	1.000000	1.000000	1.000000
#P0.000000	0.195412	-0.472373	1.000000	1.000000	1.000000
#P0.000000	0.145591	-0.437696	1.000000	1.000000	1.000000
#P0.000000	0.089809	-0.413758	1.000000	1.000000	1.000000
#P0.000000	0.030350	-0.401539	1.000000	1.000000	1.000000
#P0.000000	-0.030350	-0.401539	1.000000	1.000000	1.000000
#P0.000000	-0.089809	-0.413758	1.000000	1.000000	1.000000
#P0.000000	-0.145591	-0.437696	1.000000	1.000000	1.000000
#P0.000000	-0.195412	-0.472373	1.000000	1.000000	1.000000
#P0.000000	-0.237233	-0.516368	1.000000	1.000000	1.000000
#P0.000000	-0.269341	-0.567882	1.000000	1.000000	1.000000
#P0.000000	-0.290423	-0.624804	1.000000	1.000000	1.000000
#P0.000000	-0.299615	-0.684805	1.000000	1.000000	1.000000
#P0.000000	-0.296540	-0.745428	1.000000	1.000000	1.000000
#P0.000000	-0.281326	-0.804192	1.000000	1.000000	1.000000
#P0.000000	-0.254593	-0.858689	1.000000	1.000000	1.000000
#P0.000000	-0.217438	-0.906690	1.000000	1.000000	1.000000
#P0.000000	-0.171380	-0.946229	1.000000	1.000000	1.000000
#P0.000000	-0.118307	-0.975687	1.000000	1.000000	1.000000
#P0.000000	-0.060390	-0.993859	1.000000	1.000000	1.000000
#P0.000000	0.000000	-1.000000	1.000000	1.000000	1.000000
#P0.195090	0.000000	-0.980785	1.000000	1.000000	1.000000
#P0.193892	0.060390	-0.974762	1.000000	1.000000	1.000000
#P0.190347	0.118307	-0.956940	1.000000	1.000000	1.000000
#P0.184600	0.171380	-0.928048	1.000000	1.000000	1.000000
#P0.176886	0.217438	-0.889268	1.000000	1.000000	1.000000
#P0.167522	0.254593	-0.842190	1.000000	1.000000	1.000000
#P0.156890	0.281326	-0.788739	1.000000	1.000000	1.000000
#P0.145426	0.296540	-0.731105	1.000000	1.000000	1.000000
#P0.133599	0.299615	-0.671647	1.000000	1.000000	1.000000
#P0.121893	0.290423	-0.612799	1.000000	1.000000	1.000000
#P0.110788	0.269341	-0.556970	1.000000	1.000000	1.000000
#P0.100738	0.237233	-0.506446	1.000000	1.000000	1.000000
#P0.092155	0.195412	-0.463296	1.000000	1.000000	1.000000
#P0.085390	0.145591	-0.429286	1.000000	1.000000	1.000000
#P0.080720	0.089809	-0.405808	1.000000	1.000000	1.000000
#P0.078336	0.030350	-0.393824	1.000000	1.000000	1.000000
#P0.078336	-0.030350	-0.393824	1.000000	1.000000	1.000000
#P0.080720	-0.089809	-0.405808	1.000000	1.000000	1.000000
#P0.085390	-0.145591	-0.429286	1.000000	1.000000	1.000000
#P0.092155	-0.195412	-0.463296	1.000000	1.000000	1.000000
#P0.100738	-0.237233	-0.506446	1.000000	1.000000	1.000000
#P0.110788	-0.269341	-0.556970	1.000000	1.000000	1.000000
#P0.121893	-0.290423	-0.612799	1.000000	1.000000	1.000000
#P0.133599	-0.299615	-0.671647	1.000000	1.000000	1.000000
#P0.145426	-0.296540	-0.731105	1.000000	1.000000	1.000000
#P0.156890	-0.281326	-0.788739	1.000000	1.000000	1.000000
#P0.167522	-0.254593	-0.842190	1.000000	1.000000	1.000000
#P0.176886	-0.217438	-0.889268	1.000000	1.000000	1.000000
#P0.184600	-0.171380	-0.928048	1.000000	1.000000	1.000000
#P0.190347	-0.118307	-0.956940	1.000000	1.000000	1.000000
#P0.193892	-0.060390	-0.974762	1.000000	1.000000	1.000000
#P0.195090	0.000000	-0.980785	1.000000	1.000000	1.000000
#P0.382683	0.000000	-0.923880	1.000000	1.000000	1.000000
#P0.380333	0.060390	-0.918206	1.000000	1.000000	1.000000
#P0.373379	0.118307	-0.901418	1.000000	1.000000	1.000000
#P0.362106	0.171380	-0.874202	1.000000	1.000000	1.000000
#P0.346975	0.217438	-0.837672	1.000000	1.000000	1.000000
#P0.328606	0.254593	-0.793325	1.000000	1.000000	1.000000
#P0.307751	0.281326	-0.742976	1.000000	1.000000	1.000000
#P0.285263	0.296540	-0.688686	1.000000	1.000000	1.000000
#P0.262064	0.299615	-0.632678	1.000000	1.000000	1.000000
#P0.239102	0.290423	-0.577244	1.000000	1.000000	1.000000
#P0.217319	0.269341	-0.524654	1.000000	1.000000	1.000000
#P0.197606	0.237233	-0.477062	1.000000	1.000000	1.000000
#P0.180769	0.195412	-0.436415	1.000000	1.000000	1.000000
#P0.167499	0.145591	-0.404378	1.000000	1.000000	1.000000
#P0.158338	0.089809	-0.382263	1.000000	1.000000	1.000000
#P0.153662	0.030350	-0.370974	1.000000	1.000000	1.000000
#P0.153662	-0.030350	-0.370974	1.000000	1.000000	1.000000
#P0.158338	-0.089809	-0.382263	1.000000	1.000000	1.000000
#P0.167499	-0.145591	-0.404378	1.000000	1.000000	1.000000
#P0.180769	-0.195412	-0.436415	1.000000	1.000000	1.000000
#P0.197606	-0.237233	-0.477062	1.000000	1.000000	1.000000
#P0.217319	-0.269341	-0.524654	1.000000	1.000000	1.000000
#P0.239102	-0.290423	-0.577244	1.000000	1.000000	1.000000
#P0.262064	-0.299615	-0.632678	1.000000	1.000000	1.000000
#P0.285263	-0.296540	-0.688686	1.000000	1.000000	1.000000
#P0.307751	-0.281326	-0.742976	1.000000	1.000000	1.000000
#P0.328606	-0.254593	-0.793325	1.000000	1.000000	1.000000
#P0.346975	-0.217438	-0.837672	1.000000	1.000000	1.000000
#P0.362106	-0.171380	-0.874202	1.000000	1.000000	1.000000
#P0.373379	-0.118307	-0.901418	1.000000	1.000000	1.000000
#P0.380333	-0.060390	-0.918206	1.000000	1.000000	1.000000
#P0.382683	0.000000	-0.923880	1.000000	1.000000	1.000000
#P0.555570	0.000000	-0.831470	1.000000	1.000000	1.000000
#P0.552158	0.060390	-0.826364	1.000000	1.000000	1.000000
#P0.542063	0.118307	-0.811254	1.000000	1.000000	1.000000
#P0.525697	0.171380	-0.786761	1.000000	1.000000	1.000000
#P0.503730	0.217438	-0.753885	1.000000	1.000000	1.000000
#P0.477062	0.254593	-0.713974	1.000000	1.000000	1.000000
#P0.446785	0.281326	-0.668661	1.000000	1.000000	1.000000
#P0.414138	0.296540	-0.619801	1.000000	1.000000	1.000000
#P0.380457	0.299615	-0.569395	1.000000	1.000000	1.000000
#P0.347123	0.290423	-0.519506	1.000000	1.000000	1.000000
#P0.315498	0.269341	-0.472176	1.000000	1.000000	1.000000
#P0.286879	0.237233	-0.429344	1.000000	1.000000	1.000000
#P0.262436	0.195412	-0.392763	1.000000	1.000000	1.000000
#P0.243171	0.145591	-0.363931	1.000000	1.000000	1.000000
#P0.229872	0.089809	-0.344027	1.000000	1.000000	1.000000
#P0.223083	0.030350	-0.333868	1.000000	1.000000	1.000000
#P0.223083	-0.030350	-0.333868	1.000000	1.000000	1.000000
#P0.229872	-0.089809	-0.344027	1.000000	1.000000	1.000000
#P0.243171	-0.145591	-0.363931	1.000000	1.000000	1.000000
#P0.262436	-0.195412	-0.392763	1.000000	1.000000	1.000000
#P0.286879	-0.237233	-0.429344	1.000000	1.000000	1.000000
#P0.315498	-0.269341	-0.472176	1.000000	1.000000	1.000000
#P0.347123	-0.290423	-0.519506	1.000000	1.000000	1.000000
#P0.380457	-0.299615	-0.569395	1.000000	1.000000	1.000000
#P0.414138	-0.296540	-0.619801	1.000000	1.000000	1.000000
#P0.446785	-0.281326	-0.668661	1.000000	1.000000	1.000000
#P0.477062	-0.254593	-0.713974	1.000000	1.000000	1.000000
#P0.503730	-0.217438	-0.753885	1.000000	1.000000	1.000000
#P0.525697	-0.171380	-0.786761	1.000000	1.000000	1.000000
#P0.542063	-0.118307	-0.811254	1.000000	1.000000	1.000000
#P0.552158	-0.060390	-0.826364	1.000000	1.000000	1.000000
#P0.555570	0.000000	-0.831470	1.000000	1.000000	1.000000
#P0.707107	0.000000	-0.707107	1.000000	1.000000	1.000000
#P0.702764	0.060390	-0.702764	1.000000	1.000000	1.000000
#P0.689915	0.118307	-0.689915	1.000000	1.000000	1.000000
#P0.669085	0.171380	-0.669085	1.000000	1.000000	1.000000
#P0.641127	0.217438	-0.641127	1.000000	1.000000	1.000000
#P0.607185	0.254593	-0.607185	1.000000	1.000000	1.000000
#P0.568649	0.281326	-0.568649	1.000000	1.000000	1.000000
#P0.527097	0.296540	-0.527097	1.000000	1.000000	1.000000
#P0.484230	0.299615	-0.484230	1.000000	1.000000	1.000000
#P0.441803	0.290423	-0.441803	1.000000	1.000000	1.000000
#P0.401553	0.269341	-0.401553	1.000000	1.000000	1.000000
#P0.365127	0.237233	-0.365127	1.000000	1.000000	1.000000
#P0.334018	0.195412	-0.334018	1.000000	1.000000	1.000000
#P0.309498	0.145591	-0.309498	1.000000	1.000000	1.000000
#P0.292571	0.089809	-0.292571	1.000000	1.000000	1.000000
#P0.283931	0.030350	-0.283931	1.000000	1.000000	1.000000
#P0.283931	-0.030350	-0.283931	1.000000	1.000000	1.000000
#P0.292571	-0.089809	-0.292571	1.000000	1.000000	1.000000
#P0.309498	-0.145591	-0.309498	1.000000	1.000000	1.000000
#P0.334018	-0.195412	-0.334018	1.000000	1.000000	1.000000
#P0.365127	-0.237233	-0.365127	1.000000	1.000000	1.000000
#P0.401553	-0.269341	-0.401553	1.000000	1.000000	1.000000
#P0.441803	-0.290423	-0.441803	1.000000	1.000000	1.000000
#P0.484230	-0.299615	-0.484230	1.000000	1.000000	1.000000
#P0.527097	-0.296540	-0.527097	1.000000	1.000000	1.000000
#P0.568649	-0.281326	-0.568649	1.000000	1.000000	1.000000
#P0.607185	-0.254593	-0.607185	1.000000	1.000000	1.000000
#P0.641127	-0.217438	-0.641127	1.000000	1.000000	1.000000
#P0.669085	-0.171380	-0.669085	1.000000	1.000000	1.000000
#P0.689915	-0.118307	-0.689915	1.000000	1.000000	1.000000
#P0.702764	-0.060390	-0.702764	1.000000	1.000000	1.000000
#P0.707107	0.000000	-0.707107	1.000000	1.000000	1.000000
#P0.831470	0.000000	-0.555570	1.000000	1.000000	1.000000
#P0.826364	0.060390	-0.552158	1.000000	1.000000	1.000000
#P0.811254	0.118307	-0.542063	1.000000	1.000000	1.000000
#P0.786761	0.171380	-0.525697	1.000000	1.000000	1.000000
#P0.753885	0.217438	-0.503730	1.000000	1.000000	1.000000
#P0.713974	0.254593	-0.477062	1.000000	1.000000	1.000000
#P0.668661	0.281326	-0.446785	1.000000	1.000000	1.000000
#P0.619801	0.296540	-0.414138	1.000000	1.000000	1.000000
#P0.569395	0.299615	-0.380457	1.000000	1.000000	1.000000
#P0.519506	0.290423	-0.347123	1.000000	1.000000	1.000000
#P0.472176	0.269341	-0.315498	1.000000	1.000000	1.000000
#P0.429344	0.237233	-0.286879	1.000000	1.000000	1.000000
#P0.392763	0.195412	-0.262436	1.000000	1.000000	1.000000
#P0.363931	0.145591	-0.243171	1.000000	1.000000	1.000000
#P0.344027	0.089809	-0.229872	1.000000	1.000000	1.000000
#P0.333868	0.030350	-0.223083	1.000000	1.000000	1.000000
#P0.333868	-0.030350	-0.223083	1.000000	1.000000	1.000000
#P0.344027	-0.089809	-0.229872	1.000000	1.000000	1.000000
#P0.363931	-0.145591	-0.243171	1.000000	1.000000	1.000000
#P0.392763	-0.195412	-0.262436	1.000000	1.000000	1.000000
#P0.429344	-0.237233	-0.286879	1.000000	1.000000	1.000000
#P0.472176	-0.269341	-0.315498	1.000000	1.000000	1.000000
#P0.519506	-0.290423	-0.347123	1.000000	1.000000	1.000000
#P0.569395	-0.299615	-0.380457	1.000000	1.000000	1.000000
#P0.619801	-0.296540	-0.414138	1.000000	1.000000	1.000000
#P0.668661	-0.281326	-0.446785	1.000000	1.000000	1.000000
#P0.713974	-0.254593	-0.477062	1.000000	1.000000	1.000000
#P0.753885	-0.217438	-0.503730	1.000000	1.000000	1.000000
#P0.786761	-0.171380	-0.525697	1.000000	1.000000	1.000000
#P0.811254	-0.118307	-0.542063	1.000000	1.000000	1.000000
#P0.826364	-0.060390	-0.552158	1.000000	1.000000	1.000000
#P0.831470	0.000000	-0.555570	1.000000	1.000000	1.000000
#P0.923880	0.000000	-0.382683	1.000000	1.000000	1.000000
#P0.918206	0.060390	-0.380333	1.000000	1.000000	1.000000
#P0.901418	0.118307	-0.373379	1.000000	1.000000	1.000000
#P0.874202	0.171380	-0.362106	1.000000	1.000000	1.000000
#P0.837672	0.217438	-0.346975	1.000000	1.000000	1.000000
#P0.793325	0.254593	-0.328606	1.000000	1.000000	1.000000
#P0.742976	0.281326	-0.307751	1.000000	1.000000	1.000000
#P0.688686	0.296540	-0.285263	1.000000	1.000000	1.000000
#P0.632678	0.299615	-0.262064	1.000000	1.000000	1.000000
#P0.577244	0.290423	-0.239102	1.000000	1.000000	1.000000
#P0.524654	0.269341	-0.217319	1.000000	1.000000	1.000000
#P0.477062	0.237233	-0.197606	1.000000	1.000000	1.000000
#P0.436415	0.195412	-0.180769	1.000000	1.000000	1.000000
#P0.404378	0.145591	-0.167499	1.000000	1.000000	1.000000
#P0.382263	0.089809	-0.158338	1.000000	1.000000	1.000000
#P0.370974	0.030350	-0.153662	1.000000	1.000000	1.000000
#P0.370974	-0.030350	-0.153662	1.000000	1.000000	1.000000
#P0.382263	-0.089809	-0.158338	1.000000	1.000000	1.000000
#P0.404378	-0.145591	-0.167499	1.000000	1.000000	1.000000
#P0.436415	-0.195412	-0.180769	1.000000	1.000000	1.000000
#P0.477062	-0.237233	-0.197606	1.000000	1.000000	1.000000
#P0.524654	-0.269341	-0.217319	1.000000	1.000000	1.000000
#P0.577244	-0.290423	-0.239102	1.000000	1.000000	1.000000
#P0.632678	-0.299615	-0.262064	1.000000	1.000000	1.000000
#P0.688686	-0.296540	-0.285263	1.000000	1.000000	1.000000
#P0.742976	-0.281326	-0.307751	1.000000	1.000000	1.000000
#P0.793325	-0.254593	-0.328606	1.000000	1.000000	1.000000
#P0.837672	-0.217438	-0.346975	1.000000	1.000000	1.000000
#P0.874202	-0.171380	-0.362106	1.000000	1.000000	1.000000
#P0.901418	-0.118307	-0.373379	1.000000	1.000000	1.000000
#P0.918206	-0.060390	-0.380333	1.000000	1.000000	1.000000
#P0.923880	0.000000	-0.382683	1.000000	1.000000	1.000000
#P0.980785	0.000000	-0.195090	1.000000	1.000000	1.000000
#P0.974762	0.060390	-0.193892	1.000000	1.000000	1.000000
#P0.956940	0.118307	-0.190347	1.000000	1.000000	1.000000
#P0.928048	0.171380	-0.184600	1.000000	1.000000	1.000000
#P0.889268	0.217438	-0.176886	1.000000	1.000000	1.000000
#P0.842190	0.254593	-0.167522	1.000000	1.000000	1.000000
#P0.788739	0.281326	-0.156890	1.000000	1.000000	1.000000
#P0.731105	0.296540	-0.145426	1.000000	1.000000	1.000000
#P0.671647	0.299615	-0.133599	1.000000	1.000000	1.000000
#P0.612799	0.290423	-0.121893	1.000000	1.000000	1.000000
#P0.556970	0.269341	-0.110788	1.000000	1.000000	1.000000
#P0.506446	0.237233	-0.100738	1.000000	1.000000	1.000000
#P0.463296	0.195412	-0.092155	1.000000	1.000000	1.000000
#P0.429286	0.145591	-0.085390	1.000000	1.000000	1.000000
#P0.405808	0.089809	-0.080720	1.000000	1.000000	1.000000
#P0.393824	0.030350	-0.078336	1.000000	1.000000	1.000000
#P0.393824	-0.030350	-0.078336	1.000000	1.000000	1.000000
#P0.405808	-0.089809	-0.080720	1.000000	1.000000	1.000000
#P0.429286	-0.145591	-0.085390	1.000000	1.000000	1.000000
#P0.463296	-0.195412	-0.092155	1.000000	1.000000	1.000000
#P0.506446	-0.237233	-0.100738	1.000000	1.000000	1.000000
#P0.556970	-0.269341	-0.110788	1.000000	1.000000	1.000000
#P0.612799	-0.290423	-0.121893	1.000000	1.000000	1.000000
#P0.671647	-0.299615	-0.133599	1.000000	1.000000	1.000000
#P0.731105	-0.296540	-0.145426	1.000000	1.000000	1.000000
#P0.788739	-0.281326	-0.156890	1.000000	1.000000	1.000000
#P0.842190	-0.254593	-0.167522	1.000000	1.000000	1.000000
#P0.889268	-0.217438	-0.176886	1.000000	1.000000	1.000000
#P0.928048	-0.171380	-0.184600	1.000000	1.000000	1.000000
#P0.956940	-0.118307	-0.190347	1.000000	1.000000	1.000000
#P0.974762	-0.060390	-0.193892	1.000000	1.000000	1.000000
#P0.980785	0.000000	-0.195090	1.000000	1.000000	1.000000
#P1.000000	0.000000	0.000000	1.000000	1.000000	1.000000
#P0.993859	0.060390	0.000000	1.000000	1.000000	1.000000
#P0.975687	0.118307	0.000000	1.000000	1.000000	1.000000
#P0.946229	0.171380	0.000000	1.000000	1.000000	1.000000
#P0.906690	0.217438	0.000000	1.000000	1.000000	1.000000
#P0.858689	0.254593	0.000000	1.000000	1.000000	1.000000
#P0.804192	0.281326	0.000000	1.000000	1.000000	1.000000
#P0.745428	0.296540	0.000000	1.000000	1.000000	1.000000
#P0.684805	0.299615	0.000000	1.000000	1.000000	1.000000
#P0.624804	0.290423	0.000000	1.000000	1.000000	1.000000
#P0.567882	0.269341	0.000000	1.000000	1.000000	1.000000
#P0.516368	0.237233	0.000000	1.000000	1.000000	1.000000
#P0.472373	0.195412	0.000000	1.000000	1.000000	1.000000
#P0.437696	0.145591	0.000000	1.000000	1.000000	1.000000
#P0.413758	0.089809	0.000000	1.000000	1.000000	1.000000
#P0.401539	0.030350	0.000000	1.000000	1.000000	1.000000
#P0.401539	-0.030350	0.000000	1.000000	1.000000	1.000000
#P0.413758	-0.089809	0.000000	1.000000	1.000000	1.000000
#P0.437696	-0.145591	0.000000	1.000000	1.000000	1.000000
#P0.472373	-0.195412	0.000000	1.000000	1.000000	1.000000
#P0.516368	-0.237233	0.000000	1.000000	1.000000	1.000000
#P0.567882	-0.269341	0.000000	1.000000	1.000000	1.000000
#P0.624804	-0.290423	0.000000	1.000000	1.000000	1.000000
#P0.684805	-0.299615	0.000000	1.000000	1.000000	1.000000
#P0.745428	-0.296540	0.000000	1.000000	1.000000	1.000000
#P0.804192	-0.281326	0.000000	1.000000	1.000000	1.000000
#P0.858689	-0.254593	0.000000	1.000000	1.000000	1.000000
#P0.906690	-0.217438	0.000000	1.000000	1.000000	1.000000
#P0.946229	-0.171380	0.000000	1.000000	1.000000	1.000000
#P0.975687	-0.118307	0.000000	1.000000	1.000000	1.000000
#P0.993859	-0.060390	0.000000	1.000000	1.000000	1.000000
#P1.000000	0.000000	0.000000	1.000000	1.000000	1.000000
