#N1020
#P-1.000000	1.000000	0.000000	0.000000	1.000000	0.000000
#P-1.000000	0.921053	0.045579	0.000000	1.000000	0.000000
#P-1.000000	0.842105	0.091158	0.000000	1.000000	0.000000
#P-1.000000	0.763158	0.136737	0.000000	1.000000	0.000000
#P-1.000000	0.684211	0.182316	0.000000	1.000000	0.000000
#P-1.000000	0.605263	0.227895	0.000000	1.000000	0.000000
#P-1.000000	0.526316	0.273474	0.000000	1.000000	0.000000
#P-1.000000	0.447368	0.319053	0.000000	1.000000	0.000000
#P-1.000000	0.368421	0.364632	0.000000	1.000000	0.000000
#P-1.000000	0.289474	0.410211	0.000000	1.000000	0.000000
#P-1.000000	0.210526	0.455789	0.000000	1.000000	0.000000
#P-1.000000	0.131579	0.501368	0.000000	1.000000	0.000000
#P-1.000000	0.052632	0.546947	0.000000	1.000000	0.000000
#P-1.000000	-0.026316	0.592526	0.000000	1.000000	0.000000
#P-1.000000	-0.105263	0.638105	0.000000	1.000000	0.000000
#P-1.000000	-0.184211	0.683684	0.000000	1.000000	0.000000
#P-1.000000	-0.263158	0.729263	0.000000	1.000000	0.000000
#P-1.000000	-0.342105	0.774842	0.000000	1.000000	0.000000
#P-1.000000	-0.421053	0.820421	0.000000	1.000000	0.000000
#P-1.000000	-0.500000	0.866000	0.000000	1.000000	0.000000
#P-1.000000	-0.500000	0.866000	0.000000	1.000000	0.000000
#P-1.000000	-0.500000	0.774842	0.000000	1.000000	0.000000
#P-1.000000	-0.500000	0.683684	0.000000	1.000000	0.000000
#P-1.000000	-0.500000	0.592526	0.000000	1.000000	0.000000
#P-1.000000	-0.500000	0.501368	0.000000	1.000000	0.000000
#P-1.000000	-0.500000	0.410211	0.000000	1.000000	0.000000
#P-1.000000	-0.500000	0.319053	0.000000	1.000000	0.000000
#P-1.000000	-0.500000	0.227895	0.000000	1.000000	0.000000
#P-1.000000	-0.500000	0.136737	0.000000	1.000000	0.000000
#P-1.000000	-0.500000	0.045579	0.000000	1.000000	0.000000
#P-1.000000	-0.500000	-0.045579	0.000000	1.000000	0.000000
#P-1.000000	-0.500000	-0.136737	0.000000	1.000000	0.000000
#P-1.000000	-0.500000	-0.227895	0.000000	1.000000	0.000000
#P-1.000000	-0.500000	-0.319053	0.000000	1.000000	0.000000
#P-1.000000	-0.500000	-0.410211	0.000000	1.000000	0.000000
#P-1.000000	-0.500000	-0.501368	0.000000	1.000000	0.000000
#P-1.000000	-0.500000	-0.592526	0.000000	1.000000	0.000000
#P-1.000000	-0.500000	-0.683684	0.000000	1.000000	0.000000
#P-1.000000	-0.500000	-0.774842	0.000000	1.000000	0.000000
#P-1.000000	-0.500000	-0.866000	0.000000	1.000000	0.000000
#P-1.000000	-0.500000	-0.866000	0.000000	1.000000	0.000000
#P-1.000000	-0.421053	-0.820421	0.000000	1.000000	0.000000
#P-1.000000	-0.342105	-0.774842	0.000000	1.000000	0.000000
#P-1.000000	-0.263158	-0.729263	0.000000	1.000000	0.000000
#P-1.000000	-0.184211	-0.683684	0.000000	1.000000	0.000000
#P-1.000000	-0.105263	-0.638105	0.000000	1.000000	0.000000
#P-1.000000	-0.026316	-0.592526	0.000000	1.000000	0.000000
#P-1.000000	0.052632	-0.546947	0.000000	1.000000	0.000000
#P-1.000000	0.131579	-0.501368	0.000000	1.000000	0.000000
#P-1.000000	0.210526	-0.455789	0.000000	1.000000	0.000000
#P-1.000000	0.289474	-0.410211	0.000000	1.000000	0.000000
#P-1.000000	0.368421	-0.364632	0.000000	1.000000	0.000000
#P-1.000000	0.447368	-0.319053	0.000000	1.000000	0.000000
#P-1.000000	0.526316	-0.273474	0.000000	1.000000	0.000000
#P-1.000000	0.605263	-0.227895	0.000000	1.000000	0.000000
#P-1.000000	0.684211	-0.182316	0.000000	1.000000	0.000000
#P-1.000000	0.763158	-0.136737	0.000000	1.000000	0.000000
#P-1.000000	0.842105	-0.091158	0.000000	1.000000	0.000000
#P-1.000000	0.921053	-0.045579	0.000000	1.000000	0.000000
#P-1.000000	1.000000	0.000000	0.000000	1.000000	0.000000
#P-0.875000	1.000000	0.000000	0.062500	1.000000	0.000000
#P-0.875000	0.921053	0.045579	0.062500	1.000000	0.000000
#P-0.875000	0.842105	0.091158	0.062500	1.000000	0.000000
#P-0.875000	0.763158	0.136737	0.062500	1.000000	0.000000
#P-0.875000	0.684211	0.182316	0.062500	1.000000	0.000000
#P-0.875000	0.605263	0.227895	0.062500	1.000000	0.000000
#P-0.875000	0.526316	0.273474	0.062500	1.000000	0.000000
#P-0.875000	0.447368	0.319053	0.062500	1.000000	0.000000
#P-0.875000	0.368421	0.364632	0.062500	1.000000	0.000000
#P-0.875000	0.289474	0.410211	0.062500	1.000000	0.000000
#P-0.875000	0.210526	0.455789	0.062500	1.000000	0.000000
#P-0.875000	0.131579	0.501368	0.062500	1.000000	0.000000
#P-0.875000	0.052632	0.546947	0.062500	1.000000	0.000000
#P-0.875000	-0.026316	0.592526	0.062500	1.000000	0.000000
#P-0.875000	-0.105263	0.638105	0.062500	1.000000	0.000000
#P-0.875000	-0.184211	0.683684	0.062500	1.000000	0.000000
#P-0.875000	-0.263158	0.729263	0.062500	1.000000	0.000000
#P-0.875000	-0.342105	0.774842	0.062500	1.000000	0.000000
#P-0.875000	-0.421053	0.820421	0.062500	1.000000	0.000000
#P-0.875000	-0.500000	0.866000	0.062500	1.000000	0.000000
#P-0.875000	-0.500000	0.866000	0.062500	1.000000	0.000000
#P-0.875000	-0.500000	0.774842	0.062500	1.000000	0.000000
#P-0.875000	-0.500000	0.683684	0.062500	1.000000	0.000000
#P-0.875000	-0.500000	0.592526	0.062500	1.000000	0.000000
#P-0.875000	-0.500000	0.501368	0.062500	1.000000	0.000000
#P-0.875000	-0.500000	0.410211	0.062500	1.000000	0.000000
#P-0.875000	-0.500000	0.319053	0.062500	1.000000	0.000000
#P-0.875000	-0.500000	0.227895	0.062500	1.000000	0.000000
#P-0.875000	-0.500000	0.136737	0.062500	1.000000	0.000000
#P-0.875000	-0.500000	0.045579	0.062500	1.000000	0.000000
#P-0.875000	-0.500000	-0.045579	0.062500	1.000000	0.000000
#P-0.875000	-0.500000	-0.136737	0.062500	1.000000	0.000000
#P-0.875000	-0.500000	-0.227895	0.062500	1.000000	0.000000
#P-0.875000	-0.500000	-0.319053	0.062500	1.000000	0.000000
#P-0.875000	-0.500000	-0.410211	0.062500	1.000000	0.000000
#P-0.875000	-0.500000	-0.501368	0.062500	1.000000	0.000000
#P-0.875000	-0.500000	-0.592526	0.062500	1.000000	0.000000
#P-0.875000	-0.500000	-0.683684	0.062500	1.000000	0.000000
#P-0.875000	-0.500000	-0.774842	0.062500	1.000000	0.000000
#P-0.875000	-0.500000	-0.866000	0.062500	1.000000	0.000000
#P-0.875000	-0.500000	-0.866000	0.062500	1.000000	0.000000
#P-0.875000	-0.421053	-0.820421	0.062500	1.000000	0.000000
#P-0.875000	-0.342105	-0.774842	0.062500	1.000000	0.000000
#P-0.875000	-0.263158	-0.729263	0.062500	1.000000	0.000000
#P-0.875000	-0.184211	-0.683684	0.062500	1.000000	0.000000
#P-0.875000	-0.105263	-0.638105	0.062500	1.000000	0.000000
#P-0.875000	-0.026316	-0.592526	0.062500	1.000000	0.000000
#P-0.875000	0.052632	-0.546947	0.062500	1.000000	0.000000
#P-0.875000	0.131579	-0.501368	0.062500	1.000000	0.000000
#P-0.875000	0.210526	-0.455789	0.062500	1.000000	0.000000
#P-0.875000	0.289474	-0.410211	0.062500	1.000000	0.000000
#P-0.875000	0.368421	-0.364632	0.062500	1.000000	0.000000
#P-0.875000	0.447368	-0.319053	0.062500	1.000000	0.000000
#P-0.875000	0.526316	-0.273474	0.062500	1.000000	0.000000
#P-0.875000	0.605263	-0.227895	0.062500	1.000000	0.000000
#P-0.875000	0.684211	-0.182316	0.062500	1.000000	0.000000
#P-0.875000	0.763158	-0.136737	0.062500	1.000000	0.000000
#P-0.875000	0.842105	-0.091158	0.062500	1.000000	0.000000
#P-0.875000	0.921053	-0.045579	0.062500	1.000000	0.000000
#P-0.875000	1.000000	0.000000	0.062500	1.000000	0.000000
#P-0.750000	1.000000	0.000000	0.125000	1.000000	0.000000
#P-0.750000	0.921053	0.045579	0.125000	1.000000	0.000000
#P-0.750000	0.842105	0.091158	0.125000	1.000000	0.000000
#P-0.750000	0.763158	0.136737	0.125000	1.000000	0.000000
#P-0.750000	0.684211	0.182316	0.125000	1.000000	0.000000
#P-0.750000	0.605263	0.227895	0.125000	1.000000	0.000000
#P-0.750000	0.526316	0.273474	0.125000	1.000000	0.000000
#P-0.750000	0.447368	0.319053	0.125000	1.000000	0.000000
#P-0.750000	0.368421	0.364632	0.125000	1.000000	0.000000
#P-0.750000	0.289474	0.410211	0.125000	1.000000	0.000000
#P-0.750000	0.210526	0.455789	0.125000	1.000000	0.000000
#P-0.750000	0.131579	0.501368	0.125000	1.000000	0.000000
#P-0.750000	0.052632	0.546947	0.125000	1.000000	0.000000
#P-0.750000	-0.026316	0.592526	0.125000	1.000000	0.000000
#P-0.750000	-0.105263	0.638105	0.125000	1.000000	0.000000
#P-0.750000	-0.184211	0.683684	0.125000	1.000000	0.000000
#P-0.750000	-0.263158	0.729263	0.125000	1.000000	0.000000
#P-0.750000	-0.342105	0.774842	0.125000	1.000000	0.000000
#P-0.750000	-0.421053	0.820421	0.125000	1.000000	0.000000
#P-0.750000	-0.500000	0.866000	0.125000	1.000000	0.000000
#P-0.750000	-0.500000	0.866000	0.125000	1.000000	0.000000
#P-0.750000	-0.500000	0.774842	0.125000	1.000000	0.000000
#P-0.750000	-0.500000	0.683684	0.125000	1.000000	0.000000
#P-0.750000	-0.500000	0.592526	0.125000	1.000000	0.000000
#P-0.750000	-0.500000	0.501368	0.125000	1.000000	0.000000
#P-0.750000	-0.500000	0.410211	0.125000	1.000000	0.000000
#P-0.750000	-0.500000	0.319053	0.125000	1.000000	0.000000
#P-0.750000	-0.500000	0.227895	0.125000	1.000000	0.000000
#P-0.750000	-0.500000	0.136737	0.125000	1.000000	0.000000
#P-0.750000	-0.500000	0.045579	0.125000	1.000000	0.000000
#P-0.750000	-0.500000	-0.045579	0.125000	1.000000	0.000000
#P-0.750000	-0.500000	-0.136737	0.125000	1.000000	0.000000
#P-0.750000	-0.500000	-0.227895	0.125000	1.000000	0.000000
#P-0.750000	-0.500000	-0.319053	0.125000	1.000000	0.000000
#P-0.750000	-0.500000	-0.410211	0.125000	1.000000	0.000000
#P-0.750000	-0.500000	-0.501368	0.125000	1.000000	0.000000
#P-0.750000	-0.500000	-0.592526	0.125000	1.000000	0.000000
#P-0.750000	-0.500000	-0.683684	0.125000	1.000000	0.000000
#P-0.750000	-0.500000	-0.774842	0.125000	1.000000	0.000000
#P-0.750000	-0.500000	-0.866000	0.125000	1.000000	0.000000
#P-0.750000	-0.500000	-0.866000	0.125000	1.000000	0.000000
#P-0.750000	-0.421053	-0.820421	0.125000	1.000000	0.000000
#P-0.750000	-0.342105	-0.774842	0.125000	1.000000	0.000000
#P-0.750000	-0.263158	-0.729263	0.125000	1.000000	0.000000
#P-0.750000	-0.184211	-0.683684	0.125000	1.000000	0.000000
#P-0.750000	-0.105263	-0.638105	0.125000	1.000000	0.000000
#P-0.750000	-0.026316	-0.592526	0.125000	1.000000	0.000000
#P-0.750000	0.052632	-0.546947	0.125000	1.000000	0.000000
#P-0.750000	0.131579	-0.501368	0.125000	1.000000	0.000000
#P-0.750000	0.210526	-0.455789	0.125000	1.000000	0.000000
#P-0.750000	0.289474	-0.410211	0.125000	1.000000	0.000000
#P-0.750000	0.368421	-0.364632	0.125000	1.000000	0.000000
#P-0.750000	0.447368	-0.319053	0.125000	1.000000	0.000000
#P-0.750000	0.526316	-0.273474	0.125000	1.000000	0.000000
#P-0.750000	0.605263	-0.227895	0.125000	1.000000	0.000000
#P-0.750000	0.684211	-0.182316	0.125000	1.000000	0.000000
#P-0.750000	0.763158	-0.136737	0.125000	1.000000	0.000000
#P-0.750000	0.842105	-0.091158	0.125000	1.000000	0.000000
#P-0.750000	0.921053	-0.045579	0.125000	1.000000	0.000000
#P-0.750000	1.000000	0.000000	0.125000	1.000000	0.000000
#P-0.625000	1.000000	0.000000	0.187500	1.000000	0.000000
#P-0.625000	0.921053	0.045579	0.187500	1.000000	0.000000
#P-0.625000	0.842105	0.091158	0.187500	1.000000	0.000000
#P-0.625000	0.763158	0.136737	0.187500	1.000000	0.000000
#P-0.625000	0.684211	0.182316	0.187500	1.000000	0.000000
#P-0.625000	0.605263	0.227895	0.187500	1.000000	0.000000
#P-0.625000	0.526316	0.273474	0.187500	1.000000	0.000000
#P-0.625000	0.447368	0.319053	0.187500	1.000000	0.000000
#P-0.625000	0.368421	0.364632	0.187500	1.000000	0.000000
#P-0.625000	0.289474	0.410211	0.187500	1.000000	0.000000
#P-0.625000	0.210526	0.455789	0.187500	1.000000	0.000000
#P-0.625000	0.131579	0.501368	0.187500	1.000000	0.000000
#P-0.625000	0.052632	0.546947	0.187500	1.000000	0.000000
#P-0.625000	-0.026316	0.592526	0.187500	1.000000	0.000000
#P-0.625000	-0.105263	0.638105	0.187500	1.000000	0.000000
#P-0.625000	-0.184211	0.683684	0.187500	1.000000	0.000000
#P-0.625000	-0.263158	0.729263	0.187500	1.000000	0.000000
#P-0.625000	-0.342105	0.774842	0.187500	1.000000	0.000000
#P-0.625000	-0.421053	0.820421	0.187500	1.000000	0.000000
#P-0.625000	-0.500000	0.866000	0.187500	1.000000	0.000000
#P-0.625000	-0.500000	0.866000	0.187500	1.000000	0.000000
#P-0.625000	-0.500000	0.774842	0.187500	1.000000	0.000000
#P-0.625000	-0.500000	0.683684	0.187500	1.000000	0.000000
#P-0.625000	-0.500000	0.592526	0.187500	1.000000	0.000000
#P-0.625000	-0.500000	0.501368	0.187500	1.000000	0.000000
#P-0.625000	-0.500000	0.410211	0.187500	1.000000	0.000000
#P-0.625000	-0.500000	0.319053	0.187500	1.000000	0.000000
#P-0.625000	-0.500000	0.227895	0.187500	1.000000	0.000000
#P-0.625000	-0.500000	0.136737	0.187500	1.000000	0.000000
#P-0.625000	-0.500000	0.045579	0.187500	1.000000	0.000000
#P-0.625000	-0.500000	-0.045579	0.187500	1.000000	0.000000
#P-0.625000	-0.500000	-0.136737	0.187500	1.000000	0.000000
#P-0.625000	-0.500000	-0.227895	0.187500	1.000000	0.000000
#P-0.625000	-0.500000	-0.319053	0.187500	1.000000	0.000000
#P-0.625000	-0.500000	-0.410211	0.187500	1.000000	0.000000
#P-0.625000	-0.500000	-0.501368	0.187500	1.000000	0.000000
#P-0.625000	-0.500000	-0.592526	0.187500	1.000000	0.000000
#P-0.625000	-0.500000	-0.683684	0.187500	1.000000	0.000000
#P-0.625000	-0.500000	-0.774842	0.187500	1.000000	0.000000
#P-0.625000	-0.500000	-0.866000	0.187500	1.000000	0.000000
#P-0.625000	-0.500000	-0.866000	0.187500	1.000000	0.000000
#P-0.625000	-0.421053	-0.820421	0.187500	1.000000	0.000000
#P-0.625000	-0.342105	-0.774842	0.187500	1.000000	0.000000
#P-0.625000	-0.263158	-0.729263	0.187500	1.000000	0.000000
#P-0.625000	-0.184211	-0.683684	0.187500	1.000000	0.000000
#P-0.625000	-0.105263	-0.638105	0.187500	1.000000	0.000000
#P-0.625000	-0.026316	-0.592526	0.187500	1.000000	0.000000
#P-0.625000	0.052632	-0.546947	0.187500	1.000000	0.000000
#P-0.625000	0.131579	-0.501368	0.187500	1.000000	0.000000
#P-0.625000	0.210526	-0.455789	0.187500	1.000000	0.000000
#P-0.625000	0.289474	-0.410211	0.187500	1.000000	0.000000
#P-0.625000	0.368421	-0.364632	0.187500	1.000000	0.000000
#P-0.625000	0.447368	-0.319053	0.187500	1.000000	0.000000
#P-0.625000	0.526316	-0.273474	0.187500	1.000000	0.000000
#P-0.625000	0.605263	-0.227895	0.187500	1.000000	0.000000
#P-0.625000	0.684211	-0.182316	0.187500	1.000000	0.000000
#P-0.625000	0.763158	-0.136737	0.187500	1.000000	0.000000
#P-0.625000	0.842105	-0.091158	0.187500	1.000000	0.000000
#P-0.625000	0.921053	-0.045579	0.187500	1.000000	0.000000
#P-0.625000	1.000000	0.000000	0.187500	1.000000	0.000000
#P-0.500000	1.000000	0.000000	0.250000	1.000000	0.000000
#P-0.500000	0.921053	0.045579	0.250000	1.000000	0.000000
#P-0.500000	0.842105	0.091158	0.250000	1.000000	0.000000
#P-0.500000	0.763158	0.136737	0.250000	1.000000	0.000000
#P-0.500000	0.684211	0.182316	0.250000	1.000000	0.000000
#P-0.500000	0.605263	0.227895	0.250000	1.000000	0.000000
#P-0.500000	0.526316	0.273474	0.250000	1.000000	0.000000
#P-0.500000	0.447368	0.319053	0.250000	1.000000	0.000000
#P-0.500000	0.368421	0.364632	0.250000	1.000000	0.000000
#P-0.500000	0.289474	0.410211	0.250000	1.000000	0.000000
#P-0.500000	0.210526	0.455789	0.250000	1.000000	0.000000
#P-0.500000	0.131579	0.501368	0.250000	1.000000	0.000000
#P-0.500000	0.052632	0.546947	0.250000	1.000000	0.000000
#P-0.500000	-0.026316	0.592526	0.250000	1.000000	0.000000
#P-0.500000	-0.105263	0.638105	0.250000	1.000000	0.000000
#P-0.500000	-0.184211	0.683684	0.250000	1.000000	0.000000
#P-0.500000	-0.263158	0.729263	0.250000	1.000000	0.000000
#P-0.500000	-0.342105	0.774842	0.250000	1.000000	0.000000
#P-0.500000	-0.421053	0.820421	0.250000	1.000000	0.000000
#P-0.500000	-0.500000	0.866000	0.250000	1.000000	0.000000
#P-0.500000	-0.500000	0.866000	0.250000	1.000000	0.000000
#P-0.500000	-0.500000	0.774842	0.250000	1.000000	0.000000
#P-0.500000	-0.500000	0.683684	0.250000	1.000000	0.000000
#P-0.500000	-0.500000	0.592526	0.250000	1.000000	0.000000
#P-0.500000	-0.500000	0.501368	0.250000	1.000000	0.000000
#P-0.500000	-0.500000	0.410211	0.250000	1.000000	0.000000
#P-0.500000	-0.500000	0.319053	0.250000	1.000000	0.000000
#P-0.500000	-0.500000	0.227895	0.250000	1.000000	0.000000
#P-0.500000	-0.500000	0.136737	0.250000	1.000000	0.000000
#P-0.500000	-0.500000	0.045579	0.250000	1.000000	0.000000
#P-0.500000	-0.500000	-0.045579	0.250000	1.000000	0.000000
#P-0.500000	-0.500000	-0.136737	0.250000	1.000000	0.000000
#P-0.500000	-0.500000	-0.227895	0.250000	1.000000	0.000000
#P-0.500000	-0.500000	-0.319053	0.250000	1.000000	0.000000
#P-0.500000	-0.500000	-0.410211	0.250000	1.000000	0.000000
#P-0.500000	-0.500000	-0.501368	0.250000	1.000000	0.000000
#P-0.500000	-0.500000	-0.592526	0.250000	1.000000	0.000000
#P-0.500000	-0.500000	-0.683684	0.250000	1.000000	0.000000
#P-0.500000	-0.500000	-0.774842	0.250000	1.000000	0.000000
#P-0.500000	-0.500000	-0.866000	0.250000	1.000000	0.000000
#P-0.500000	-0.500000	-0.866000	0.250000	1.000000	0.000000
#P-0.500000	-0.421053	-0.820421	0.250000	1.000000	0.000000
#P-0.500000	-0.342105	-0.774842	0.250000	1.000000	0.000000
#P-0.500000	-0.263158	-0.729263	0.250000	1.000000	0.000000
#P-0.500000	-0.184211	-0.683684	0.250000	1.000000	0.000000
#P-0.500000	-0.105263	-0.638105	0.250000	1.000000	0.000000
#P-0.500000	-0.026316	-0.592526	0.250000	1.000000	0.000000
#P-0.500000	0.052632	-0.546947	0.250000	1.000000	0.000000
#P-0.500000	0.131579	-0.501368	0.250000	1.000000	0.000000
#P-0.500000	0.210526	-0.455789	0.250000	1.000000	0.000000
#P-0.500000	0.289474	-0.410211	0.250000	1.000000	0.000000
#P-0.500000	0.368421	-0.364632	0.250000	1.000000	0.000000
#P-0.500000	0.447368	-0.319053	0.250000	1.000000	0.000000
#P-0.500000	0.526316	-0.273474	0.250000	1.000000	0.000000
#P-0.500000	0.605263	-0.227895	0.250000	1.000000	0.000000
#P-0.500000	0.684211	-0.182316	0.250000	1.000000	0.000000
#P-0.500000	0.763158	-0.136737	0.250000	1.000000	0.000000
#P-0.500000	0.842105	-0.091158	0.250000	1.000000	0.000000
#P-0.500000	0.921053	-0.045579	0.250000	1.000000	0.000000
#P-0.500000	1.000000	0.000000	0.250000	1.000000	0.000000
#P-0.375000	1.000000	0.000000	0.312500	1.000000	0.000000
#P-0.375000	0.921053	0.045579	0.312500	1.000000	0.000000
#P-0.375000	0.842105	0.091158	0.312500	1.000000	0.000000
#P-0.375000	0.763158	0.136737	0.312500	1.000000	0.000000
#P-0.375000	0.684211	0.182316	0.312500	1.000000	0.000000
#P-0.375000	0.605263	0.227895	0.312500	1.000000	0.000000
#P-0.375000	0.526316	0.273474	0.312500	1.000000	0.000000
#P-0.375000	0.447368	0.319053	0.312500	1.000000	0.000000
#P-0.375000	0.368421	0.364632	0.312500	1.000000	0.000000
#P-0.375000	0.289474	0.410211	0.312500	1.000000	0.000000
#P-0.375000	0.210526	0.455789	0.312500	1.000000	0.000000
#P-0.375000	0.131579	0.501368	0.312500	1.000000	0.000000
#P-0.375000	0.052632	0.546947	0.312500	1.000000	0.000000
#P-0.375000	-0.026316	0.592526	0.312500	1.000000	0.000000
#P-0.375000	-0.105263	0.638105	0.312500	1.000000	0.000000
#P-0.375000	-0.184211	0.683684	0.312500	1.000000	0.000000
#P-0.375000	-0.263158	0.729263	0.312500	1.000000	0.000000
#P-0.375000	-0.342105	0.774842	0.312500	1.000000	0.000000
#P-0.375000	-0.421053	0.820421	0.312500	1.000000	0.000000
#P-0.375000	-0.500000	0.866000	0.312500	1.000000	0.000000
#P-0.375000	-0.500000	0.866000	0.312500	1.000000	0.000000
#P-0.375000	-0.500000	0.774842	0.312500	1.000000	0.000000
#P-0.375000	-0.500000	0.683684	0.312500	1.000000	0.000000
#P-0.375000	-0.500000	0.592526	0.312500	1.000000	0.000000
#P-0.375000	-0.500000	0.501368	0.312500	1.000000	0.000000
#P-0.375000	-0.500000	0.410211	0.312500	1.000000	0.000000
#P-0.375000	-0.500000	0.319053	0.312500	1.000000	0.000000
#P-0.375000	-0.500000	0.227895	0.312500	1.000000	0.000000
#P-0.375000	-0.500000	0.136737	0.312500	1.000000	0.000000
#P-0.375000	-0.500000	0.045579	0.312500	1.000000	0.000000
#P-0.375000	-0.500000	-0.045579	0.312500	1.000000	0.000000
#P-0.375000	-0.500000	-0.136737	0.312500	1.000000	0.000000
#P-0.375000	-0.500000	-0.227895	0.312500	1.000000	0.000000
#P-0.375000	-0.500000	-0.319053	0.312500	1.000000	0.000000
#P-0.375000	-0.500000	-0.410211	0.312500	1.000000	0.000000
#P-0.375000	-0.500000	-0.501368	0.312500	1.000000	0.000000
#P-0.375000	-0.500000	-0.592526	0.312500	1.000000	0.000000
#P-0.375000	-0.500000	-0.683684	0.312500	1.000000	0.000000
#P-0.375000	-0.500000	-0.774842	0.312500	1.000000	0.000000
#P-0.375000	-0.500000	-0.866000	0.312500	1.000000	0.000000
#P-0.375000	-0.500000	-0.866000	0.312500	1.000000	0.000000
#P-0.375000	-0.421053	-0.820421	0.312500	1.000000	0.000000
#P-0.375000	-0.342105	-0.774842	0.312500	1.000000	0.000000
#P-0.375000	-0.263158	-0.729263	0.312500	1.000000	0.000000
#P-0.375000	-0.184211	-0.683684	0.312500	1.000000	0.000000
#P-0.375000	-0.105263	-0.638105	0.312500	1.000000	0.000000
#P-0.375000	-0.026316	-0.592526	0.312500	1.000000	0.000000
#P-0.375000	0.052632	-0.546947	0.312500	1.000000	0.000000
#P-0.375000	0.131579	-0.501368	0.312500	1.000000	0.000000
#P-0.375000	0.210526	-0.455789	0.312500	1.000000	0.000000
#P-0.375000	0.289474	-0.410211	0.312500	1.000000	0.000000
#P-0.375000	0.368421	-0.364632	0.312500	1.000000	0.000000
#P-0.375000	0.447368	-0.319053	0.312500	1.000000	0.000000
#P-0.375000	0.526316	-0.273474	0.312500	1.000000	0.000000
#P-0.375000	0.605263	-0.227895	0.312500	1.000000	0.000000
#P-0.375000	0.684211	-0.182316	0.312500	1.000000	0.000000
#P-0.375000	0.763158	-0.136737	0.312500	1.000000	0.000000
#P-0.375000	0.842105	-0.091158	0.312500	1.000000	0.000000
#P-0.375000	0.921053	-0.045579	0.312500	1.000000	0.000000
#P-0.375000	1.000000	0.000000	0.312500	1.000000	0.000000
#P-0.250000	1.000000	0.000000	0.375000	1.000000	0.000000
#P-0.250000	0.921053	0.045579	0.375000	1.000000	0.000000
#P-0.250000	0.842105	0.091158	0.375000	1.000000	0.000000
#P-0.250000	0.763158	0.136737	0.375000	1.000000	0.000000
#P-0.250000	0.684211	0.182316	0.375000	1.000000	0.000000
#P-0.250000	0.605263	0.227895	0.375000	1.000000	0.000000
#P-0.250000	0.526316	0.273474	0.375000	1.000000	0.000000
#P-0.250000	0.447368	0.319053	0.375000	1.000000	0.000000
#P-0.250000	0.368421	0.364632	0.375000	1.000000	0.000000
#P-0.250000	0.289474	0.410211	0.375000	1.000000	0.000000
#P-0.250000	0.210526	0.455789	0.375000	1.000000	0.000000
#P-0.250000	0.131579	0.501368	0.375000	1.000000	0.000000
#P-0.250000	0.052632	0.546947	0.375000	1.000000	0.000000
#P-0.250000	-0.026316	0.592526	0.375000	1.000000	0.000000
#P-0.250000	-0.105263	0.638105	0.375000	1.000000	0.000000
#P-0.250000	-0.184211	0.683684	0.375000	1.000000	0.000000
#P-0.250000	-0.263158	0.729263	0.375000	1.000000	0.000000
#P-0.250000	-0.342105	0.774842	0.375000	1.000000	0.000000
#P-0.250000	-0.421053	0.820421	0.375000	1.000000	0.000000
#P-0.250000	-0.500000	0.866000	0.375000	1.000000	0.000000
#P-0.250000	-0.500000	0.866000	0.375000	1.000000	0.000000
#P-0.250000	-0.500000	0.774842	0.375000	1.000000	0.000000
#P-0.250000	-0.500000	0.683684	0.375000	1.000000	0.000000
#P-0.250000	-0.500000	0.592526	0.375000	1.000000	0.000000
#P-0.250000	-0.500000	0.501368	0.375000	1.000000	0.000000
#P-0.250000	-0.500000	0.410211	0.375000	1.000000	0.000000
#P-0.250000	-0.500000	0.319053	0.375000	1.000000	0.000000
#P-0.250000	-0.500000	0.227895	0.375000	1.000000	0.000000
#P-0.250000	-0.500000	0.136737	0.375000	1.000000	0.000000
#P-0.250000	-0.500000	0.045579	0.375000	1.000000	0.000000
#P-0.250000	-0.500000	-0.045579	0.375000	1.000000	0.000000
#P-0.250000	-0.500000	-0.136737	0.375000	1.000000	0.000000
#P-0.250000	-0.500000	-0.227895	0.375000	1.000000	0.000000
#P-0.250000	-0.500000	-0.319053	0.375000	1.000000	0.000000
#P-0.250000	-0.500000	-0.410211	0.375000	1.000000	0.000000
#P-0.250000	-0.500000	-0.501368	0.375000	1.000000	0.000000
#P-0.250000	-0.500000	-0.592526	0.375000	1.000000	0.000000
#P-0.250000	-0.500000	-0.683684	0.375000	1.000000	0.000000
#P-0.250000	-0.500000	-0.774842	0.375000	1.000000	0.000000
#P-0.250000	-0.500000	-0.866000	0.375000	1.000000	0.000000
#P-0.250000	-0.500000	-0.866000	0.375000	1.000000	0.000000
#P-0.250000	-0.421053	-0.820421	0.375000	1.000000	0.000000
#P-0.250000	-0.342105	-0.774842	0.375000	1.000000	0.000000
#P-0.250000	-0.263158	-0.729263	0.375000	1.000000	0.000000
#P-0.250000	-0.184211	-0.683684	0.375000	1.000000	0.000000
#P-0.250000	-0.105263	-0.638105	0.375000	1.000000	0.000000
#P-0.250000	-0.026316	-0.592526	0.375000	1.000000	0.000000
#P-0.250000	0.052632	-0.546947	0.375000	1.000000	0.000000
#P-0.250000	0.131579	-0.501368	0.375000	1.000000	0.000000
#P-0.250000	0.210526	-0.455789	0.375000	1.000000	0.000000
#P-0.250000	0.289474	-0.410211	0.375000	1.000000	0.000000
#P-0.250000	0.368421	-0.364632	0.375000	1.000000	0.000000
#P-0.250000	0.447368	-0.319053	0.375000	1.000000	0.000000
#P-0.250000	0.526316	-0.273474	0.375000	1.000000	0.000000
#P-0.250000	0.605263	-0.227895	0.375000	1.000000	0.000000
#P-0.250000	0.684211	-0.182316	0.375000	1.000000	0.000000
#P-0.250000	0.763158	-0.136737	0.375000	1.000000	0.000000
#P-0.250000	0.842105	-0.091158	0.375000	1.000000	0.000000
#P-0.250000	0.921053	-0.045579	0.375000	1.000000	0.000000
#P-0.250000	1.000000	0.000000	0.375000	1.000000	0.000000
#P-0.125000	1.000000	0.000000	0.437500	1.000000	0.000000
#P-0.125000	0.921053	0.045579	0.437500	1.000000	0.000000
#P-0.125000	0.842105	0.091158	0.437500	1.000000	0.000000
#P-0.125000	0.763158	0.136737	0.437500	1.000000	0.000000
#P-0.125000	0.684211	0.182316	0.437500	1.000000	0.000000
#P-0.125000	0.605263	0.227895	0.437500	1.000000	0.000000
#P-0.125000	0.526316	0.273474	0.437500	1.000000	0.000000
#P-0.125000	0.447368	0.319053	0.437500	1.000000	0.000000
#P-0.125000	0.368421	0.364632	0.437500	1.000000	0.000000
#P-0.125000	0.289474	0.410211	0.437500	1.000000	0.000000
#P-0.125000	0.210526	0.455789	0.437500	1.000000	0.000000
#P-0.125000	0.131579	0.501368	0.437500	1.000000	0.000000
#P-0.125000	0.052632	0.546947	0.437500	1.000000	0.000000
#P-0.125000	-0.026316	0.592526	0.437500	1.000000	0.000000
#P-0.125000	-0.105263	0.638105	0.437500	1.000000	0.000000
#P-0.125000	-0.184211	0.683684	0.437500	1.000000	0.000000
#P-0.125000	-0.263158	0.729263	0.437500	1.000000	0.000000
#P-0.125000	-0.342105	0.774842	0.437500	1.000000	0.000000
#P-0.125000	-0.421053	0.820421	0.437500	1.000000	0.000000
#P-0.125000	-0.500000	0.866000	0.437500	1.000000	0.000000
#P-0.125000	-0.500000	0.866000	0.437500	1.000000	0.000000
#P-0.125000	-0.500000	0.774842	0.437500	1.000000	0.000000
#P-0.125000	-0.500000	0.683684	0.437500	1.000000	0.000000
#P-0.125000	-0.500000	0.592526	0.437500	1.000000	0.000000
#P-0.125000	-0.500000	0.501368	0.437500	1.000000	0.000000
#P-0.125000	-0.500000	0.410211	0.437500	1.000000	0.000000
#P-0.125000	-0.500000	0.319053	0.437500	1.000000	0.000000
#P-0.125000	-0.500000	0.227895	0.437500	1.000000	0.000000
#P-0.125000	-0.500000	0.136737	0.437500	1.000000	0.000000
#P-0.125000	-0.500000	0.045579	0.437500	1.000000	0.000000
#P-0.125000	-0.500000	-0.045579	0.437500	1.000000	0.000000
#P-0.125000	-0.500000	-0.136737	0.437500	1.000000	0.000000
#P-0.125000	-0.500000	-0.227895	0.437500	1.000000	0.000000
#P-0.125000	-0.500000	-0.319053	0.437500	1.000000	0.000000
#P-0.125000	-0.500000	-0.410211	0.437500	1.000000	0.000000
#P-0.125000	-0.500000	-0.501368	0.437500	1.000000	0.000000
#P-0.125000	-0.500000	-0.592526	0.437500	1.000000	0.000000
#P-0.125000	-0.500000	-0.683684	0.437500	1.000000	0.000000
#P-0.125000	-0.500000	-0.774842	0.437500	1.000000	0.000000
#P-0.125000	-0.500000	-0.866000	0.437500	1.000000	0.000000
#P-0.125000	-0.500000	-0.866000	0.437500	1.000000	0.000000
#P-0.125000	-0.421053	-0.820421	0.437500	1.000000	0.000000
#P-0.125000	-0.342105	-0.774842	0.437500	1.000000	0.000000
#P-0.125000	-0.263158	-0.729263	0.437500	1.000000	0.000000
#P-0.125000	-0.184211	-0.683684	0.437500	1.000000	0.000000
#P-0.125000	-0.105263	-0.638105	0.437500	1.000000	0.000000
#P-0.125000	-0.026316	-0.592526	0.437500	1.000000	0.000000
#P-0.125000	0.052632	-0.546947	0.437500	1.000000	0.000000
#P-0.125000	0.131579	-0.501368	0.437500	1.000000	0.000000
#P-0.125000	0.210526	-0.455789	0.437500	1.000000	0.000000
#P-0.125000	0.289474	-0.410211	0.437500	1.000000	0.000000
#P-0.125000	0.368421	-0.364632	0.437500	1.000000	0.000000
#P-0.125000	0.447368	-0.319053	0.437500	1.000000	0.000000
#P-0.125000	0.526316	-0.273474	0.437500	1.000000	0.000000
#P-0.125000	0.605263	-0.227895	0.437500	1.000000	0.000000
#P-0.125000	0.684211	-0.182316	0.437500	1.000000	0.000000
#P-0.125000	0.763158	-0.136737	0.437500	1.000000	0.000000
#P-0.125000	0.842105	-0.091158	0.437500	1.000000	0.000000
#P-0.125000	0.921053	-0.045579	0.437500	1.000000	0.000000
#P-0.125000	1.000000	0.000000	0.437500	1.000000	0.000000
#P0.000000	1.000000	0.000000	0.500000	1.000000	0.000000
#P0.000000	0.921053	0.045579	0.500000	1.000000	0.000000
#P0.000000	0.842105	0.091158	0.500000	1.000000	0.000000
#P0.000000	0.763158	0.136737	0.500000	1.000000	0.000000
#P0.000000	0.684211	0.182316	0.500000	1.000000	0.000000
#P0.000000	0.605263	0.227895	0.500000	1.000000	0.000000
#P0.000000	0.526316	0.273474	0.500000	1.000000	0.000000
#P0.000000	0.447368	0.319053	0.500000	1.000000	0.000000
#P0.000000	0.368421	0.364632	0.500000	1.000000	0.000000
#P0.000000	0.289474	0.410211	0.500000	1.000000	0.000000
#P0.000000	0.210526	0.455789	0.500000	1.000000	0.000000
#P0.000000	0.131579	0.501368	0.500000	1.000000	0.000000
#P0.000000	0.052632	0.546947	0.500000	1.000000	0.000000
#P0.000000	-0.026316	0.592526	0.500000	1.000000	0.000000
#P0.000000	-0.105263	0.638105	0.500000	1.000000	0.000000
#P0.000000	-0.184211	0.683684	0.500000	1.000000	0.000000
#P0.000000	-0.263158	0.729263	0.500000	1.000000	0.000000
#P0.000000	-0.342105	0.774842	0.500000	1.000000	0.000000
#P0.000000	-0.421053	0.820421	0.500000	1.000000	0.000000
#P0.000000	-0.500000	0.866000	0.500000	1.000000	0.000000
#P0.000000	-0.500000	0.866000	0.500000	1.000000	0.000000
#P0.000000	-0.500000	0.774842	0.500000	1.000000	0.000000
#P0.000000	-0.500000	0.683684	0.500000	1.000000	0.000000
#P0.000000	-0.500000	0.592526	0.500000	1.000000	0.000000
#P0.000000	-0.500000	0.501368	0.500000	1.000000	0.000000
#P0.000000	-0.500000	0.410211	0.500000	1.000000	0.000000
#P0.000000	-0.500000	0.319053	0.500000	1.000000	0.000000
#P0.000000	-0.500000	0.227895	0.500000	1.000000	0.000000
#P0.000000	-0.500000	0.136737	0.500000	1.000000	0.000000
#P0.000000	-0.500000	0.045579	0.500000	1.000000	0.000000
#P0.000000	-0.500000	-0.045579	0.500000	1.000000	0.000000
#P0.000000	-0.500000	-0.136737	0.500000	1.000000	0.000000
#P0.000000	-0.500000	-0.227895	0.500000	1.000000	0.000000
#P0.000000	-0.500000	-0.319053	0.500000	1.000000	0.000000
#P0.000000	-0.500000	-0.410211	0.500000	1.000000	0.000000
#P0.000000	-0.500000	-0.501368	0.500000	1.000000	0.000000
#P0.000000	-0.500000	-0.592526	0.500000	1.000000	0.000000
#P0.000000	-0.500000	-0.683684	0.500000	1.000000	0.000000
#P0.000000	-0.500000	-0.774842	0.500000	1.000000	0.000000
#P0.000000	-0.500000	-0.866000	0.500000	1.000000	0.000000
#P0.000000	-0.500000	-0.866000	0.500000	1.000000	0.000000
#P0.000000	-0.421053	-0.820421	0.500000	1.000000	0.000000
#P0.000000	-0.342105	-0.774842	0.500000	1.000000	0.000000
#P0.000000	-0.263158	-0.729263	0.500000	1.000000	0.000000
#P0.000000	-0.184211	-0.683684	0.500000	1.000000	0.000000
#P0.000000	-0.105263	-0.638105	0.500000	1.000000	0.000000
#P0.000000	-0.026316	-0.592526	0.500000	1.000000	0.000000
#P0.000000	0.052632	-0.546947	0.500000	1.000000	0.000000
#P0.000000	0.131579	-0.501368	0.500000	1.000000	0.000000
#P0.000000	0.210526	-0.455789	0.500000	1.000000	0.000000
#P0.000000	0.289474	-0.410211	0.500000	1.000000	0.000000
#P0.000000	0.368421	-0.364632	0.500000	1.000000	0.000000
#P0.000000	0.447368	-0.319053	0.500000	1.000000	0.000000
#P0.000000	0.526316	-0.273474	0.500000	1.000000	0.000000
#P0.000000	0.605263	-0.227895	0.500000	1.000000	0.000000
#P0.000000	0.684211	-0.182316	0.500000	1.000000	0.000000
#P0.000000	0.763158	-0.136737	0.500000	1.000000	0.000000
#P0.000000	0.842105	-0.091158	0.500000	1.000000	0.000000
#P0.000000	0.921053	-0.045579	0.500000	1.000000	0.000000
#P0.000000	1.000000	0.000000	0.500000	1.000000	0.000000
#P0.125000	1.000000	0.000000	0.562500	1.000000	0.000000
#P0.125000	0.921053	0.045579	0.562500	1.000000	0.000000
#P0.125000	0.842105	0.091158	0.562500	1.000000	0.000000
#P0.125000	0.763158	0.136737	0.562500	1.000000	0.000000
#P0.125000	0.684211	0.182316	0.562500	1.000000	0.000000
#P0.125000	0.605263	0.227895	0.562500	1.000000	0.000000
#P0.125000	0.526316	0.273474	0.562500	1.000000	0.000000
#P0.125000	0.447368	0.319053	0.562500	1.000000	0.000000
#P0.125000	0.368421	0.364632	0.562500	1.000000	0.000000
#P0.125000	0.289474	0.410211	0.562500	1.000000	0.000000
#P0.125000	0.210526	0.455789	0.562500	1.000000	0.000000
#P0.125000	0.131579	0.501368	0.562500	1.000000	0.000000
#P0.125000	0.052632	0.546947	0.562500	1.000000	0.000000
#P0.125000	-0.026316	0.592526	0.562500	1.000000	0.000000
#P0.125000	-0.105263	0.638105	0.562500	1.000000	0.000000
#P0.125000	-0.184211	0.683684	0.562500	1.000000	0.000000
#P0.125000	-0.263158	0.729263	0.562500	1.000000	0.000000
#P0.125000	-0.342105	0.774842	0.562500	1.000000	0.000000
#P0.125000	-0.421053	0.820421	0.562500	1.000000	0.000000
#P0.125000	-0.500000	0.866000	0.562500	1.000000	0.000000
#P0.125000	-0.500000	0.866000	0.562500	1.000000	0.000000
#P0.125000	-0.500000	0.774842	0.562500	1.000000	0.000000
#P0.125000	-0.500000	0.683684	0.562500	1.000000	0.000000
#P0.125000	-0.500000	0.592526	0.562500	1.000000	0.000000
#P0.125000	-0.500000	0.501368	0.562500	1.000000	0.000000
#P0.125000	-0.500000	0.410211	0.562500	1.000000	0.000000
#P0.125000	-0.500000	0.319053	0.562500	1.000000	0.000000
#P0.125000	-0.500000	0.227895	0.562500	1.000000	0.000000
#P0.125000	-0.500000	0.136737	0.562500	1.000000	0.000000
#P0.125000	-0.500000	0.045579	0.562500	1.000000	0.000000
#P0.125000	-0.500000	-0.045579	0.562500	1.000000	0.000000
#P0.125000	-0.500000	-0.136737	0.562500	1.000000	0.000000
#P0.125000	-0.500000	-0.227895	0.562500	1.000000	0.000000
#P0.125000	-0.500000	-0.319053	0.562500	1.000000	0.000000
#P0.125000	-0.500000	-0.410211	0.562500	1.000000	0.000000
#P0.125000	-0.500000	-0.501368	0.562500	1.000000	0.000000
#P0.125000	-0.500000	-0.592526	0.562500	1.000000	0.000000
#P0.125000	-0.500000	-0.683684	0.562500	1.000000	0.000000
#P0.125000	-0.500000	-0.774842	0.562500	1.000000	0.000000
#P0.125000	-0.500000	-0.866000	0.562500	1.000000	0.000000
#P0.125000	-0.500000	-0.866000	0.562500	1.000000	0.000000
#P0.125000	-0.421053	-0.820421	0.562500	1.000000	0.000000
#P0.125000	-0.342105	-0.774842	0.562500	1.000000	0.000000
#P0.125000	-0.263158	-0.729263	0.562500	1.000000	0.000000
#P0.125000	-0.184211	-0.683684	0.562500	1.000000	0.000000
#P0.125000	-0.105263	-0.638105	0.562500	1.000000	0.000000
#P0.125000	-0.026316	-0.592526	0.562500	1.000000	0.000000
#P0.125000	0.052632	-0.546947	0.562500	1.000000	0.000000
#P0.125000	0.131579	-0.501368	0.562500	1.000000	0.000000
#P0.125000	0.210526	-0.455789	0.562500	1.000000	0.000000
#P0.125000	0.289474	-0.410211	0.562500	1.000000	0.000000
#P0.125000	0.368421	-0.364632	0.562500	1.000000	0.000000
#P0.125000	0.447368	-0.319053	0.562500	1.000000	0.000000
#P0.125000	0.526316	-0.273474	0.562500	1.000000	0.000000
#P0.125000	0.605263	-0.227895	0.562500	1.000000	0.000000
#P0.125000	0.684211	-0.182316	0.562500	1.000000	0.000000
#P0.125000	0.763158	-0.136737	0.562500	1.000000	0.000000
#P0.125000	0.842105	-0.091158	0.562500	1.000000	0.000000
#P0.125000	0.921053	-0.045579	0.562500	1.000000	0.000000
#P0.125000	1.000000	0.000000	0.562500	1.000000	0.000000
#P0.250000	1.000000	0.000000	0.625000	1.000000	0.000000
#P0.250000	0.921053	0.045579	0.625000	1.000000	0.000000
#P0.250000	0.842105	0.091158	0.625000	1.000000	0.000000
#P0.250000	0.763158	0.136737	0.625000	1.000000	0.000000
#P0.250000	0.684211	0.182316	0.625000	1.000000	0.000000
#P0.250000	0.605263	0.227895	0.625000	1.000000	0.000000
#P0.250000	0.526316	0.273474	0.625000	1.000000	0.000000
#P0.250000	0.447368	0.319053	0.625000	1.000000	0.000000
#P0.250000	0.368421	0.364632	0.625000	1.000000	0.000000
#P0.250000	0.289474	0.410211	0.625000	1.000000	0.000000
#P0.250000	0.210526	0.455789	0.625000	1.000000	0.000000
#P0.250000	0.131579	0.501368	0.625000	1.000000	0.000000
#P0.250000	0.052632	0.546947	0.625000	1.000000	0.000000
#P0.250000	-0.026316	0.592526	0.625000	1.000000	0.000000
#P0.250000	-0.105263	0.638105	0.625000	1.000000	0.000000
#P0.250000	-0.184211	0.683684	0.625000	1.000000	0.000000
#P0.250000	-0.263158	0.729263	0.625000	1.000000	0.000000
#P0.250000	-0.342105	0.774842	0.625000	1.000000	0.000000
#P0.250000	-0.421053	0.820421	0.625000	1.000000	0.000000
#P0.250000	-0.500000	0.866000	0.625000	1.000000	0.000000
#P0.250000	-0.500000	0.866000	0.625000	1.000000	0.000000
#P0.250000	-0.500000	0.774842	0.625000	1.000000	0.000000
#P0.250000	-0.500000	0.683684	0.625000	1.000000	0.000000
#P0.250000	-0.500000	0.592526	0.625000	1.000000	0.000000
#P0.250000	-0.500000	0.501368	0.625000	1.000000	0.000000
#P0.250000	-0.500000	0.410211	0.625000	1.000000	0.000000
#P0.250000	-0.500000	0.319053	0.625000	1.000000	0.000000
#P0.250000	-0.500000	0.227895	0.625000	1.000000	0.000000
#P0.250000	-0.500000	0.136737	0.625000	1.000000	0.000000
#P0.250000	-0.500000	0.045579	0.625000	1.000000	0.000000
#P0.250000	-0.500000	-0.045579	0.625000	1.000000	0.000000
#P0.250000	-0.500000	-0.136737	0.625000	1.000000	0.000000
#P0.250000	-0.500000	-0.227895	0.625000	1.000000	0.000000
#P0.250000	-0.500000	-0.319053	0.625000	1.000000	0.000000
#P0.250000	-0.500000	-0.410211	0.625000	1.000000	0.000000
#P0.250000	-0.500000	-0.501368	0.625000	1.000000	0.000000
#P0.250000	-0.500000	-0.592526	0.625000	1.000000	0.000000
#P0.250000	-0.500000	-0.683684	0.625000	1.000000	0.000000
#P0.250000	-0.500000	-0.774842	0.625000	1.000000	0.000000
#P0.250000	-0.500000	-0.866000	0.625000	1.000000	0.000000
#P0.250000	-0.500000	-0.866000	0.625000	1.000000	0.000000
#P0.250000	-0.421053	-0.820421	0.625000	1.000000	0.000000
#P0.250000	-0.342105	-0.774842	0.625000	1.000000	0.000000
#P0.250000	-0.263158	-0.729263	0.625000	1.000000	0.000000
#P0.250000	-0.184211	-0.683684	0.625000	1.000000	0.000000
#P0.250000	-0.105263	-0.638105	0.625000	1.000000	0.000000
#P0.250000	-0.026316	-0.592526	0.625000	1.000000	0.000000
#P0.250000	0.052632	-0.546947	0.625000	1.000000	0.000000
#P0.250000	0.131579	-0.501368	0.625000	1.000000	0.000000
#P0.250000	0.210526	-0.455789	0.625000	1.000000	0.000000
#P0.250000	0.289474	-0.410211	0.625000	1.000000	0.000000
#P0.250000	0.368421	-0.364632	0.625000	1.000000	0.000000
#P0.250000	0.447368	-0.319053	0.625000	1.000000	0.000000
#P0.250000	0.526316	-0.273474	0.625000	1.000000	0.000000
#P0.250000	0.605263	-0.227895	0.625000	1.000000	0.000000
#P0.250000	0.684211	-0.182316	0.625000	1.000000	0.000000
#P0.250000	0.763158	-0.136737	0.625000	1.000000	0.000000
#P0.250000	0.842105	-0.091158	0.625000	1.000000	0.000000
#P0.250000	0.921053	-0.045579	0.625000	1.000000	0.000000
#P0.250000	1.000000	0.000000	0.625000	1.000000	0.000000
#P0.375000	1.000000	0.000000	0.687500	1.000000	0.000000
#P0.375000	0.921053	0.045579	0.687500	1.000000	0.000000
#P0.375000	0.842105	0.091158	0.687500	1.000000	0.000000
#P0.375000	0.763158	0.136737	0.687500	1.000000	0.000000
#P0.375000	0.684211	0.182316	0.687500	1.000000	0.000000
#P0.375000	0.605263	0.227895	0.687500	1.000000	0.000000
#P0.375000	0.526316	0.273474	0.687500	1.000000	0.000000
#P0.375000	0.447368	0.319053	0.687500	1.000000	0.000000
#P0.375000	0.368421	0.364632	0.687500	1.000000	0.000000
#P0.375000	0.289474	0.410211	0.687500	1.000000	0.000000
#P0.375000	0.210526	0.455789	0.687500	1.000000	0.000000
#P0.375000	0.131579	0.501368	0.687500	1.000000	0.000000
#P0.375000	0.052632	0.546947	0.687500	1.000000	0.000000
#P0.375000	-0.026316	0.592526	0.687500	1.000000	0.000000
#P0.375000	-0.105263	0.638105	0.687500	1.000000	0.000000
#P0.375000	-0.184211	0.683684	0.687500	1.000000	0.000000
#P0.375000	-0.263158	0.729263	0.687500	1.000000	0.000000
#P0.375000	-0.342105	0.774842	0.687500	1.000000	0.000000
#P0.375000	-0.421053	0.820421	0.687500	1.000000	0.000000
#P0.375000	-0.500000	0.866000	0.687500	1.000000	0.000000
#P0.375000	-0.500000	0.866000	0.687500	1.000000	0.000000
#P0.375000	-0.500000	0.774842	0.687500	1.000000	0.000000
#P0.375000	-0.500000	0.683684	0.687500	1.000000	0.000000
#P0.375000	-0.500000	0.592526	0.687500	1.000000	0.000000
#P0.375000	-0.500000	0.501368	0.687500	1.000000	0.000000
#P0.375000	-0.500000	0.410211	0.687500	1.000000	0.000000
#P0.375000	-0.500000	0.319053	0.687500	1.000000	0.000000
#P0.375000	-0.500000	0.227895	0.687500	1.000000	0.000000
#P0.375000	-0.500000	0.136737	0.687500	1.000000	0.000000
#P0.375000	-0.500000	0.045579	0.687500	1.000000	0.000000
#P0.375000	-0.500000	-0.045579	0.687500	1.000000	0.000000
#P0.375000	-0.500000	-0.136737	0.687500	1.000000	0.000000
#P0.375000	-0.500000	-0.227895	0.687500	1.000000	0.000000
#P0.375000	-0.500000	-0.319053	0.687500	1.000000	0.000000
#P0.375000	-0.500000	-0.410211	0.687500	1.000000	0.000000
#P0.375000	-0.500000	-0.501368	0.687500	1.000000	0.000000
#P0.375000	-0.500000	-0.592526	0.687500	1.000000	0.000000
#P0.375000	-0.500000	-0.683684	0.687500	1.000000	0.000000
#P0.375000	-0.500000	-0.774842	0.687500	1.000000	0.000000
#P0.375000	-0.500000	-0.866000	0.687500	1.000000	0.000000
#P0.375000	-0.500000	-0.866000	0.687500	1.000000	0.000000
#P0.375000	-0.421053	-0.820421	0.687500	1.000000	0.000000
#P0.375000	-0.342105	-0.774842	0.687500	1.000000	0.000000
#P0.375000	-0.263158	-0.729263	0.687500	1.000000	0.000000
#P0.375000	-0.184211	-0.683684	0.687500	1.000000	0.000000
#P0.375000	-0.105263	-0.638105	0.687500	1.000000	0.000000
#P0.375000	-0.026316	-0.592526	0.687500	1.000000	0.000000
#P0.375000	0.052632	-0.546947	0.687500	1.000000	0.000000
#P0.375000	0.131579	-0.501368	0.687500	1.000000	0.000000
#P0.375000	0.210526	-0.455789	0.687500	1.000000	0.000000
#P0.375000	0.289474	-0.410211	0.687500	1.000000	0.000000
#P0.375000	0.368421	-0.364632	0.687500	1.000000	0.000000
#P0.375000	0.447368	-0.319053	0.687500	1.000000	0.000000
#P0.375000	0.526316	-0.273474	0.687500	1.000000	0.000000
#P0.375000	0.605263	-0.227895	0.687500	1.000000	0.000000
#P0.375000	0.684211	-0.182316	0.687500	1.000000	0.000000
#P0.375000	0.763158	-0.136737	0.687500	1.000000	0.000000
#P0.375000	0.842105	-0.091158	0.687500	1.000000	0.000000
#P0.375000	0.921053	-0.045579	0.687500	1.000000	0.000000
#P0.375000	1.000000	0.000000	0.687500	1.000000	0.000000
#P0.500000	1.000000	0.000000	0.750000	1.000000	0.000000
#P0.500000	0.921053	0.045579	0.750000	1.000000	0.000000
#P0.500000	0.842105	0.091158	0.750000	1.000000	0.000000
#P0.500000	0.763158	0.136737	0.750000	1.000000	0.000000
#P0.500000	0.684211	0.182316	0.750000	1.000000	0.000000
#P0.500000	0.605263	0.227895	0.750000	1.000000	0.000000
#P0.500000	0.526316	0.273474	0.750000	1.000000	0.000000
#P0.500000	0.447368	0.319053	0.750000	1.000000	0.000000
#P0.500000	0.368421	0.364632	0.750000	1.000000	0.000000
#P0.500000	0.289474	0.410211	0.750000	1.000000	0.000000
#P0.500000	0.210526	0.455789	0.750000	1.000000	0.000000
#P0.500000	0.131579	0.501368	0.750000	1.000000	0.000000
#P0.500000	0.052632	0.546947	0.750000	1.000000	0.000000
#P0.500000	-0.026316	0.592526	0.750000	1.000000	0.000000
#P0.500000	-0.105263	0.638105	0.750000	1.000000	0.000000
#P0.500000	-0.184211	0.683684	0.750000	1.000000	0.000000
#P0.500000	-0.263158	0.729263	0.750000	1.000000	0.000000
#P0.500000	-0.342105	0.774842	0.750000	1.000000	0.000000
#P0.500000	-0.421053	0.820421	0.750000	1.000000	0.000000
#P0.500000	-0.500000	0.866000	0.750000	1.000000	0.000000
#P0.500000	-0.500000	0.866000	0.750000	1.000000	0.000000
#P0.500000	-0.500000	0.774842	0.750000	1.000000	0.000000
#P0.500000	-0.500000	0.683684	0.750000	1.000000	0.000000
#P0.500000	-0.500000	0.592526	0.750000	1.000000	0.000000
#P0.500000	-0.500000	0.501368	0.750000	1.000000	0.000000
#P0.500000	-0.500000	0.410211	0.750000	1.000000	0.000000
#P0.500000	-0.500000	0.319053	0.750000	1.000000	0.000000
#P0.500000	-0.500000	0.227895	0.750000	1.000000	0.000000
#P0.500000	-0.500000	0.136737	0.750000	1.000000	0.000000
#P0.500000	-0.500000	0.045579	0.750000	1.000000	0.000000
#P0.500000	-0.500000	-0.045579	0.750000	1.000000	0.000000
#P0.500000	-0.500000	-0.136737	0.750000	1.000000	0.000000
#P0.500000	-0.500000	-0.227895	0.750000	1.000000	0.000000
#P0.500000	-0.500000	-0.319053	0.750000	1.000000	0.000000
#P0.500000	-0.500000	-0.410211	0.750000	1.000000	0.000000
#P0.500000	-0.500000	-0.501368	0.750000	1.000000	0.000000
#P0.500000	-0.500000	-0.592526	0.750000	1.000000	0.000000
#P0.500000	-0.500000	-0.683684	0.750000	1.000000	0.000000
#P0.500000	-0.500000	-0.774842	0.750000	1.000000	0.000000
#P0.500000	-0.500000	-0.866000	0.750000	1.000000	0.000000
#P0.500000	-0.500000	-0.866000	0.750000	1.000000	0.000000
#P0.500000	-0.421053	-0.820421	0.750000	1.000000	0.000000
#P0.500000	-0.342105	-0.774842	0.750000	1.000000	0.000000
#P0.500000	-0.263158	-0.729263	0.750000	1.000000	0.000000
#P0.500000	-0.184211	-0.683684	0.750000	1.000000	0.000000
#P0.500000	-0.105263	-0.638105	0.750000	1.000000	0.000000
#P0.500000	-0.026316	-0.592526	0.750000	1.000000	0.000000
#P0.500000	0.052632	-0.546947	0.750000	1.000000	0.000000
#P0.500000	0.131579	-0.501368	0.750000	1.000000	0.000000
#P0.500000	0.210526	-0.455789	0.750000	1.000000	0.000000
#P0.500000	0.289474	-0.410211	0.750000	1.000000	0.000000
#P0.500000	0.368421	-0.364632	0.750000	1.000000	0.000000
#P0.500000	0.447368	-0.319053	0.750000	1.000000	0.000000
#P0.500000	0.526316	-0.273474	0.750000	1.000000	0.000000
#P0.500000	0.605263	-0.227895	0.750000	1.000000	0.000000
#P0.500000	0.684211	-0.182316	0.750000	1.000000	0.000000
#P0.500000	0.763158	-0.136737	0.750000	1.000000	0.000000
#P0.500000	0.842105	-0.091158	0.750000	1.000000	0.000000
#P0.500000	0.921053	-0.045579	0.750000	1.000000	0.000000
#P0.500000	1.000000	0.000000	0.750000	1.000000	0.000000
#P0.625000	1.000000	0.000000	0.812500	1.000000	0.000000
#P0.625000	0.921053	0.045579	0.812500	1.000000	0.000000
#P0.625000	0.842105	0.091158	0.812500	1.000000	0.000000
#P0.625000	0.763158	0.136737	0.812500	1.000000	0.000000
#P0.625000	0.684211	0.182316	0.812500	1.000000	0.000000
#P0.625000	0.605263	0.227895	0.812500	1.000000	0.000000
#P0.625000	0.526316	0.273474	0.812500	1.000000	0.000000
#P0.625000	0.447368	0.319053	0.812500	1.000000	0.000000
#P0.625000	0.368421	0.364632	0.812500	1.000000	0.000000
#P0.625000	0.289474	0.410211	0.812500	1.000000	0.000000
#P0.625000	0.210526	0.455789	0.812500	1.000000	0.000000
#P0.625000	0.131579	0.501368	0.812500	1.000000	0.000000
#P0.625000	0.052632	0.546947	0.812500	1.000000	0.000000
#P0.625000	-0.026316	0.592526	0.812500	1.000000	0.000000
#P0.625000	-0.105263	0.638105	0.812500	1.000000	0.000000
#P0.625000	-0.184211	0.683684	0.812500	1.000000	0.000000
#P0.625000	-0.263158	0.729263	0.812500	1.000000	0.000000
#P0.625000	-0.342105	0.774842	0.812500	1.000000	0.000000
#P0.625000	-0.421053	0.820421	0.812500	1.000000	0.000000
#P0.625000	-0.500000	0.866000	0.812500	1.000000	0.000000
#P0.625000	-0.500000	0.866000	0.812500	1.000000	0.000000
#P0.625000	-0.500000	0.774842	0.812500	1.000000	0.000000
#P0.625000	-0.500000	0.683684	0.812500	1.000000	0.000000
#P0.625000	-0.500000	0.592526	0.812500	1.000000	0.000000
#P0.625000	-0.500000	0.501368	0.812500	1.000000	0.000000
#P0.625000	-0.500000	0.410211	0.812500	1.000000	0.000000
#P0.625000	-0.500000	0.319053	0.812500	1.000000	0.000000
#P0.625000	-0.500000	0.227895	0.812500	1.000000	0.000000
#P0.625000	-0.500000	0.136737	0.812500	1.000000	0.000000
#P0.625000	-0.500000	0.045579	0.812500	1.000000	0.000000
#P0.625000	-0.500000	-0.045579	0.812500	1.000000	0.000000
#P0.625000	-0.500000	-0.136737	0.812500	1.000000	0.000000
#P0.625000	-0.500000	-0.227895	0.812500	1.000000	0.000000
#P0.625000	-0.500000	-0.319053	0.812500	1.000000	0.000000
#P0.625000	-0.500000	-0.410211	0.812500	1.000000	0.000000
#P0.625000	-0.500000	-0.501368	0.812500	1.000000	0.000000
#P0.625000	-0.500000	-0.592526	0.812500	1.000000	0.000000
#P0.625000	-0.500000	-0.683684	0.812500	1.000000	0.000000
#P0.625000	-0.500000	-0.774842	0.812500	1.000000	0.000000
#P0.625000	-0.500000	-0.866000	0.812500	1.000000	0.000000
#P0.625000	-0.500000	-0.866000	0.812500	1.000000	0.000000
#P0.625000	-0.421053	-0.820421	0.812500	1.000000	0.000000
#P0.625000	-0.342105	-0.774842	0.812500	1.000000	0.000000
#P0.625000	-0.263158	-0.729263	0.812500	1.000000	0.000000
#P0.625000	-0.184211	-0.683684	0.812500	1.000000	0.000000
#P0.625000	-0.105263	-0.638105	0.812500	1.000000	0.000000
#P0.625000	-0.026316	-0.592526	0.812500	1.000000	0.000000
#P0.625000	0.052632	-0.546947	0.812500	1.000000	0.000000
#P0.625000	0.131579	-0.501368	0.812500	1.000000	0.000000
#P0.625000	0.210526	-0.455789	0.812500	1.000000	0.000000
#P0.625000	0.289474	-0.410211	0.812500	1.000000	0.000000
#P0.625000	0.368421	-0.364632	0.812500	1.000000	0.000000
#P0.625000	0.447368	-0.319053	0.812500	1.000000	0.000000
#P0.625000	0.526316	-0.273474	0.812500	1.000000	0.000000
#P0.625000	0.605263	-0.227895	0.812500	1.000000	0.000000
#P0.625000	0.684211	-0.182316	0.812500	1.000000	0.000000
#P0.625000	0.763158	-0.136737	0.812500	1.000000	0.000000
#P0.625000	0.842105	-0.091158	0.812500	1.000000	0.000000
#P0.625000	0.921053	-0.045579	0.812500	1.000000	0.000000
#P0.625000	1.000000	0.000000	0.812500	1.000000	0.000000
#P0.750000	1.000000	0.000000	0.875000	1.000000	0.000000
#P0.750000	0.921053	0.045579	0.875000	1.000000	0.000000
#P0.750000	0.842105	0.091158	0.875000	1.000000	0.000000
#P0.750000	0.763158	0.136737	0.875000	1.000000	0.000000
#P0.750000	0.684211	0.182316	0.875000	1.000000	0.000000
#P0.750000	0.605263	0.227895	0.875000	1.000000	0.000000
#P0.750000	0.526316	0.273474	0.875000	1.000000	0.000000
#P0.750000	0.447368	0.319053	0.875000	1.000000	0.000000
#P0.750000	0.368421	0.364632	0.875000	1.000000	0.000000
#P0.750000	0.289474	0.410211	0.875000	1.000000	0.000000
#P0.750000	0.210526	0.455789	0.875000	1.000000	0.000000
#P0.750000	0.131579	0.501368	0.875000	1.000000	0.000000
#P0.750000	0.052632	0.546947	0.875000	1.000000	0.000000
#P0.750000	-0.026316	0.592526	0.875000	1.000000	0.000000
#P0.750000	-0.105263	0.638105	0.875000	1.000000	0.000000
#P0.750000	-0.184211	0.683684	0.875000	1.000000	0.000000
#P0.750000	-0.263158	0.729263	0.875000	1.000000	0.000000
#P0.750000	-0.342105	0.774842	0.875000	1.000000	0.000000
#P0.750000	-0.421053	0.820421	0.875000	1.000000	0.000000
#P0.750000	-0.500000	0.866000	0.875000	1.000000	0.000000
#P0.750000	-0.500000	0.866000	0.875000	1.000000	0.000000
#P0.750000	-0.500000	0.774842	0.875000	1.000000	0.000000
#P0.750000	-0.500000	0.683684	0.875000	1.000000	0.000000
#P0.750000	-0.500000	0.592526	0.875000	1.000000	0.000000
#P0.750000	-0.500000	0.501368	0.875000	1.000000	0.000000
#P0.750000	-0.500000	0.410211	0.875000	1.000000	0.000000
#P0.750000	-0.500000	0.319053	0.875000	1.000000	0.000000
#P0.750000	-0.500000	0.227895	0.875000	1.000000	0.000000
#P0.750000	-0.500000	0.136737	0.875000	1.000000	0.000000
#P0.750000	-0.500000	0.045579	0.875000	1.000000	0.000000
#P0.750000	-0.500000	-0.045579	0.875000	1.000000	0.000000
#P0.750000	-0.500000	-0.136737	0.875000	1.000000	0.000000
#P0.750000	-0.500000	-0.227895	0.875000	1.000000	0.000000
#P0.750000	-0.500000	-0.319053	0.875000	1.000000	0.000000
#P0.750000	-0.500000	-0.410211	0.875000	1.000000	0.000000
#P0.750000	-0.500000	-0.501368	0.875000	1.000000	0.000000
#P0.750000	-0.500000	-0.592526	0.875000	1.000000	0.000000
#P0.750000	-0.500000	-0.683684	0.875000	1.000000	0.000000
#P0.750000	-0.500000	-0.774842	0.875000	1.000000	0.000000
#P0.750000	-0.500000	-0.866000	0.875000	1.000000	0.000000
#P0.750000	-0.500000	-0.866000	0.875000	1.000000	0.000000
#P0.750000	-0.421053	-0.820421	0.875000	1.000000	0.000000
#P0.750000	-0.342105	-0.774842	0.875000	1.000000	0.000000
#P0.750000	-0.263158	-0.729263	0.875000	1.000000	0.000000
#P0.750000	-0.184211	-0.683684	0.875000	1.000000	0.000000
#P0.750000	-0.105263	-0.638105	0.875000	1.000000	0.000000
#P0.750000	-0.026316	-0.592526	0.875000	1.000000	0.000000
#P0.750000	0.052632	-0.546947	0.875000	1.000000	0.000000
#P0.750000	0.131579	-0.501368	0.875000	1.000000	0.000000
#P0.750000	0.210526	-0.455789	0.875000	1.000000	0.000000
#P0.750000	0.289474	-0.410211	0.875000	1.000000	0.000000
#P0.750000	0.368421	-0.364632	0.875000	1.000000	0.000000
#P0.750000	0.447368	-0.319053	0.875000	1.000000	0.000000
#P0.750000	0.526316	-0.273474	0.875000	1.000000	0.000000
#P0.750000	0.605263	-0.227895	0.875000	1.000000	0.000000
#P0.750000	0.684211	-0.182316	0.875000	1.000000	0.000000
#P0.750000	0.763158	-0.136737	0.875000	1.000000	0.000000
#P0.750000	0.842105	-0.091158	0.875000	1.000000	0.000000
#P0.750000	0.921053	-0.045579	0.875000	1.000000	0.000000
#P0.750000	1.000000	0.000000	0.875000	1.000000	0.000000
#P0.875000	1.000000	0.000000	0.937500	1.000000	0.000000
#P0.875000	0.921053	0.045579	0.937500	1.000000	0.000000
#P0.875000	0.842105	0.091158	0.937500	1.000000	0.000000
#P0.875000	0.763158	0.136737	0.937500	1.000000	0.000000
#P0.875000	0.684211	0.182316	0.937500	1.000000	0.000000
#P0.875000	0.605263	0.227895	0.937500	1.000000	0.000000
#P0.875000	0.526316	0.273474	0.937500	1.000000	0.000000
#P0.875000	0.447368	0.319053	0.937500	1.000000	0.000000
#P0.875000	0.368421	0.364632	0.937500	1.000000	0.000000
#P0.875000	0.289474	0.410211	0.937500	1.000000	0.000000
#P0.875000	0.210526	0.455789	0.937500	1.000000	0.000000
#P0.875000	0.131579	0.501368	0.937500	1.000000	0.000000
#P0.875000	0.052632	0.546947	0.937500	1.000000	0.000000
#P0.875000	-0.026316	0.592526	0.937500	1.000000	0.000000
#P0.875000	-0.105263	0.638105	0.937500	1.000000	0.000000
#P0.875000	-0.184211	0.683684	0.937500	1.000000	0.000000
#P0.875000	-0.263158	0.729263	0.937500	1.000000	0.000000
#P0.875000	-0.342105	0.774842	0.937500	1.000000	0.000000
#P0.875000	-0.421053	0.820421	0.937500	1.000000	0.000000
#P0.875000	-0.500000	0.866000	0.937500	1.000000	0.000000
#P0.875000	-0.500000	0.866000	0.937500	1.000000	0.000000
#P0.875000	-0.500000	0.774842	0.937500	1.000000	0.000000
#P0.875000	-0.500000	0.683684	0.937500	1.000000	0.000000
#P0.875000	-0.500000	0.592526	0.937500	1.000000	0.000000
#P0.875000	-0.500000	0.501368	0.937500	1.000000	0.000000
#P0.875000	-0.500000	0.410211	0.937500	1.000000	0.000000
#P0.875000	-0.500000	0.319053	0.937500	1.000000	0.000000
#P0.875000	-0.500000	0.227895	0.937500	1.000000	0.000000
#P0.875000	-0.500000	0.136737	0.937500	1.000000	0.000000
#P0.875000	-0.500000	0.045579	0.937500	1.000000	0.000000
#P0.875000	-0.500000	-0.045579	0.937500	1.000000	0.000000
#P0.875000	-0.500000	-0.136737	0.937500	1.000000	0.000000
#P0.875000	-0.500000	-0.227895	0.937500	1.000000	0.000000
#P0.875000	-0.500000	-0.319053	0.937500	1.000000	0.000000
#P0.875000	-0.500000	-0.410211	0.937500	1.000000	0.000000
#P0.875000	-0.500000	-0.501368	0.937500	1.000000	0.000000
#P0.875000	-0.500000	-0.592526	0.937500	1.000000	0.000000
#P0.875000	-0.500000	-0.683684	0.937500	1.000000	0.000000
#P0.875000	-0.500000	-0.774842	0.937500	1.000000	0.000000
#P0.875000	-0.500000	-0.866000	0.937500	1.000000	0.000000
#P0.875000	-0.500000	-0.866000	0.937500	1.000000	0.000000
#P0.875000	-0.421053	-0.820421	0.937500	1.000000	0.000000
#P0.875000	-0.342105	-0.774842	0.937500	1.000000	0.000000
#P0.875000	-0.263158	-0.729263	0.937500	1.000000	0.000000
#P0.875000	-0.184211	-0.683684	0.937500	1.000000	0.000000
#P0.875000	-0.105263	-0.638105	0.937500	1.000000	0.000000
#P0.875000	-0.026316	-0.592526	0.937500	1.000000	0.000000
#P0.875000	0.052632	-0.546947	0.937500	1.000000	0.000000
#P0.875000	0.131579	-0.501368	0.937500	1.000000	0.000000
#P0.875000	0.210526	-0.455789	0.937500	1.000000	0.000000
#P0.875000	0.289474	-0.410211	0.937500	1.000000	0.000000
#P0.875000	0.368421	-0.364632	0.937500	1.000000	0.000000
#P0.875000	0.447368	-0.319053	0.937500	1.000000	0.000000
#P0.875000	0.526316	-0.273474	0.937500	1.000000	0.000000
#P0.875000	0.605263	-0.227895	0.937500	1.000000	0.000000
#P0.875000	0.684211	-0.182316	0.937500	1.000000	0.000000
#P0.875000	0.763158	-0.136737	0.937500	1.000000	0.000000
#P0.875000	0.842105	-0.091158	0.937500	1.000000	0.000000
#P0.875000	0.921053	-0.045579	0.937500	1.000000	0.000000
#P0.875000	1.000000	0.000000	0.937500	1.000000	0.000000
#P1.000000	1.000000	0.000000	1.000000	1.000000	0.000000
#P1.000000	0.921053	0.045579	1.000000	1.000000	0.000000
#P1.000000	0.842105	0.091158	1.000000	1.000000	0.000000
#P1.000000	0.763158	0.136737	1.000000	1.000000	0.000000
#P1.000000	0.684211	0.182316	1.000000	1.000000	0.000000
#P1.000000	0.605263	0.227895	1.000000	1.000000	0.000000
#P1.000000	0.526316	0.273474	1.000000	1.000000	0.000000
#P1.000000	0.447368	0.319053	1.000000	1.000000	0.000000
#P1.000000	0.368421	0.364632	1.000000	1.000000	0.000000
#P1.000000	0.289474	0.410211	1.000000	1.000000	0.000000
#P1.000000	0.210526	0.455789	1.000000	1.000000	0.000000
#P1.000000	0.131579	0.501368	1.000000	1.000000	0.000000
#P1.000000	0.052632	0.546947	1.000000	1.000000	0.000000
#P1.000000	-0.026316	0.592526	1.000000	1.000000	0.000000
#P1.000000	-0.105263	0.638105	1.000000	1.000000	0.000000
#P1.000000	-0.184211	0.683684	1.000000	1.000000	0.000000
#P1.000000	-0.263158	0.729263	1.000000	1.000000	0.000000
#P1.000000	-0.342105	0.774842	1.000000	1.000000	0.000000
#P1.000000	-0.421053	0.820421	1.000000	1.000000	0.000000
#P1.000000	-0.500000	0.866000	1.000000	1.000000	0.000000
#P1.000000	-0.500000	0.866000	1.000000	1.000000	0.000000
#P1.000000	-0.500000	0.774842	1.000000	1.000000	0.000000
#P1.000000	-0.500000	0.683684	1.000000	1.000000	0.000000
#P1.000000	-0.500000	0.592526	1.000000	1.000000	0.000000
#P1.000000	-0.500000	0.501368	1.000000	1.000000	0.000000
#P1.000000	-0.500000	0.410211	1.000000	1.000000	0.000000
#P1.000000	-0.500000	0.319053	1.000000	1.000000	0.000000
#P1.000000	-0.500000	0.227895	1.000000	1.000000	0.000000
#P1.000000	-0.500000	0.136737	1.000000	1.000000	0.000000
#P1.000000	-0.500000	0.045579	1.000000	1.000000	0.000000
#P1.000000	-0.500000	-0.045579	1.000000	1.000000	0.000000
#P1.000000	-0.500000	-0.136737	1.000000	1.000000	0.000000
#P1.000000	-0.500000	-0.227895	1.000000	1.000000	0.000000
#P1.000000	-0.500000	-0.319053	1.000000	1.000000	0.000000
#P1.000000	-0.500000	-0.410211	1.000000	1.000000	0.000000
#P1.000000	-0.500000	-0.501368	1.000000	1.000000	0.000000
#P1.000000	-0.500000	-0.592526	1.000000	1.000000	0.000000
#P1.000000	-0.500000	-0.683684	1.000000	1.000000	0.000000
#P1.000000	-0.500000	-0.774842	1.000000	1.000000	0.000000
#P1.000000	-0.500000	-0.866000	1.000000	1.000000	0.000000
#P1.000000	-0.500000	-0.866000	1.000000	1.000000	0.000000
#P1.000000	-0.421053	-0.820421	1.000000	1.000000	0.000000
#P1.000000	-0.342105	-0.774842	1.000000	1.000000	0.000000
#P1.000000	-0.263158	-0.729263	1.000000	1.000000	0.000000
#P1.000000	-0.184211	-0.683684	1.000000	1.000000	0.000000
#P1.000000	-0.105263	-0.638105	1.000000	1.000000	0.000000
#P1.000000	-0.026316	-0.592526	1.000000	1.000000	0.000000
#P1.000000	0.052632	-0.546947	1.000000	1.000000	0.000000
#P1.000000	0.131579	-0.501368	1.000000	1.000000	0.000000
#P1.000000	0.210526	-0.455789	1.000000	1.000000	0.000000
#P1.000000	0.289474	-0.410211	1.000000	1.000000	0.000000
#P1.000000	0.368421	-0.364632	1.000000	1.000000	0.000000
#P1.000000	0.447368	-0.319053	1.000000	1.000000	0.000000
#P1.000000	0.526316	-0.273474	1.000000	1.000000	0.000000
#P1.000000	0.605263	-0.227895	1.000000	1.000000	0.000000
#P1.000000	0.684211	-0.182316	1.000000	1.000000	0.000000
#P1.000000	0.763158	-0.136737	1.000000	1.000000	0.000000
#P1.000000	0.842105	-0.091158	1.000000	1.000000	0.000000
#P1.000000	0.921053	-0.045579	1.000000	1.000000	0.000000
#P1.000000	1.000000	0.000000	1.000000	1.000000	0.000000
