#N128
#P1.000000	0.000000	0.000000	0.500000	0.500000	0.500000
#P0.998776	0.000000	0.049454	0.500000	0.500000	0.500000
#P0.995109	0.000000	0.098786	0.500000	0.500000	0.500000
#P0.989006	0.000000	0.147877	0.500000	0.500000	0.500000
#P0.980482	0.000000	0.196606	0.500000	0.500000	0.500000
#P0.969560	0.000000	0.244854	0.500000	0.500000	0.500000
#P0.956265	0.000000	0.292503	0.500000	0.500000	0.500000
#P0.940629	0.000000	0.339436	0.500000	0.500000	0.500000
#P0.922692	0.000000	0.385538	0.500000	0.500000	0.500000
#P0.902497	0.000000	0.430697	0.500000	0.500000	0.500000
#P0.880093	0.000000	0.474802	0.500000	0.500000	0.500000
#P0.855535	0.000000	0.517745	0.500000	0.500000	0.500000
#P0.828884	0.000000	0.559421	0.500000	0.500000	0.500000
#P0.800204	0.000000	0.599728	0.500000	0.500000	0.500000
#P0.769566	0.000000	0.638567	0.500000	0.500000	0.500000
#P0.737045	0.000000	0.675843	0.500000	0.500000	0.500000
#P0.702720	0.000000	0.711466	0.500000	0.500000	0.500000
#P0.666676	0.000000	0.745348	0.500000	0.500000	0.500000
#P0.629000	0.000000	0.777405	0.500000	0.500000	0.500000
#P0.589785	0.000000	0.807561	0.500000	0.500000	0.500000
#P0.549126	0.000000	0.835739	0.500000	0.500000	0.500000
#P0.507124	0.000000	0.861873	0.500000	0.500000	0.500000
#P0.463881	0.000000	0.885898	0.500000	0.500000	0.500000
#P0.419502	0.000000	0.907754	0.500000	0.500000	0.500000
#P0.374097	0.000000	0.927390	0.500000	0.500000	0.500000
#P0.327776	0.000000	0.944755	0.500000	0.500000	0.500000
#P0.280654	0.000000	0.959809	0.500000	0.500000	0.500000
#P0.232844	0.000000	0.972514	0.500000	0.500000	0.500000
#P0.184465	0.000000	0.982839	0.500000	0.500000	0.500000
#P0.135634	0.000000	0.990759	0.500000	0.500000	0.500000
#P0.086471	0.000000	0.996254	0.500000	0.500000	0.500000
#P0.037097	0.000000	0.999312	0.500000	0.500000	0.500000
#P-0.012368	0.000000	0.999924	0.500000	0.500000	0.500000
#P-0.061803	0.000000	0.998088	0.500000	0.500000	0.500000
#P-0.111087	0.000000	0.993811	0.500000	0.500000	0.500000
#P-0.160098	0.000000	0.987101	0.500000	0.500000	0.500000
#P-0.208718	0.000000	0.977976	0.500000	0.500000	0.500000
#P-0.256827	0.000000	0.966457	0.500000	0.500000	0.500000
#P-0.304308	0.000000	0.952574	0.500000	0.500000	0.500000
#P-0.351044	0.000000	0.936359	0.500000	0.500000	0.500000
#P-0.396921	0.000000	0.917853	0.500000	0.500000	0.500000
#P-0.441826	0.000000	0.897101	0.500000	0.500000	0.500000
#P-0.485651	0.000000	0.874153	0.500000	0.500000	0.500000
#P-0.528287	0.000000	0.849066	0.500000	0.500000	0.500000
#P-0.569630	0.000000	0.821901	0.500000	0.500000	0.500000
#P-0.609579	0.000000	0.792725	0.500000	0.500000	0.500000
#P-0.648036	0.000000	0.761610	0.500000	0.500000	0.500000
#P-0.684908	0.000000	0.728630	0.500000	0.500000	0.500000
#P-0.720103	0.000000	0.693867	0.500000	0.500000	0.500000
#P-0.753536	0.000000	0.657406	0.500000	0.500000	0.500000
#P-0.785125	0.000000	0.619337	0.500000	0.500000	0.500000
#P-0.814793	0.000000	0.579752	0.500000	0.500000	0.500000
#P-0.842467	0.000000	0.538748	0.500000	0.500000	0.500000
#P-0.868079	0.000000	0.496425	0.500000	0.500000	0.500000
#P-0.891567	0.000000	0.452888	0.500000	0.500000	0.500000
#P-0.912873	0.000000	0.408243	0.500000	0.500000	0.500000
#P-0.931946	0.000000	0.362598	0.500000	0.500000	0.500000
#P-0.948737	0.000000	0.316066	0.500000	0.500000	0.500000
#P-0.963207	0.000000	0.268761	0.500000	0.500000	0.500000
#P-0.975320	0.000000	0.220798	0.500000	0.500000	0.500000
#P-0.985045	0.000000	0.172295	0.500000	0.500000	0.500000
#P-0.992361	0.000000	0.123370	0.500000	0.500000	0.500000
#P-0.997248	0.000000	0.074143	0.500000	0.500000	0.500000
#P-0.999694	0.000000	0.024734	0.500000	0.500000	0.500000
#P-0.999694	0.000000	-0.024734	0.500000	0.500000	0.500000
#P-0.997248	0.000000	-0.074143	0.500000	0.500000	0.500000
#P-0.992361	0.000000	-0.123370	0.500000	0.500000	0.500000
#P-0.985045	0.000000	-0.172295	0.500000	0.500000	0.500000
#P-0.975320	0.000000	-0.220798	0.500000	0.500000	0.500000
#P-0.963207	0.000000	-0.268761	0.500000	0.500000	0.500000
#P-0.948737	0.000000	-0.316066	0.500000	0.500000	0.500000
#P-0.931946	0.000000	-0.362598	0.500000	0.500000	0.500000
#P-0.912873	0.000000	-0.408243	0.500000	0.500000	0.500000
#P-0.891567	0.000000	-0.452888	0.500000	0.500000	0.500000
#P-0.868079	0.000000	-0.496425	0.500000	0.500000	0.500000
#P-0.842467	0.000000	-0.538748	0.500000	0.500000	0.500000
#P-0.814793	0.000000	-0.579752	0.500000	0.500000	0.500000
#P-0.785125	0.000000	-0.619337	0.500000	0.500000	0.500000
#P-0.753536	0.000000	-0.657406	0.500000	0.500000	0.500000
#P-0.720103	0.000000	-0.693867	0.500000	0.500000	0.500000
#P-0.684908	0.000000	-0.728630	0.500000	0.500000	0.500000
#P-0.648036	0.000000	-0.761610	0.500000	0.500000	0.500000
#P-0.609579	0.000000	-0.792725	0.500000	0.500000	0.500000
#P-0.569630	0.000000	-0.821901	0.500000	0.500000	0.500000
#P-0.528287	0.000000	-0.849066	0.500000	0.500000	0.500000
#P-0.485651	0.000000	-0.874153	0.500000	0.500000	0.500000
#P-0.441826	0.000000	-0.897101	0.500000	0.500000	0.500000
#P-0.396921	0.000000	-0.917853	0.500000	0.500000	0.500000
#P-0.351044	0.000000	-0.936359	0.500000	0.500000	0.500000
#P-0.304308	0.000000	-0.952574	0.500000	0.500000	0.500000
#P-0.256827	0.000000	-0.966457	0.500000	0.500000	0.500000
#P-0.208718	0.000000	-0.977976	0.500000	0.500000	0.500000
#P-0.160098	0.000000	-0.987101	0.500000	0.500000	0.500000
#P-0.111087	0.000000	-0.993811	0.500000	0.500000	0.500000
#P-0.061803	0.000000	-0.998088	0.500000	0.500000	0.500000
#P-0.012368	0.000000	-0.999924	0.500000	0.500000	0.500000
#P0.037097	0.000000	-0.999312	0.500000	0.500000	0.500000
#P0.086471	0.000000	-0.996254	0.500000	0.500000	0.500000
#P0.135634	0.000000	-0.990759	0.500000	0.500000	0.500000
#P0.184465	0.000000	-0.982839	0.500000	0.500000	0.500000
#P0.232844	0.000000	-0.972514	0.500000	0.500000	0.500000
#P0.280654	0.000000	-0.959809	0.500000	0.500000	0.500000
#P0.327776	0.000000	-0.944755	0.500000	0.500000	0.500000
#P0.374097	0.000000	-0.927390	0.500000	0.500000	0.500000
#P0.419502	0.000000	-0.907754	0.500000	0.500000	0.500000
#P0.463881	0.000000	-0.885898	0.500000	0.500000	0.500000
#P0.507124	0.000000	-0.861873	0.500000	0.500000	0.500000
#P0.549126	0.000000	-0.835739	0.500000	0.500000	0.500000
#P0.589785	0.000000	-0.807561	0.500000	0.500000	0.500000
#P0.629000	0.000000	-0.777405	0.500000	0.500000	0.500000
#P0.666676	0.000000	-0.745348	0.500000	0.500000	0.500000
#P0.702720	0.000000	-0.711466	0.500000	0.500000	0.500000
#P0.737045	0.000000	-0.675843	0.500000	0.500000	0.500000
#P0.769566	0.000000	-0.638567	0.500000	0.500000	0.500000
#P0.800204	0.000000	-0.599728	0.500000	0.500000	0.500000
#P0.828884	0.000000	-0.559421	0.500000	0.500000	0.500000
#P0.855535	0.000000	-0.517745	0.500000	0.500000	0.500000
#P0.880093	0.000000	-0.474802	0.500000	0.500000	0.500000
#P0.902497	0.000000	-0.430697	0.500000	0.500000	0.500000
#P0.922692	0.000000	-0.385538	0.500000	0.500000	0.500000
#P0.940629	0.000000	-0.339436	0.500000	0.500000	0.500000
#P0.956265	0.000000	-0.292503	0.500000	0.500000	0.500000
#P0.969560	0.000000	-0.244854	0.500000	0.500000	0.500000
#P0.980482	0.000000	-0.196606	0.500000	0.500000	0.500000
#P0.989006	0.000000	-0.147877	0.500000	0.500000	0.500000
#P0.995109	0.000000	-0.098786	0.500000	0.500000	0.500000
#P0.998776	0.000000	-0.049454	0.500000	0.500000	0.500000
#P1.000000	0.000000	-0.000000	0.500000	0.500000	0.500000
